service_id,date,exception_type
13107258,20200112,1
13107258,20200119,1
13107258,20200126,1
13107258,20200202,1
13107258,20200209,1
13107258,20200301,1
13107258,20200308,1
13107258,20200315,1
13107258,20200322,1
13107258,20200329,1
13107258,20200405,1
13107258,20200426,1
13107258,20200503,1
13107258,20200510,1
13107258,20200517,1
13107249,20191125,1
13107249,20191202,1
13107249,20191209,1
13107249,20191216,1
13107259,20191222,1
13107259,20191229,1
13107256,20200103,1
13107256,20200104,1
13107256,20200211,1
13107256,20200212,1
13107256,20200213,1
13107256,20200214,1
13107256,20200215,1
13107256,20200218,1
13107256,20200219,1
13107256,20200220,1
13107256,20200221,1
13107256,20200222,1
13107256,20200407,1
13107256,20200408,1
13107256,20200409,1
13107256,20200410,1
13107256,20200411,1
13107256,20200415,1
13107256,20200416,1
13107256,20200417,1
13107256,20200418,1
13107257,20191124,1
13107257,20191201,1
13107257,20191208,1
13107257,20191215,1
3107250,20200112,1
3107250,20200119,1
3107250,20200126,1
3107250,20200202,1
3107250,20200301,1
3107250,20200308,1
3107250,20200315,1
3107250,20200322,1
3107250,20200329,1
3107250,20200426,1
3107250,20200501,1
3107250,20200503,1
3107250,20200508,1
3107250,20200510,1
3107250,20200517,1
3107251,20191222,1
3107251,20191225,1
3107251,20191229,1
3107260,20200104,1
3107260,20200215,1
3107260,20200222,1
3107260,20200411,1
3107260,20200418,1
3107252,20200101,1
3107252,20200105,1
3107252,20200209,1
3107252,20200216,1
3107252,20200223,1
3107252,20200405,1
3107252,20200412,1
3107252,20200413,1
3107252,20200419,1
3107253,20191122,1
3107253,20191125,1
3107253,20191126,1
3107253,20191127,1
3107253,20191128,1
3107253,20191129,1
3107253,20191202,1
3107253,20191203,1
3107253,20191204,1
3107253,20191205,1
3107253,20191206,1
3107253,20191209,1
3107253,20191210,1
3107253,20191211,1
3107253,20191212,1
3107253,20191213,1
3107253,20191216,1
3107253,20191217,1
3107253,20191218,1
3107253,20191219,1
3107253,20191220,1
3107254,20200106,1
3107254,20200107,1
3107254,20200108,1
3107254,20200109,1
3107254,20200110,1
3107254,20200113,1
3107254,20200114,1
3107254,20200115,1
3107254,20200116,1
3107254,20200117,1
3107254,20200120,1
3107254,20200121,1
3107254,20200122,1
3107254,20200123,1
3107254,20200124,1
3107254,20200127,1
3107254,20200128,1
3107254,20200129,1
3107254,20200130,1
3107254,20200131,1
3107254,20200203,1
3107254,20200204,1
3107254,20200205,1
3107254,20200206,1
3107254,20200207,1
3107254,20200224,1
3107254,20200225,1
3107254,20200226,1
3107254,20200227,1
3107254,20200228,1
3107254,20200302,1
3107254,20200303,1
3107254,20200304,1
3107254,20200305,1
3107254,20200306,1
3107254,20200309,1
3107254,20200310,1
3107254,20200311,1
3107254,20200312,1
3107254,20200313,1
3107254,20200316,1
3107254,20200317,1
3107254,20200318,1
3107254,20200319,1
3107254,20200320,1
3107254,20200323,1
3107254,20200324,1
3107254,20200325,1
3107254,20200326,1
3107254,20200327,1
3107254,20200330,1
3107254,20200331,1
3107254,20200401,1
3107254,20200402,1
3107254,20200403,1
3107254,20200420,1
3107254,20200421,1
3107254,20200422,1
3107254,20200423,1
3107254,20200424,1
3107254,20200427,1
3107254,20200428,1
3107254,20200429,1
3107254,20200430,1
3107254,20200504,1
3107254,20200505,1
3107254,20200506,1
3107254,20200507,1
3107254,20200511,1
3107254,20200512,1
3107254,20200513,1
3107254,20200514,1
3107254,20200515,1
3107254,20200518,1
3107254,20200519,1
3107254,20200520,1
3107255,20191223,1
3107255,20191224,1
3107255,20191226,1
3107255,20191227,1
3107255,20191230,1
3107255,20191231,1
3107256,20200102,1
3107256,20200103,1
3107256,20200210,1
3107256,20200211,1
3107256,20200212,1
3107256,20200213,1
3107256,20200214,1
3107256,20200217,1
3107256,20200218,1
3107256,20200219,1
3107256,20200220,1
3107256,20200221,1
3107256,20200406,1
3107256,20200407,1
3107256,20200408,1
3107256,20200409,1
3107256,20200410,1
3107256,20200414,1
3107256,20200415,1
3107256,20200416,1
3107256,20200417,1
3107257,20191123,1
3107257,20191130,1
3107257,20191207,1
3107257,20191214,1
3107258,20200111,1
3107258,20200118,1
3107258,20200125,1
3107258,20200201,1
3107258,20200208,1
3107258,20200229,1
3107258,20200307,1
3107258,20200314,1
3107258,20200321,1
3107258,20200328,1
3107258,20200404,1
3107258,20200425,1
3107258,20200502,1
3107258,20200509,1
3107258,20200516,1
3107259,20191221,1
3107259,20191228,1
3107249,20191124,1
3107249,20191201,1
3107249,20191208,1
3107249,20191215,1
13107260,20200105,1
13107260,20200216,1
13107260,20200223,1
13107260,20200412,1
13107260,20200419,1
13107251,20191223,1
13107251,20191226,1
13107251,20191230,1
13107250,20200113,1
13107250,20200120,1
13107250,20200127,1
13107250,20200203,1
13107250,20200302,1
13107250,20200309,1
13107250,20200316,1
13107250,20200323,1
13107250,20200330,1
13107250,20200427,1
13107250,20200502,1
13107250,20200504,1
13107250,20200509,1
13107250,20200511,1
13107250,20200518,1
13107255,20191224,1
13107255,20191225,1
13107255,20191227,1
13107255,20191228,1
13107255,20191231,1
13107255,20200101,1
13107254,20200107,1
13107254,20200108,1
13107254,20200109,1
13107254,20200110,1
13107254,20200111,1
13107254,20200114,1
13107254,20200115,1
13107254,20200116,1
13107254,20200117,1
13107254,20200118,1
13107254,20200121,1
13107254,20200122,1
13107254,20200123,1
13107254,20200124,1
13107254,20200125,1
13107254,20200128,1
13107254,20200129,1
13107254,20200130,1
13107254,20200131,1
13107254,20200201,1
13107254,20200204,1
13107254,20200205,1
13107254,20200206,1
13107254,20200207,1
13107254,20200208,1
13107254,20200225,1
13107254,20200226,1
13107254,20200227,1
13107254,20200228,1
13107254,20200229,1
13107254,20200303,1
13107254,20200304,1
13107254,20200305,1
13107254,20200306,1
13107254,20200307,1
13107254,20200310,1
13107254,20200311,1
13107254,20200312,1
13107254,20200313,1
13107254,20200314,1
13107254,20200317,1
13107254,20200318,1
13107254,20200319,1
13107254,20200320,1
13107254,20200321,1
13107254,20200324,1
13107254,20200325,1
13107254,20200326,1
13107254,20200327,1
13107254,20200328,1
13107254,20200331,1
13107254,20200401,1
13107254,20200402,1
13107254,20200403,1
13107254,20200404,1
13107254,20200421,1
13107254,20200422,1
13107254,20200423,1
13107254,20200424,1
13107254,20200425,1
13107254,20200428,1
13107254,20200429,1
13107254,20200430,1
13107254,20200501,1
13107254,20200505,1
13107254,20200506,1
13107254,20200507,1
13107254,20200508,1
13107254,20200512,1
13107254,20200513,1
13107254,20200514,1
13107254,20200515,1
13107254,20200516,1
13107254,20200519,1
13107254,20200520,1
13107254,20200521,1
13107253,20191123,1
13107253,20191126,1
13107253,20191127,1
13107253,20191128,1
13107253,20191129,1
13107253,20191130,1
13107253,20191203,1
13107253,20191204,1
13107253,20191205,1
13107253,20191206,1
13107253,20191207,1
13107253,20191210,1
13107253,20191211,1
13107253,20191212,1
13107253,20191213,1
13107253,20191214,1
13107253,20191217,1
13107253,20191218,1
13107253,20191219,1
13107253,20191220,1
13107253,20191221,1
13107252,20200102,1
13107252,20200106,1
13107252,20200210,1
13107252,20200217,1
13107252,20200224,1
13107252,20200406,1
13107252,20200413,1
13107252,20200414,1
13107252,20200420,1
