route_id,service_id,trip_id,trip_headsign,trip_short_name,direction_id,shape_id
1319357,2991460,1029914601086518,,10,1,
1319357,2991462,1029914621086518,,10,1,
1319357,2991463,1029914631086518,,10,1,
1319357,2991464,1029914641086518,,10,1,
1319357,2991460,1129914601086518,,11,1,
1319357,2991462,1129914621086518,,11,1,
1319357,2991463,1129914631086518,,11,1,
1319357,2991464,1129914641086518,,11,1,
1319357,2991460,1229914601086518,,12,1,
1319357,2991462,1229914621086518,,12,1,
1319357,2991463,1229914631086518,,12,1,
1319357,2991464,1229914641086518,,12,1,
1319357,2991460,129914601086518,,1,1,
1319357,2991462,129914621086518,,1,1,
1319357,2991463,129914631086518,,1,1,
1319357,2991464,129914641086518,,1,1,
1319357,2991460,1329914601086518,,13,1,
1319357,2991462,1329914621086518,,13,1,
1319357,2991463,1329914631086518,,13,1,
1319357,2991464,1329914641086518,,13,1,
1319357,2991460,1429914601086518,,14,1,
1319357,2991462,1429914621086518,,14,1,
1319357,2991463,1429914631086518,,14,1,
1319357,2991464,1429914641086518,,14,1,
1319357,2991460,1529914601086518,,15,1,
1319357,2991462,1529914621086518,,15,1,
1319357,2991463,1529914631086518,,15,1,
1319357,2991464,1529914641086518,,15,1,
1319357,2991460,1629914601086518,,16,1,
1319357,2991462,1629914621086518,,16,1,
1319357,2991463,1629914631086518,,16,1,
1319357,2991464,1629914641086518,,16,1,
1319357,2991460,1729914601086518,,17,1,
1319357,2991462,1729914621086518,,17,1,
1319357,2991463,1729914631086518,,17,1,
1319357,2991464,1729914641086518,,17,1,
1319357,2991460,1829914601086518,,18,1,
1319357,2991462,1829914621086518,,18,1,
1319357,2991463,1829914631086518,,18,1,
1319357,2991464,1829914641086518,,18,1,
1319357,2991460,1929914601086518,,19,1,
1319357,2991462,1929914621086518,,19,1,
1319357,2991463,1929914631086518,,19,1,
1319357,2991464,1929914641086518,,19,1,
1319357,2991460,2029914601086518,,20,1,
1319357,2991462,2029914621086518,,20,1,
1319357,2991463,2029914631086518,,20,1,
1319357,2991464,2029914641086518,,20,1,
1319357,2991460,2129914601086518,,21,1,
1319357,2991462,2129914621086518,,21,1,
1319357,2991463,2129914631086518,,21,1,
1319357,2991464,2129914641086518,,21,1,
1319357,2991460,2229914601086518,,22,1,
1319357,2991462,2229914621086518,,22,1,
1319357,2991463,2229914631086518,,22,1,
1319357,2991464,2229914641086518,,22,1,
1319357,2991460,229914601086518,,2,1,
1319357,2991462,229914621086518,,2,1,
1319357,2991463,229914631086518,,2,1,
1319357,2991464,229914641086518,,2,1,
1319357,2991460,2329914601086518,,23,1,
1319357,2991462,2329914621086518,,23,1,
1319357,2991463,2329914631086518,,23,1,
1319357,2991464,2329914641086518,,23,1,
1319357,2991460,2429914601086518,,24,1,
1319357,2991462,2429914621086518,,24,1,
1319357,2991463,2429914631086518,,24,1,
1319357,2991464,2429914641086518,,24,1,
1319357,2991460,2529914601086518,,25,1,
1319357,2991462,2529914621086518,,25,1,
1319357,2991463,2529914631086518,,25,1,
1319357,2991464,2529914641086518,,25,1,
1319357,2991460,2629914601086518,,26,1,
1319357,2991462,2629914621086518,,26,1,
1319357,2991463,2629914631086518,,26,1,
1319357,2991464,2629914641086518,,26,1,
1319357,2991460,2729914601086518,,27,1,
1319357,2991462,2729914621086518,,27,1,
1319357,2991463,2729914631086518,,27,1,
1319357,2991464,2729914641086518,,27,1,
1319357,2991460,2829914601086518,,28,1,
1319357,2991462,2829914621086518,,28,1,
1319357,2991463,2829914631086518,,28,1,
1319357,2991464,2829914641086518,,28,1,
1319357,2991460,2929914601086518,,29,1,
1319357,2991462,2929914621086518,,29,1,
1319357,2991463,2929914631086518,,29,1,
1319357,2991464,2929914641086518,,29,1,
1319357,2991460,3029914601086518,,30,1,
1319357,2991462,3029914621086518,,30,1,
1319357,2991463,3029914631086518,,30,1,
1319357,2991464,3029914641086518,,30,1,
1319357,2991460,3129914601086518,,31,1,
1319357,2991462,3129914621086518,,31,1,
1319357,2991463,3129914631086518,,31,1,
1319357,2991464,3129914641086518,,31,1,
1319357,2991460,3229914601086518,,32,1,
1319357,2991462,3229914621086518,,32,1,
1319357,2991463,3229914631086518,,32,1,
1319357,2991464,3229914641086518,,32,1,
1319357,2991460,329914601086518,,3,1,
1319357,2991462,329914621086518,,3,1,
1319357,2991463,329914631086518,,3,1,
1319357,2991464,329914641086518,,3,1,
1319357,2991460,3329914601086518,,33,1,
1319357,2991462,3329914621086518,,33,1,
1319357,2991463,3329914631086518,,33,1,
1319357,2991464,3329914641086518,,33,1,
1319357,2991460,3429914601086518,,34,1,
1319357,2991462,3429914621086518,,34,1,
1319357,2991463,3429914631086518,,34,1,
1319357,2991464,3429914641086518,,34,1,
1319357,2991460,3529914601086518,,35,1,
1319357,2991462,3529914621086518,,35,1,
1319357,2991463,3529914631086518,,35,1,
1319357,2991464,3529914641086518,,35,1,
1319357,2991460,3629914601086518,,36,1,
1319357,2991462,3629914621086518,,36,1,
1319357,2991463,3629914631086518,,36,1,
1319357,2991464,3629914641086518,,36,1,
1319357,2991460,3729914601086518,,37,1,
1319357,2991462,3729914621086518,,37,1,
1319357,2991463,3729914631086518,,37,1,
1319357,2991464,3729914641086518,,37,1,
1319357,2991460,3829914601086518,,38,1,
1319357,2991462,3829914621086518,,38,1,
1319357,2991463,3829914631086518,,38,1,
1319357,2991464,3829914641086518,,38,1,
1319357,2991460,3929914601086518,,39,1,
1319357,2991462,3929914621086518,,39,1,
1319357,2991463,3929914631086518,,39,1,
1319357,2991464,3929914641086518,,39,1,
1319357,2991460,4029914601086518,,40,1,
1319357,2991462,4029914621086518,,40,1,
1319357,2991463,4029914631086518,,40,1,
1319357,2991464,4029914641086518,,40,1,
1319357,2991460,4129914601086518,,41,1,
1319357,2991462,4129914621086518,,41,1,
1319357,2991463,4129914631086518,,41,1,
1319357,2991464,4129914641086518,,41,1,
1319357,12991460,4229914601086518,,42,1,
1319357,2991462,4229914621086518,,42,1,
1319357,2991463,4229914631086518,,42,1,
1319357,2991464,4229914641086518,,42,1,
1319357,2991460,429914601086518,,4,1,
1319357,2991462,429914621086518,,4,1,
1319357,2991463,429914631086518,,4,1,
1319357,2991464,429914641086518,,4,1,
1319357,12991460,4329914601086518,,43,1,
1319357,2991462,4329914621086518,,43,1,
1319357,2991463,4329914631086518,,43,1,
1319357,2991464,4329914641086518,,43,1,
1319357,2991462,4429914621086518,,44,1,
1319357,2991463,4429914631086518,,44,1,
1319357,2991464,4429914641086518,,44,1,
1319357,2991462,4529914621086518,,45,1,
1319357,2991463,4529914631086518,,45,1,
1319357,2991464,4529914641086518,,45,1,
1319357,2991462,4629914621086518,,46,1,
1319357,2991463,4629914631086518,,46,1,
1319357,2991464,4629914641086518,,46,1,
1319357,2991462,4729914621086518,,47,1,
1319357,2991463,4729914631086518,,47,1,
1319357,2991464,4729914641086518,,47,1,
1319357,2991462,4829914621086518,,48,1,
1319357,2991463,4829914631086518,,48,1,
1319357,2991464,4829914641086518,,48,1,
1319357,2991462,4929914621086518,,49,1,
1319357,2991463,4929914631086518,,49,1,
1319357,2991464,4929914641086518,,49,1,
1319357,2991462,5029914621086518,,50,1,
1319357,2991463,5029914631086518,,50,1,
1319357,2991464,5029914641086518,,50,1,
1319357,2991462,5129914621086518,,51,1,
1319357,2991463,5129914631086518,,51,1,
1319357,2991464,5129914641086518,,51,1,
1319357,2991462,5229914621086518,,52,1,
1319357,2991463,5229914631086518,,52,1,
1319357,2991464,5229914641086518,,52,1,
1319357,2991460,529914601086518,,5,1,
1319357,2991462,529914621086518,,5,1,
1319357,2991463,529914631086518,,5,1,
1319357,2991464,529914641086518,,5,1,
1319357,2991462,5329914621086518,,53,1,
1319357,2991463,5329914631086518,,53,1,
1319357,2991464,5329914641086518,,53,1,
1319357,2991462,5429914621086518,,54,1,
1319357,2991463,5429914631086518,,54,1,
1319357,2991464,5429914641086518,,54,1,
1319357,2991462,5529914621086518,,55,1,
1319357,2991463,5529914631086518,,55,1,
1319357,12991464,5529914641086518,,55,1,
1319357,2991462,5629914621086518,,56,1,
1319357,2991463,5629914631086518,,56,1,
1319357,12991464,5629914641086518,,56,1,
1319357,2991462,5729914621086518,,57,1,
1319357,2991463,5729914631086518,,57,1,
1319357,2991462,5829914621086518,,58,1,
1319357,2991463,5829914631086518,,58,1,
1319357,2991462,5929914621086518,,59,1,
1319357,2991463,5929914631086518,,59,1,
1319357,2991462,6029914621086518,,60,1,
1319357,2991463,6029914631086518,,60,1,
1319357,2991462,6129914621086518,,61,1,
1319357,2991463,6129914631086518,,61,1,
1319357,2991462,6229914621086518,,62,1,
1319357,2991463,6229914631086518,,62,1,
1319357,2991460,629914601086518,,6,1,
1319357,2991462,629914621086518,,6,1,
1319357,2991463,629914631086518,,6,1,
1319357,2991464,629914641086518,,6,1,
1319357,2991462,6329914621086518,,63,1,
1319357,2991463,6329914631086518,,63,1,
1319357,2991462,6429914621086518,,64,1,
1319357,2991463,6429914631086518,,64,1,
1319357,2991462,6529914621086518,,65,1,
1319357,2991463,6529914631086518,,65,1,
1319357,2991462,6629914621086518,,66,1,
1319357,2991463,6629914631086518,,66,1,
1319357,2991462,6729914621086518,,67,1,
1319357,2991463,6729914631086518,,67,1,
1319357,2991462,6829914621086518,,68,1,
1319357,2991463,6829914631086518,,68,1,
1319357,2991462,6929914621086518,,69,1,
1319357,12991463,6929914631086518,,69,1,
1319357,2991462,7029914621086518,,70,1,
1319357,12991463,7029914631086518,,70,1,
1319357,2991462,7129914621086518,,71,1,
1319357,12991462,7229914621086518,,72,1,
1319357,2991460,729914601086518,,7,1,
1319357,2991462,729914621086518,,7,1,
1319357,2991463,729914631086518,,7,1,
1319357,2991464,729914641086518,,7,1,
1319357,12991462,7329914621086518,,73,1,
1319357,2991460,829914601086518,,8,1,
1319357,2991462,829914621086518,,8,1,
1319357,2991463,829914631086518,,8,1,
1319357,2991464,829914641086518,,8,1,
1319357,2991460,929914601086518,,9,1,
1319357,2991462,929914621086518,,9,1,
1319357,2991463,929914631086518,,9,1,
1319357,2991464,929914641086518,,9,1,
1319358,2991455,1029914551228502,,10,0,
1319358,2991457,1029914571228502,,10,0,
1319358,2991458,1029914581228502,,10,0,
1319358,2991459,1029914591228502,,10,0,
1319358,2991455,1129914551228502,,11,0,
1319358,2991457,1129914571228502,,11,0,
1319358,2991458,1129914581228502,,11,0,
1319358,2991459,1129914591228502,,11,0,
1319358,2991455,1229914551228502,,12,0,
1319358,2991457,1229914571228502,,12,0,
1319358,2991458,1229914581228502,,12,0,
1319358,2991459,1229914591228502,,12,0,
1319358,2991455,129914551228502,,1,0,
1319358,2991457,129914571228502,,1,0,
1319358,2991458,129914581228502,,1,0,
1319358,2991459,129914591228502,,1,0,
1319358,2991455,1329914551228502,,13,0,
1319358,2991457,1329914571228502,,13,0,
1319358,2991458,1329914581228502,,13,0,
1319358,2991459,1329914591228502,,13,0,
1319358,2991455,1429914551228502,,14,0,
1319358,2991457,1429914571228502,,14,0,
1319358,2991458,1429914581228502,,14,0,
1319358,2991459,1429914591228502,,14,0,
1319358,2991455,1529914551228502,,15,0,
1319358,2991457,1529914571228502,,15,0,
1319358,2991458,1529914581228502,,15,0,
1319358,2991459,1529914591228502,,15,0,
1319358,2991455,1629914551228502,,16,0,
1319358,2991457,1629914571228502,,16,0,
1319358,2991458,1629914581228502,,16,0,
1319358,2991459,1629914591228502,,16,0,
1319358,2991455,1729914551228502,,17,0,
1319358,2991457,1729914571228502,,17,0,
1319358,2991458,1729914581228502,,17,0,
1319358,2991459,1729914591228502,,17,0,
1319358,2991455,1829914551228502,,18,0,
1319358,2991457,1829914571228502,,18,0,
1319358,2991458,1829914581228502,,18,0,
1319358,2991459,1829914591228502,,18,0,
1319358,2991455,1929914551228502,,19,0,
1319358,2991457,1929914571228502,,19,0,
1319358,2991458,1929914581228502,,19,0,
1319358,2991459,1929914591228502,,19,0,
1319358,2991455,2029914551228502,,20,0,
1319358,2991457,2029914571228502,,20,0,
1319358,2991458,2029914581228502,,20,0,
1319358,2991459,2029914591228502,,20,0,
1319358,2991455,2129914551228502,,21,0,
1319358,2991457,2129914571228502,,21,0,
1319358,2991458,2129914581228502,,21,0,
1319358,2991459,2129914591228502,,21,0,
1319358,2991455,2229914551228502,,22,0,
1319358,2991457,2229914571228502,,22,0,
1319358,2991458,2229914581228502,,22,0,
1319358,2991459,2229914591228502,,22,0,
1319358,2991455,229914551228502,,2,0,
1319358,2991457,229914571228502,,2,0,
1319358,2991458,229914581228502,,2,0,
1319358,2991459,229914591228502,,2,0,
1319358,2991455,2329914551228502,,23,0,
1319358,2991457,2329914571228502,,23,0,
1319358,2991458,2329914581228502,,23,0,
1319358,2991459,2329914591228502,,23,0,
1319358,2991455,2429914551228502,,24,0,
1319358,2991457,2429914571228502,,24,0,
1319358,2991458,2429914581228502,,24,0,
1319358,2991459,2429914591228502,,24,0,
1319358,2991455,2529914551228502,,25,0,
1319358,2991457,2529914571228502,,25,0,
1319358,2991458,2529914581228502,,25,0,
1319358,2991459,2529914591228502,,25,0,
1319358,2991455,2629914551228502,,26,0,
1319358,2991457,2629914571228502,,26,0,
1319358,2991458,2629914581228502,,26,0,
1319358,2991459,2629914591228502,,26,0,
1319358,2991455,2729914551228502,,27,0,
1319358,2991457,2729914571228502,,27,0,
1319358,2991458,2729914581228502,,27,0,
1319358,2991459,2729914591228502,,27,0,
1319358,2991455,2829914551228502,,28,0,
1319358,2991457,2829914571228502,,28,0,
1319358,2991458,2829914581228502,,28,0,
1319358,2991459,2829914591228502,,28,0,
1319358,2991455,2929914551228502,,29,0,
1319358,2991457,2929914571228502,,29,0,
1319358,2991458,2929914581228502,,29,0,
1319358,2991459,2929914591228502,,29,0,
1319358,2991455,3029914551228502,,30,0,
1319358,2991457,3029914571228502,,30,0,
1319358,2991458,3029914581228502,,30,0,
1319358,2991459,3029914591228502,,30,0,
1319358,2991455,3129914551228502,,31,0,
1319358,2991457,3129914571228502,,31,0,
1319358,2991458,3129914581228502,,31,0,
1319358,2991459,3129914591228502,,31,0,
1319358,2991455,3229914551228502,,32,0,
1319358,2991457,3229914571228502,,32,0,
1319358,2991458,3229914581228502,,32,0,
1319358,2991459,3229914591228502,,32,0,
1319358,2991455,329914551228502,,3,0,
1319358,2991457,329914571228502,,3,0,
1319358,2991458,329914581228502,,3,0,
1319358,2991459,329914591228502,,3,0,
1319358,2991455,3329914551228502,,33,0,
1319358,2991457,3329914571228502,,33,0,
1319358,2991458,3329914581228502,,33,0,
1319358,2991459,3329914591228502,,33,0,
1319358,2991455,3429914551228502,,34,0,
1319358,2991457,3429914571228502,,34,0,
1319358,2991458,3429914581228502,,34,0,
1319358,2991459,3429914591228502,,34,0,
1319358,2991455,3529914551228502,,35,0,
1319358,2991457,3529914571228502,,35,0,
1319358,2991458,3529914581228502,,35,0,
1319358,2991459,3529914591228502,,35,0,
1319358,2991455,3629914551228502,,36,0,
1319358,2991457,3629914571228502,,36,0,
1319358,2991458,3629914581228502,,36,0,
1319358,2991459,3629914591228502,,36,0,
1319358,2991455,3729914551228502,,37,0,
1319358,2991457,3729914571228502,,37,0,
1319358,2991458,3729914581228502,,37,0,
1319358,2991459,3729914591228502,,37,0,
1319358,2991455,3829914551228502,,38,0,
1319358,2991457,3829914571228502,,38,0,
1319358,2991458,3829914581228502,,38,0,
1319358,2991459,3829914591228502,,38,0,
1319358,2991455,3929914551228502,,39,0,
1319358,2991457,3929914571228502,,39,0,
1319358,2991458,3929914581228502,,39,0,
1319358,2991459,3929914591228502,,39,0,
1319358,2991455,4029914551228502,,40,0,
1319358,2991457,4029914571228502,,40,0,
1319358,2991458,4029914581228502,,40,0,
1319358,2991459,4029914591228502,,40,0,
1319358,2991455,4129914551228502,,41,0,
1319358,2991457,4129914571228502,,41,0,
1319358,2991458,4129914581228502,,41,0,
1319358,2991459,4129914591228502,,41,0,
1319358,12991455,4229914551228502,,42,0,
1319358,2991457,4229914571228502,,42,0,
1319358,2991458,4229914581228502,,42,0,
1319358,2991459,4229914591228502,,42,0,
1319358,2991455,429914551228502,,4,0,
1319358,2991457,429914571228502,,4,0,
1319358,2991458,429914581228502,,4,0,
1319358,2991459,429914591228502,,4,0,
1319358,2991457,4329914571228502,,43,0,
1319358,2991458,4329914581228502,,43,0,
1319358,2991459,4329914591228502,,43,0,
1319358,2991457,4429914571228502,,44,0,
1319358,2991458,4429914581228502,,44,0,
1319358,2991459,4429914591228502,,44,0,
1319358,2991457,4529914571228502,,45,0,
1319358,2991458,4529914581228502,,45,0,
1319358,2991459,4529914591228502,,45,0,
1319358,2991457,4629914571228502,,46,0,
1319358,2991458,4629914581228502,,46,0,
1319358,2991459,4629914591228502,,46,0,
1319358,2991457,4729914571228502,,47,0,
1319358,2991458,4729914581228502,,47,0,
1319358,2991459,4729914591228502,,47,0,
1319358,2991457,4829914571228502,,48,0,
1319358,2991458,4829914581228502,,48,0,
1319358,2991459,4829914591228502,,48,0,
1319358,2991457,4929914571228502,,49,0,
1319358,2991458,4929914581228502,,49,0,
1319358,2991459,4929914591228502,,49,0,
1319358,2991457,5029914571228502,,50,0,
1319358,2991458,5029914581228502,,50,0,
1319358,2991459,5029914591228502,,50,0,
1319358,2991457,5129914571228502,,51,0,
1319358,2991458,5129914581228502,,51,0,
1319358,2991459,5129914591228502,,51,0,
1319358,2991457,5229914571228502,,52,0,
1319358,2991458,5229914581228502,,52,0,
1319358,12991459,5229914591228502,,52,0,
1319358,2991455,529914551228502,,5,0,
1319358,2991457,529914571228502,,5,0,
1319358,2991458,529914581228502,,5,0,
1319358,2991459,529914591228502,,5,0,
1319358,2991457,5329914571228502,,53,0,
1319358,2991458,5329914581228502,,53,0,
1319358,2991457,5429914571228502,,54,0,
1319358,2991458,5429914581228502,,54,0,
1319358,2991457,5529914571228502,,55,0,
1319358,2991458,5529914581228502,,55,0,
1319358,2991457,5629914571228502,,56,0,
1319358,2991458,5629914581228502,,56,0,
1319358,2991457,5729914571228502,,57,0,
1319358,2991458,5729914581228502,,57,0,
1319358,2991457,5829914571228502,,58,0,
1319358,2991458,5829914581228502,,58,0,
1319358,2991457,5929914571228502,,59,0,
1319358,2991458,5929914581228502,,59,0,
1319358,2991457,6029914571228502,,60,0,
1319358,2991458,6029914581228502,,60,0,
1319358,2991457,6129914571228502,,61,0,
1319358,2991458,6129914581228502,,61,0,
1319358,2991457,6229914571228502,,62,0,
1319358,2991458,6229914581228502,,62,0,
1319358,2991455,629914551228502,,6,0,
1319358,2991457,629914571228502,,6,0,
1319358,2991458,629914581228502,,6,0,
1319358,2991459,629914591228502,,6,0,
1319358,2991457,6329914571228502,,63,0,
1319358,2991458,6329914581228502,,63,0,
1319358,2991457,6429914571228502,,64,0,
1319358,2991458,6429914581228502,,64,0,
1319358,2991457,6529914571228502,,65,0,
1319358,2991458,6529914581228502,,65,0,
1319358,2991457,6629914571228502,,66,0,
1319358,2991458,6629914581228502,,66,0,
1319358,2991457,6729914571228502,,67,0,
1319358,2991458,6729914581228502,,67,0,
1319358,2991457,6829914571228502,,68,0,
1319358,2991458,6829914581228502,,68,0,
1319358,2991457,6929914571228502,,69,0,
1319358,2991458,6929914581228502,,69,0,
1319358,2991457,7029914571228502,,70,0,
1319358,2991458,7029914581228502,,70,0,
1319358,2991457,7129914571228502,,71,0,
1319358,2991458,7129914581228502,,71,0,
1319358,2991457,7229914571228502,,72,0,
1319358,12991458,7229914581228502,,72,0,
1319358,2991455,729914551228502,,7,0,
1319358,2991457,729914571228502,,7,0,
1319358,2991458,729914581228502,,7,0,
1319358,2991459,729914591228502,,7,0,
1319358,2991457,7329914571228502,,73,0,
1319358,2991457,7429914571228502,,74,0,
1319358,2991457,7529914571228502,,75,0,
1319358,12991457,7629914571228502,,76,0,
1319358,2991455,829914551228502,,8,0,
1319358,2991457,829914571228502,,8,0,
1319358,2991458,829914581228502,,8,0,
1319358,2991459,829914591228502,,8,0,
1319358,2991455,929914551228502,,9,0,
1319358,2991457,929914571228502,,9,0,
1319358,2991458,929914581228502,,9,0,
1319358,2991459,929914591228502,,9,0,
