route_id,service_id,trip_id,trip_headsign,trip_short_name,direction_id,shape_id
2178733,2940382,1029403821217339,,10,0,
2178733,2940384,1029403841217339,,10,0,
2178733,2940385,1029403851217339,,10,0,
2178733,2940388,1029403881217339,,10,0,
2178733,2940389,1029403891217339,,10,0,
2178733,3108351,1031083511217339,,10,0,
2178733,3108352,1031083521217339,,10,0,
2178733,3108353,1031083531217339,,10,0,
2178733,3108354,1031083541217339,,10,0,
2178733,3108355,1031083551217339,,10,0,
2178733,2940382,1129403821217339,,11,0,
2178733,2940384,1129403841217339,,11,0,
2178733,2940385,1129403851217339,,11,0,
2178733,2940388,1129403881217339,,11,0,
2178733,2940389,1129403891217339,,11,0,
2178733,3108351,1131083511217339,,11,0,
2178733,3108352,1131083521217339,,11,0,
2178733,3108353,1131083531217339,,11,0,
2178733,3108354,1131083541217339,,11,0,
2178733,3108355,1131083551217339,,11,0,
2178733,2940382,1229403821217339,,12,0,
2178733,2940384,1229403841217339,,12,0,
2178733,2940385,1229403851217339,,12,0,
2178733,2940388,1229403881217339,,12,0,
2178733,2940389,1229403891217339,,12,0,
2178733,3108351,1231083511217339,,12,0,
2178733,3108352,1231083521217339,,12,0,
2178733,3108353,1231083531217339,,12,0,
2178733,3108354,1231083541217339,,12,0,
2178733,3108355,1231083551217339,,12,0,
2178733,2940382,129403821217339,,1,0,
2178733,2940384,129403841217339,,1,0,
2178733,2940385,129403851217339,,1,0,
2178733,2940388,129403881217339,,1,0,
2178733,2940389,129403891217339,,1,0,
2178733,3108351,131083511217339,,1,0,
2178733,3108352,131083521217339,,1,0,
2178733,3108353,131083531217339,,1,0,
2178733,3108354,131083541217339,,1,0,
2178733,3108355,131083551217339,,1,0,
2178733,2940382,1329403821217339,,13,0,
2178733,2940384,1329403841217339,,13,0,
2178733,2940385,1329403851217339,,13,0,
2178733,2940388,1329403881217339,,13,0,
2178733,2940389,1329403891217339,,13,0,
2178733,3108351,1331083511217339,,13,0,
2178733,3108352,1331083521217339,,13,0,
2178733,3108353,1331083531217339,,13,0,
2178733,3108354,1331083541217339,,13,0,
2178733,3108355,1331083551217339,,13,0,
2178733,2940382,1429403821217339,,14,0,
2178733,2940384,1429403841217339,,14,0,
2178733,2940385,1429403851217339,,14,0,
2178733,2940388,1429403881217339,,14,0,
2178733,2940389,1429403891217339,,14,0,
2178733,3108351,1431083511217339,,14,0,
2178733,3108352,1431083521217339,,14,0,
2178733,3108353,1431083531217339,,14,0,
2178733,3108354,1431083541217339,,14,0,
2178733,3108355,1431083551217339,,14,0,
2178733,2940382,1529403821217339,,15,0,
2178733,2940384,1529403841217339,,15,0,
2178733,2940385,1529403851217339,,15,0,
2178733,2940388,1529403881217339,,15,0,
2178733,2940389,1529403891217339,,15,0,
2178733,3108351,1531083511217339,,15,0,
2178733,3108352,1531083521217339,,15,0,
2178733,3108353,1531083531217339,,15,0,
2178733,3108354,1531083541217339,,15,0,
2178733,3108355,1531083551217339,,15,0,
2178733,2940382,1629403821217339,,16,0,
2178733,2940384,1629403841217339,,16,0,
2178733,2940385,1629403851217339,,16,0,
2178733,2940388,1629403881217339,,16,0,
2178733,2940389,1629403891217339,,16,0,
2178733,3108351,1631083511217339,,16,0,
2178733,3108352,1631083521217339,,16,0,
2178733,3108353,1631083531217339,,16,0,
2178733,3108354,1631083541217339,,16,0,
2178733,3108355,1631083551217339,,16,0,
2178733,2940382,1729403821217339,,17,0,
2178733,2940384,1729403841217339,,17,0,
2178733,2940385,1729403851217339,,17,0,
2178733,2940388,1729403881217339,,17,0,
2178733,2940389,1729403891217339,,17,0,
2178733,3108351,1731083511217339,,17,0,
2178733,3108352,1731083521217339,,17,0,
2178733,3108353,1731083531217339,,17,0,
2178733,3108354,1731083541217339,,17,0,
2178733,3108355,1731083551217339,,17,0,
2178733,2940382,1829403821217339,,18,0,
2178733,2940384,1829403841217339,,18,0,
2178733,2940385,1829403851217339,,18,0,
2178733,2940388,1829403881217339,,18,0,
2178733,2940389,1829403891217339,,18,0,
2178733,3108351,1831083511217339,,18,0,
2178733,3108352,1831083521217339,,18,0,
2178733,3108353,1831083531217339,,18,0,
2178733,3108354,1831083541217339,,18,0,
2178733,3108355,1831083551217339,,18,0,
2178733,2940382,1929403821217339,,19,0,
2178733,2940384,1929403841217339,,19,0,
2178733,2940385,1929403851217339,,19,0,
2178733,2940388,1929403881217339,,19,0,
2178733,2940389,1929403891217339,,19,0,
2178733,3108351,1931083511217339,,19,0,
2178733,3108352,1931083521217339,,19,0,
2178733,3108353,1931083531217339,,19,0,
2178733,3108354,1931083541217339,,19,0,
2178733,3108355,1931083551217339,,19,0,
2178733,2940382,2029403821217339,,20,0,
2178733,2940384,2029403841217339,,20,0,
2178733,2940385,2029403851217339,,20,0,
2178733,2940388,2029403881217339,,20,0,
2178733,2940389,2029403891217339,,20,0,
2178733,3108351,2031083511217339,,20,0,
2178733,3108352,2031083521217339,,20,0,
2178733,3108353,2031083531217339,,20,0,
2178733,3108354,2031083541217339,,20,0,
2178733,3108355,2031083551217339,,20,0,
2178733,2940382,2129403821217339,,21,0,
2178733,2940384,2129403841217339,,21,0,
2178733,2940385,2129403851217339,,21,0,
2178733,2940388,2129403881217339,,21,0,
2178733,2940389,2129403891217339,,21,0,
2178733,3108351,2131083511217339,,21,0,
2178733,3108352,2131083521217339,,21,0,
2178733,3108353,2131083531217339,,21,0,
2178733,3108354,2131083541217339,,21,0,
2178733,3108355,2131083551217339,,21,0,
2178733,2940382,2229403821217339,,22,0,
2178733,2940384,2229403841217339,,22,0,
2178733,2940385,2229403851217339,,22,0,
2178733,2940388,2229403881217339,,22,0,
2178733,2940389,2229403891217339,,22,0,
2178733,3108351,2231083511217339,,22,0,
2178733,3108352,2231083521217339,,22,0,
2178733,3108353,2231083531217339,,22,0,
2178733,3108354,2231083541217339,,22,0,
2178733,3108355,2231083551217339,,22,0,
2178733,2940382,229403821217339,,2,0,
2178733,2940384,229403841217339,,2,0,
2178733,2940385,229403851217339,,2,0,
2178733,2940388,229403881217339,,2,0,
2178733,2940389,229403891217339,,2,0,
2178733,3108351,231083511217339,,2,0,
2178733,3108352,231083521217339,,2,0,
2178733,3108353,231083531217339,,2,0,
2178733,3108354,231083541217339,,2,0,
2178733,3108355,231083551217339,,2,0,
2178733,2940382,2329403821217339,,23,0,
2178733,2940384,2329403841217339,,23,0,
2178733,2940385,2329403851217339,,23,0,
2178733,2940388,2329403881217339,,23,0,
2178733,2940389,2329403891217339,,23,0,
2178733,3108351,2331083511217339,,23,0,
2178733,3108352,2331083521217339,,23,0,
2178733,3108353,2331083531217339,,23,0,
2178733,3108354,2331083541217339,,23,0,
2178733,3108355,2331083551217339,,23,0,
2178733,2940382,2429403821217339,,24,0,
2178733,2940384,2429403841217339,,24,0,
2178733,2940385,2429403851217339,,24,0,
2178733,2940388,2429403881217339,,24,0,
2178733,2940389,2429403891217339,,24,0,
2178733,3108351,2431083511217339,,24,0,
2178733,3108352,2431083521217339,,24,0,
2178733,3108353,2431083531217339,,24,0,
2178733,3108354,2431083541217339,,24,0,
2178733,3108355,2431083551217339,,24,0,
2178733,2940382,2529403821217339,,25,0,
2178733,2940384,2529403841217339,,25,0,
2178733,2940385,2529403851217339,,25,0,
2178733,2940388,2529403881217339,,25,0,
2178733,2940389,2529403891217339,,25,0,
2178733,3108351,2531083511217339,,25,0,
2178733,3108352,2531083521217339,,25,0,
2178733,3108353,2531083531217339,,25,0,
2178733,3108354,2531083541217339,,25,0,
2178733,3108355,2531083551217339,,25,0,
2178733,2940382,2629403821217339,,26,0,
2178733,2940384,2629403841217339,,26,0,
2178733,2940385,2629403851217339,,26,0,
2178733,2940388,2629403881217339,,26,0,
2178733,2940389,2629403891217339,,26,0,
2178733,3108351,2631083511217339,,26,0,
2178733,3108352,2631083521217339,,26,0,
2178733,3108353,2631083531217339,,26,0,
2178733,3108354,2631083541217339,,26,0,
2178733,3108355,2631083551217339,,26,0,
2178733,2940382,2729403821217339,,27,0,
2178733,2940384,2729403841217339,,27,0,
2178733,2940385,2729403851217339,,27,0,
2178733,2940388,2729403881217339,,27,0,
2178733,2940389,2729403891217339,,27,0,
2178733,3108351,2731083511217339,,27,0,
2178733,3108352,2731083521217339,,27,0,
2178733,3108353,2731083531217339,,27,0,
2178733,3108354,2731083541217339,,27,0,
2178733,3108355,2731083551217339,,27,0,
2178733,2940382,2829403821217339,,28,0,
2178733,2940384,2829403841217339,,28,0,
2178733,2940385,2829403851217339,,28,0,
2178733,2940388,2829403881217339,,28,0,
2178733,2940389,2829403891217339,,28,0,
2178733,3108351,2831083511217339,,28,0,
2178733,3108352,2831083521217339,,28,0,
2178733,3108353,2831083531217339,,28,0,
2178733,3108354,2831083541217339,,28,0,
2178733,3108355,2831083551217339,,28,0,
2178733,2940382,2929403821217339,,29,0,
2178733,2940384,2929403841217339,,29,0,
2178733,2940385,2929403851217339,,29,0,
2178733,2940388,2929403881217339,,29,0,
2178733,2940389,2929403891217339,,29,0,
2178733,3108351,2931083511217339,,29,0,
2178733,3108352,2931083521217339,,29,0,
2178733,3108353,2931083531217339,,29,0,
2178733,3108354,2931083541217339,,29,0,
2178733,3108355,2931083551217339,,29,0,
2178733,2940382,3029403821217339,,30,0,
2178733,2940384,3029403841217339,,30,0,
2178733,2940385,3029403851217339,,30,0,
2178733,2940388,3029403881217339,,30,0,
2178733,2940389,3029403891217339,,30,0,
2178733,3108351,3031083511217339,,30,0,
2178733,3108352,3031083521217339,,30,0,
2178733,3108353,3031083531217339,,30,0,
2178733,3108354,3031083541217339,,30,0,
2178733,3108355,3031083551217339,,30,0,
2178733,2940382,3129403821217339,,31,0,
2178733,2940384,3129403841217339,,31,0,
2178733,2940385,3129403851217339,,31,0,
2178733,2940388,3129403881217339,,31,0,
2178733,2940389,3129403891217339,,31,0,
2178733,3108351,3131083511217339,,31,0,
2178733,3108352,3131083521217339,,31,0,
2178733,3108353,3131083531217339,,31,0,
2178733,3108354,3131083541217339,,31,0,
2178733,3108355,3131083551217339,,31,0,
2178733,2940382,3229403821217339,,32,0,
2178733,2940384,3229403841217339,,32,0,
2178733,2940385,3229403851217339,,32,0,
2178733,2940388,3229403881217339,,32,0,
2178733,2940389,3229403891217339,,32,0,
2178733,3108351,3231083511217339,,32,0,
2178733,3108352,3231083521217339,,32,0,
2178733,3108353,3231083531217339,,32,0,
2178733,3108354,3231083541217339,,32,0,
2178733,3108355,3231083551217339,,32,0,
2178733,2940382,329403821217339,,3,0,
2178733,2940384,329403841217339,,3,0,
2178733,2940385,329403851217339,,3,0,
2178733,2940388,329403881217339,,3,0,
2178733,2940389,329403891217339,,3,0,
2178733,3108351,331083511217339,,3,0,
2178733,3108352,331083521217339,,3,0,
2178733,3108353,331083531217339,,3,0,
2178733,3108354,331083541217339,,3,0,
2178733,3108355,331083551217339,,3,0,
2178733,2940382,3329403821217339,,33,0,
2178733,2940384,3329403841217339,,33,0,
2178733,2940385,3329403851217339,,33,0,
2178733,2940388,3329403881217339,,33,0,
2178733,2940389,3329403891217339,,33,0,
2178733,3108351,3331083511217339,,33,0,
2178733,3108352,3331083521217339,,33,0,
2178733,3108353,3331083531217339,,33,0,
2178733,3108354,3331083541217339,,33,0,
2178733,3108355,3331083551217339,,33,0,
2178733,2940382,3429403821217339,,34,0,
2178733,2940384,3429403841217339,,34,0,
2178733,2940385,3429403851217339,,34,0,
2178733,2940388,3429403881217339,,34,0,
2178733,2940389,3429403891217339,,34,0,
2178733,3108351,3431083511217339,,34,0,
2178733,3108352,3431083521217339,,34,0,
2178733,3108353,3431083531217339,,34,0,
2178733,3108354,3431083541217339,,34,0,
2178733,3108355,3431083551217339,,34,0,
2178733,2940382,3529403821217339,,35,0,
2178733,2940384,3529403841217339,,35,0,
2178733,2940385,3529403851217339,,35,0,
2178733,2940388,3529403881217339,,35,0,
2178733,2940389,3529403891217339,,35,0,
2178733,3108351,3531083511217339,,35,0,
2178733,3108352,3531083521217339,,35,0,
2178733,3108353,3531083531217339,,35,0,
2178733,3108354,3531083541217339,,35,0,
2178733,3108355,3531083551217339,,35,0,
2178733,2940382,3629403821217339,,36,0,
2178733,2940384,3629403841217339,,36,0,
2178733,2940385,3629403851217339,,36,0,
2178733,2940388,3629403881217339,,36,0,
2178733,2940389,3629403891217339,,36,0,
2178733,3108351,3631083511217339,,36,0,
2178733,3108352,3631083521217339,,36,0,
2178733,3108353,3631083531217339,,36,0,
2178733,3108354,3631083541217339,,36,0,
2178733,3108355,3631083551217339,,36,0,
2178733,2940382,3729403821217339,,37,0,
2178733,2940384,3729403841217339,,37,0,
2178733,2940385,3729403851217339,,37,0,
2178733,2940388,3729403881217339,,37,0,
2178733,2940389,3729403891217339,,37,0,
2178733,3108351,3731083511217339,,37,0,
2178733,3108352,3731083521217339,,37,0,
2178733,3108353,3731083531217339,,37,0,
2178733,3108354,3731083541217339,,37,0,
2178733,3108355,3731083551217339,,37,0,
2178733,2940382,3829403821217339,,38,0,
2178733,2940384,3829403841217339,,38,0,
2178733,2940385,3829403851217339,,38,0,
2178733,2940388,3829403881217339,,38,0,
2178733,2940389,3829403891217339,,38,0,
2178733,3108351,3831083511217339,,38,0,
2178733,3108352,3831083521217339,,38,0,
2178733,3108353,3831083531217339,,38,0,
2178733,3108354,3831083541217339,,38,0,
2178733,3108355,3831083551217339,,38,0,
2178733,2940382,3929403821217339,,39,0,
2178733,2940384,3929403841217339,,39,0,
2178733,2940385,3929403851217339,,39,0,
2178733,2940388,3929403881217339,,39,0,
2178733,2940389,3929403891217339,,39,0,
2178733,3108351,3931083511217339,,39,0,
2178733,3108352,3931083521217339,,39,0,
2178733,3108353,3931083531217339,,39,0,
2178733,3108354,3931083541217339,,39,0,
2178733,3108355,3931083551217339,,39,0,
2178733,2940382,4029403821217339,,40,0,
2178733,2940384,4029403841217339,,40,0,
2178733,2940385,4029403851217339,,40,0,
2178733,2940388,4029403881217339,,40,0,
2178733,2940389,4029403891217339,,40,0,
2178733,3108351,4031083511217339,,40,0,
2178733,3108352,4031083521217339,,40,0,
2178733,3108353,4031083531217339,,40,0,
2178733,3108354,4031083541217339,,40,0,
2178733,3108355,4031083551217339,,40,0,
2178733,2940382,4129403821217339,,41,0,
2178733,2940384,4129403841217339,,41,0,
2178733,2940385,4129403851217339,,41,0,
2178733,2940388,4129403881217339,,41,0,
2178733,2940389,4129403891217339,,41,0,
2178733,3108351,4131083511217339,,41,0,
2178733,3108352,4131083521217339,,41,0,
2178733,3108353,4131083531217339,,41,0,
2178733,3108354,4131083541217339,,41,0,
2178733,3108355,4131083551217339,,41,0,
2178733,2940382,4229403821217339,,42,0,
2178733,2940384,4229403841217339,,42,0,
2178733,2940385,4229403851217339,,42,0,
2178733,2940388,4229403881217339,,42,0,
2178733,2940389,4229403891217339,,42,0,
2178733,3108351,4231083511217339,,42,0,
2178733,3108352,4231083521217339,,42,0,
2178733,3108353,4231083531217339,,42,0,
2178733,3108354,4231083541217339,,42,0,
2178733,3108355,4231083551217339,,42,0,
2178733,2940382,429403821217339,,4,0,
2178733,2940384,429403841217339,,4,0,
2178733,2940385,429403851217339,,4,0,
2178733,2940388,429403881217339,,4,0,
2178733,2940389,429403891217339,,4,0,
2178733,3108351,431083511217339,,4,0,
2178733,3108352,431083521217339,,4,0,
2178733,3108353,431083531217339,,4,0,
2178733,3108354,431083541217339,,4,0,
2178733,3108355,431083551217339,,4,0,
2178733,2940382,4329403821217339,,43,0,
2178733,2940384,4329403841217339,,43,0,
2178733,2940385,4329403851217339,,43,0,
2178733,2940388,4329403881217339,,43,0,
2178733,2940389,4329403891217339,,43,0,
2178733,3108351,4331083511217339,,43,0,
2178733,3108352,4331083521217339,,43,0,
2178733,3108353,4331083531217339,,43,0,
2178733,3108354,4331083541217339,,43,0,
2178733,3108355,4331083551217339,,43,0,
2178733,2940382,4429403821217339,,44,0,
2178733,2940384,4429403841217339,,44,0,
2178733,2940385,4429403851217339,,44,0,
2178733,2940388,4429403881217339,,44,0,
2178733,2940389,4429403891217339,,44,0,
2178733,3108351,4431083511217339,,44,0,
2178733,3108352,4431083521217339,,44,0,
2178733,3108353,4431083531217339,,44,0,
2178733,3108354,4431083541217339,,44,0,
2178733,3108355,4431083551217339,,44,0,
2178733,2940382,4529403821217339,,45,0,
2178733,2940384,4529403841217339,,45,0,
2178733,2940385,4529403851217339,,45,0,
2178733,2940388,4529403881217339,,45,0,
2178733,2940389,4529403891217339,,45,0,
2178733,3108351,4531083511217339,,45,0,
2178733,3108352,4531083521217339,,45,0,
2178733,3108353,4531083531217339,,45,0,
2178733,3108354,4531083541217339,,45,0,
2178733,3108355,4531083551217339,,45,0,
2178733,2940382,4629403821217339,,46,0,
2178733,2940384,4629403841217339,,46,0,
2178733,2940385,4629403851217339,,46,0,
2178733,2940388,4629403881217339,,46,0,
2178733,2940389,4629403891217339,,46,0,
2178733,3108351,4631083511217339,,46,0,
2178733,3108352,4631083521217339,,46,0,
2178733,3108353,4631083531217339,,46,0,
2178733,3108354,4631083541217339,,46,0,
2178733,3108355,4631083551217339,,46,0,
2178733,2940382,4729403821217339,,47,0,
2178733,2940384,4729403841217339,,47,0,
2178733,2940385,4729403851217339,,47,0,
2178733,2940388,4729403881217339,,47,0,
2178733,2940389,4729403891217339,,47,0,
2178733,3108351,4731083511217339,,47,0,
2178733,3108352,4731083521217339,,47,0,
2178733,3108353,4731083531217339,,47,0,
2178733,3108354,4731083541217339,,47,0,
2178733,3108355,4731083551217339,,47,0,
2178733,2940382,4829403821217339,,48,0,
2178733,2940384,4829403841217339,,48,0,
2178733,2940385,4829403851217339,,48,0,
2178733,2940388,4829403881217339,,48,0,
2178733,2940389,4829403891217339,,48,0,
2178733,3108351,4831083511217339,,48,0,
2178733,3108352,4831083521217339,,48,0,
2178733,3108353,4831083531217339,,48,0,
2178733,3108354,4831083541217339,,48,0,
2178733,3108355,4831083551217339,,48,0,
2178733,2940382,4929403821217339,,49,0,
2178733,2940384,4929403841217339,,49,0,
2178733,2940385,4929403851217339,,49,0,
2178733,2940388,4929403881217339,,49,0,
2178733,2940389,4929403891217339,,49,0,
2178733,3108351,4931083511217339,,49,0,
2178733,3108352,4931083521217339,,49,0,
2178733,3108353,4931083531217339,,49,0,
2178733,3108354,4931083541217339,,49,0,
2178733,3108355,4931083551217339,,49,0,
2178733,2940382,5029403821217339,,50,0,
2178733,2940384,5029403841217339,,50,0,
2178733,2940385,5029403851217339,,50,0,
2178733,2940388,5029403881217339,,50,0,
2178733,2940389,5029403891217339,,50,0,
2178733,3108351,5031083511217339,,50,0,
2178733,3108352,5031083521217339,,50,0,
2178733,3108353,5031083531217339,,50,0,
2178733,3108354,5031083541217339,,50,0,
2178733,3108355,5031083551217339,,50,0,
2178733,2940382,5129403821217339,,51,0,
2178733,2940384,5129403841217339,,51,0,
2178733,2940385,5129403851217339,,51,0,
2178733,2940388,5129403881217339,,51,0,
2178733,2940389,5129403891217339,,51,0,
2178733,3108351,5131083511217339,,51,0,
2178733,3108352,5131083521217339,,51,0,
2178733,3108353,5131083531217339,,51,0,
2178733,3108354,5131083541217339,,51,0,
2178733,3108355,5131083551217339,,51,0,
2178733,2940382,5229403821217339,,52,0,
2178733,2940384,5229403841217339,,52,0,
2178733,2940385,5229403851217339,,52,0,
2178733,2940388,5229403881217339,,52,0,
2178733,2940389,5229403891217339,,52,0,
2178733,3108351,5231083511217339,,52,0,
2178733,3108352,5231083521217339,,52,0,
2178733,3108353,5231083531217339,,52,0,
2178733,3108354,5231083541217339,,52,0,
2178733,3108355,5231083551217339,,52,0,
2178733,2940382,529403821217339,,5,0,
2178733,2940384,529403841217339,,5,0,
2178733,2940385,529403851217339,,5,0,
2178733,2940388,529403881217339,,5,0,
2178733,2940389,529403891217339,,5,0,
2178733,3108351,531083511217339,,5,0,
2178733,3108352,531083521217339,,5,0,
2178733,3108353,531083531217339,,5,0,
2178733,3108354,531083541217339,,5,0,
2178733,3108355,531083551217339,,5,0,
2178733,2940382,5329403821217339,,53,0,
2178733,2940384,5329403841217339,,53,0,
2178733,2940385,5329403851217339,,53,0,
2178733,2940388,5329403881217339,,53,0,
2178733,2940389,5329403891217339,,53,0,
2178733,3108351,5331083511217339,,53,0,
2178733,3108352,5331083521217339,,53,0,
2178733,3108353,5331083531217339,,53,0,
2178733,3108354,5331083541217339,,53,0,
2178733,3108355,5331083551217339,,53,0,
2178733,2940382,5429403821217339,,54,0,
2178733,2940384,5429403841217339,,54,0,
2178733,2940385,5429403851217339,,54,0,
2178733,2940388,5429403881217339,,54,0,
2178733,2940389,5429403891217339,,54,0,
2178733,3108351,5431083511217339,,54,0,
2178733,3108352,5431083521217339,,54,0,
2178733,3108353,5431083531217339,,54,0,
2178733,3108354,5431083541217339,,54,0,
2178733,3108355,5431083551217339,,54,0,
2178733,2940382,5529403821217339,,55,0,
2178733,2940384,5529403841217339,,55,0,
2178733,2940385,5529403851217339,,55,0,
2178733,2940388,5529403881217339,,55,0,
2178733,2940389,5529403891217339,,55,0,
2178733,3108351,5531083511217339,,55,0,
2178733,3108352,5531083521217339,,55,0,
2178733,3108353,5531083531217339,,55,0,
2178733,3108354,5531083541217339,,55,0,
2178733,3108355,5531083551217339,,55,0,
2178733,2940382,5629403821217339,,56,0,
2178733,2940384,5629403841217339,,56,0,
2178733,2940385,5629403851217339,,56,0,
2178733,2940388,5629403881217339,,56,0,
2178733,2940389,5629403891217339,,56,0,
2178733,3108351,5631083511217339,,56,0,
2178733,3108352,5631083521217339,,56,0,
2178733,3108353,5631083531217339,,56,0,
2178733,3108354,5631083541217339,,56,0,
2178733,3108355,5631083551217339,,56,0,
2178733,2940382,5729403821217339,,57,0,
2178733,2940384,5729403841217339,,57,0,
2178733,2940385,5729403851217339,,57,0,
2178733,2940388,5729403881217339,,57,0,
2178733,2940389,5729403891217339,,57,0,
2178733,3108351,5731083511217339,,57,0,
2178733,3108352,5731083521217339,,57,0,
2178733,3108353,5731083531217339,,57,0,
2178733,3108354,5731083541217339,,57,0,
2178733,3108355,5731083551217339,,57,0,
2178733,2940382,5829403821217339,,58,0,
2178733,2940384,5829403841217339,,58,0,
2178733,2940385,5829403851217339,,58,0,
2178733,2940388,5829403881217339,,58,0,
2178733,2940389,5829403891217339,,58,0,
2178733,3108351,5831083511217339,,58,0,
2178733,3108352,5831083521217339,,58,0,
2178733,3108353,5831083531217339,,58,0,
2178733,3108354,5831083541217339,,58,0,
2178733,3108355,5831083551217339,,58,0,
2178733,2940382,5929403821217339,,59,0,
2178733,2940384,5929403841217339,,59,0,
2178733,2940385,5929403851217339,,59,0,
2178733,2940388,5929403881217339,,59,0,
2178733,2940389,5929403891217339,,59,0,
2178733,3108351,5931083511217339,,59,0,
2178733,3108352,5931083521217339,,59,0,
2178733,3108353,5931083531217339,,59,0,
2178733,3108354,5931083541217339,,59,0,
2178733,3108355,5931083551217339,,59,0,
2178733,2940382,6029403821217339,,60,0,
2178733,2940384,6029403841217339,,60,0,
2178733,2940385,6029403851217339,,60,0,
2178733,2940388,6029403881217339,,60,0,
2178733,2940389,6029403891217339,,60,0,
2178733,3108351,6031083511217339,,60,0,
2178733,3108352,6031083521217339,,60,0,
2178733,3108353,6031083531217339,,60,0,
2178733,3108354,6031083541217339,,60,0,
2178733,3108355,6031083551217339,,60,0,
2178733,2940382,6129403821217339,,61,0,
2178733,2940384,6129403841217339,,61,0,
2178733,2940385,6129403851217339,,61,0,
2178733,2940388,6129403881217339,,61,0,
2178733,2940389,6129403891217339,,61,0,
2178733,3108351,6131083511217339,,61,0,
2178733,3108352,6131083521217339,,61,0,
2178733,3108353,6131083531217339,,61,0,
2178733,3108354,6131083541217339,,61,0,
2178733,3108355,6131083551217339,,61,0,
2178733,2940382,6229403821217339,,62,0,
2178733,2940384,6229403841217339,,62,0,
2178733,2940385,6229403851217339,,62,0,
2178733,2940388,6229403881217339,,62,0,
2178733,2940389,6229403891217339,,62,0,
2178733,3108351,6231083511217339,,62,0,
2178733,3108352,6231083521217339,,62,0,
2178733,3108353,6231083531217339,,62,0,
2178733,3108354,6231083541217339,,62,0,
2178733,3108355,6231083551217339,,62,0,
2178733,2940382,629403821217339,,6,0,
2178733,2940384,629403841217339,,6,0,
2178733,2940385,629403851217339,,6,0,
2178733,2940388,629403881217339,,6,0,
2178733,2940389,629403891217339,,6,0,
2178733,3108351,631083511217339,,6,0,
2178733,3108352,631083521217339,,6,0,
2178733,3108353,631083531217339,,6,0,
2178733,3108354,631083541217339,,6,0,
2178733,3108355,631083551217339,,6,0,
2178733,2940382,6329403821217339,,63,0,
2178733,2940384,6329403841217339,,63,0,
2178733,2940385,6329403851217339,,63,0,
2178733,2940388,6329403881217339,,63,0,
2178733,2940389,6329403891217339,,63,0,
2178733,3108351,6331083511217339,,63,0,
2178733,3108352,6331083521217339,,63,0,
2178733,3108353,6331083531217339,,63,0,
2178733,3108354,6331083541217339,,63,0,
2178733,3108355,6331083551217339,,63,0,
2178733,2940382,6429403821217339,,64,0,
2178733,2940384,6429403841217339,,64,0,
2178733,2940385,6429403851217339,,64,0,
2178733,2940388,6429403881217339,,64,0,
2178733,2940389,6429403891217339,,64,0,
2178733,3108351,6431083511217339,,64,0,
2178733,3108352,6431083521217339,,64,0,
2178733,3108353,6431083531217339,,64,0,
2178733,3108354,6431083541217339,,64,0,
2178733,3108355,6431083551217339,,64,0,
2178733,2940382,6529403821217339,,65,0,
2178733,2940384,6529403841217339,,65,0,
2178733,2940385,6529403851217339,,65,0,
2178733,2940388,6529403881217339,,65,0,
2178733,2940389,6529403891217339,,65,0,
2178733,3108351,6531083511217339,,65,0,
2178733,3108352,6531083521217339,,65,0,
2178733,3108353,6531083531217339,,65,0,
2178733,3108354,6531083541217339,,65,0,
2178733,3108355,6531083551217339,,65,0,
2178733,12940382,6629403821217339,,66,0,
2178733,2940384,6629403841217339,,66,0,
2178733,2940385,6629403851217339,,66,0,
2178733,2940388,6629403881217339,,66,0,
2178733,2940389,6629403891217339,,66,0,
2178733,13108351,6631083511217339,,66,0,
2178733,3108352,6631083521217339,,66,0,
2178733,3108353,6631083531217339,,66,0,
2178733,3108354,6631083541217339,,66,0,
2178733,3108355,6631083551217339,,66,0,
2178733,2940384,6729403841217339,,67,0,
2178733,2940385,6729403851217339,,67,0,
2178733,2940388,6729403881217339,,67,0,
2178733,2940389,6729403891217339,,67,0,
2178733,3108352,6731083521217339,,67,0,
2178733,3108353,6731083531217339,,67,0,
2178733,3108354,6731083541217339,,67,0,
2178733,3108355,6731083551217339,,67,0,
2178733,2940384,6829403841217339,,68,0,
2178733,2940385,6829403851217339,,68,0,
2178733,2940388,6829403881217339,,68,0,
2178733,2940389,6829403891217339,,68,0,
2178733,3108352,6831083521217339,,68,0,
2178733,3108353,6831083531217339,,68,0,
2178733,3108354,6831083541217339,,68,0,
2178733,3108355,6831083551217339,,68,0,
2178733,2940384,6929403841217339,,69,0,
2178733,2940385,6929403851217339,,69,0,
2178733,2940388,6929403881217339,,69,0,
2178733,2940389,6929403891217339,,69,0,
2178733,3108352,6931083521217339,,69,0,
2178733,3108353,6931083531217339,,69,0,
2178733,3108354,6931083541217339,,69,0,
2178733,3108355,6931083551217339,,69,0,
2178733,2940384,7029403841217339,,70,0,
2178733,2940385,7029403851217339,,70,0,
2178733,2940388,7029403881217339,,70,0,
2178733,2940389,7029403891217339,,70,0,
2178733,3108352,7031083521217339,,70,0,
2178733,3108353,7031083531217339,,70,0,
2178733,3108354,7031083541217339,,70,0,
2178733,3108355,7031083551217339,,70,0,
2178733,2940384,7129403841217339,,71,0,
2178733,2940385,7129403851217339,,71,0,
2178733,2940388,7129403881217339,,71,0,
2178733,2940389,7129403891217339,,71,0,
2178733,3108352,7131083521217339,,71,0,
2178733,3108353,7131083531217339,,71,0,
2178733,3108354,7131083541217339,,71,0,
2178733,3108355,7131083551217339,,71,0,
2178733,2940384,7229403841217339,,72,0,
2178733,2940385,7229403851217339,,72,0,
2178733,2940388,7229403881217339,,72,0,
2178733,2940389,7229403891217339,,72,0,
2178733,3108352,7231083521217339,,72,0,
2178733,3108353,7231083531217339,,72,0,
2178733,3108354,7231083541217339,,72,0,
2178733,3108355,7231083551217339,,72,0,
2178733,2940382,729403821217339,,7,0,
2178733,2940384,729403841217339,,7,0,
2178733,2940385,729403851217339,,7,0,
2178733,2940388,729403881217339,,7,0,
2178733,2940389,729403891217339,,7,0,
2178733,3108351,731083511217339,,7,0,
2178733,3108352,731083521217339,,7,0,
2178733,3108353,731083531217339,,7,0,
2178733,3108354,731083541217339,,7,0,
2178733,3108355,731083551217339,,7,0,
2178733,2940384,7329403841217339,,73,0,
2178733,2940385,7329403851217339,,73,0,
2178733,2940388,7329403881217339,,73,0,
2178733,2940389,7329403891217339,,73,0,
2178733,3108352,7331083521217339,,73,0,
2178733,3108353,7331083531217339,,73,0,
2178733,3108354,7331083541217339,,73,0,
2178733,3108355,7331083551217339,,73,0,
2178733,2940384,7429403841217339,,74,0,
2178733,2940385,7429403851217339,,74,0,
2178733,2940388,7429403881217339,,74,0,
2178733,2940389,7429403891217339,,74,0,
2178733,3108352,7431083521217339,,74,0,
2178733,3108353,7431083531217339,,74,0,
2178733,3108354,7431083541217339,,74,0,
2178733,3108355,7431083551217339,,74,0,
2178733,2940384,7529403841217339,,75,0,
2178733,2940385,7529403851217339,,75,0,
2178733,2940388,7529403881217339,,75,0,
2178733,2940389,7529403891217339,,75,0,
2178733,3108352,7531083521217339,,75,0,
2178733,3108353,7531083531217339,,75,0,
2178733,3108354,7531083541217339,,75,0,
2178733,3108355,7531083551217339,,75,0,
2178733,2940384,7629403841217339,,76,0,
2178733,2940385,7629403851217339,,76,0,
2178733,2940388,7629403881217339,,76,0,
2178733,2940389,7629403891217339,,76,0,
2178733,3108352,7631083521217339,,76,0,
2178733,3108353,7631083531217339,,76,0,
2178733,3108354,7631083541217339,,76,0,
2178733,3108355,7631083551217339,,76,0,
2178733,2940384,7729403841217339,,77,0,
2178733,2940385,7729403851217339,,77,0,
2178733,2940388,7729403881217339,,77,0,
2178733,2940389,7729403891217339,,77,0,
2178733,3108352,7731083521217339,,77,0,
2178733,3108353,7731083531217339,,77,0,
2178733,3108354,7731083541217339,,77,0,
2178733,3108355,7731083551217339,,77,0,
2178733,2940384,7829403841217339,,78,0,
2178733,2940385,7829403851217339,,78,0,
2178733,2940388,7829403881217339,,78,0,
2178733,2940389,7829403891217339,,78,0,
2178733,3108352,7831083521217339,,78,0,
2178733,3108353,7831083531217339,,78,0,
2178733,3108354,7831083541217339,,78,0,
2178733,3108355,7831083551217339,,78,0,
2178733,2940384,7929403841217339,,79,0,
2178733,2940385,7929403851217339,,79,0,
2178733,2940388,7929403881217339,,79,0,
2178733,2940389,7929403891217339,,79,0,
2178733,3108352,7931083521217339,,79,0,
2178733,3108353,7931083531217339,,79,0,
2178733,3108354,7931083541217339,,79,0,
2178733,3108355,7931083551217339,,79,0,
2178733,2940384,8029403841217339,,80,0,
2178733,2940385,8029403851217339,,80,0,
2178733,2940388,8029403881217339,,80,0,
2178733,2940389,8029403891217339,,80,0,
2178733,3108352,8031083521217339,,80,0,
2178733,3108353,8031083531217339,,80,0,
2178733,3108354,8031083541217339,,80,0,
2178733,3108355,8031083551217339,,80,0,
2178733,2940384,8129403841217339,,81,0,
2178733,2940385,8129403851217339,,81,0,
2178733,2940388,8129403881217339,,81,0,
2178733,2940389,8129403891217339,,81,0,
2178733,3108352,8131083521217339,,81,0,
2178733,3108353,8131083531217339,,81,0,
2178733,3108354,8131083541217339,,81,0,
2178733,3108355,8131083551217339,,81,0,
2178733,2940384,8229403841217339,,82,0,
2178733,2940385,8229403851217339,,82,0,
2178733,2940388,8229403881217339,,82,0,
2178733,2940389,8229403891217339,,82,0,
2178733,3108352,8231083521217339,,82,0,
2178733,3108353,8231083531217339,,82,0,
2178733,3108354,8231083541217339,,82,0,
2178733,3108355,8231083551217339,,82,0,
2178733,2940382,829403821217339,,8,0,
2178733,2940384,829403841217339,,8,0,
2178733,2940385,829403851217339,,8,0,
2178733,2940388,829403881217339,,8,0,
2178733,2940389,829403891217339,,8,0,
2178733,3108351,831083511217339,,8,0,
2178733,3108352,831083521217339,,8,0,
2178733,3108353,831083531217339,,8,0,
2178733,3108354,831083541217339,,8,0,
2178733,3108355,831083551217339,,8,0,
2178733,2940384,8329403841217339,,83,0,
2178733,2940385,8329403851217339,,83,0,
2178733,2940388,8329403881217339,,83,0,
2178733,2940389,8329403891217339,,83,0,
2178733,3108352,8331083521217339,,83,0,
2178733,3108353,8331083531217339,,83,0,
2178733,3108354,8331083541217339,,83,0,
2178733,3108355,8331083551217339,,83,0,
2178733,2940384,8429403841217339,,84,0,
2178733,2940385,8429403851217339,,84,0,
2178733,2940388,8429403881217339,,84,0,
2178733,2940389,8429403891217339,,84,0,
2178733,3108352,8431083521217339,,84,0,
2178733,3108353,8431083531217339,,84,0,
2178733,3108354,8431083541217339,,84,0,
2178733,3108355,8431083551217339,,84,0,
2178733,2940384,8529403841217339,,85,0,
2178733,12940385,8529403851217339,,85,0,
2178733,2940388,8529403881217339,,85,0,
2178733,12940389,8529403891217339,,85,0,
2178733,3108352,8531083521217339,,85,0,
2178733,13108353,8531083531217339,,85,0,
2178733,3108354,8531083541217339,,85,0,
2178733,13108355,8531083551217339,,85,0,
2178733,2940384,8629403841217339,,86,0,
2178733,2940388,8629403881217339,,86,0,
2178733,3108352,8631083521217339,,86,0,
2178733,3108354,8631083541217339,,86,0,
2178733,2940384,8729403841217339,,87,0,
2178733,2940388,8729403881217339,,87,0,
2178733,3108352,8731083521217339,,87,0,
2178733,3108354,8731083541217339,,87,0,
2178733,2940384,8829403841217339,,88,0,
2178733,2940388,8829403881217339,,88,0,
2178733,3108352,8831083521217339,,88,0,
2178733,3108354,8831083541217339,,88,0,
2178733,2940384,8929403841217339,,89,0,
2178733,2940388,8929403881217339,,89,0,
2178733,3108352,8931083521217339,,89,0,
2178733,3108354,8931083541217339,,89,0,
2178733,2940384,9029403841217339,,90,0,
2178733,2940388,9029403881217339,,90,0,
2178733,3108352,9031083521217339,,90,0,
2178733,3108354,9031083541217339,,90,0,
2178733,2940384,9129403841217339,,91,0,
2178733,2940388,9129403881217339,,91,0,
2178733,3108352,9131083521217339,,91,0,
2178733,3108354,9131083541217339,,91,0,
2178733,2940384,9229403841217339,,92,0,
2178733,12940388,9229403881217339,,92,0,
2178733,3108352,9231083521217339,,92,0,
2178733,13108354,9231083541217339,,92,0,
2178733,2940382,929403821217339,,9,0,
2178733,2940384,929403841217339,,9,0,
2178733,2940385,929403851217339,,9,0,
2178733,2940388,929403881217339,,9,0,
2178733,2940389,929403891217339,,9,0,
2178733,3108351,931083511217339,,9,0,
2178733,3108352,931083521217339,,9,0,
2178733,3108353,931083531217339,,9,0,
2178733,3108354,931083541217339,,9,0,
2178733,3108355,931083551217339,,9,0,
2178733,2940384,9329403841217339,,93,0,
2178733,3108352,9331083521217339,,93,0,
2178733,2940384,9429403841217339,,94,0,
2178733,3108352,9431083521217339,,94,0,
2178733,2940384,9529403841217339,,95,0,
2178733,3108352,9531083521217339,,95,0,
2178733,2940384,9629403841217339,,96,0,
2178733,3108352,9631083521217339,,96,0,
2178733,2940384,9729403841217339,,97,0,
2178733,3108352,9731083521217339,,97,0,
2178733,2940384,9829403841217339,,98,0,
2178733,3108352,9831083521217339,,98,0,
2178733,12940384,9929403841217339,,99,0,
2178733,13108352,9931083521217339,,99,0,
2178733,2940382,129403821217338,,1,0,
2178733,2940384,129403841217338,,1,0,
2178733,2940385,129403851217338,,1,0,
2178733,2940388,129403881217338,,1,0,
2178733,2940389,129403891217338,,1,0,
2178733,3108351,131083511217338,,1,0,
2178733,3108352,131083521217338,,1,0,
2178733,3108353,131083531217338,,1,0,
2178733,3108354,131083541217338,,1,0,
2178733,3108355,131083551217338,,1,0,
2178733,2940384,229403841217338,,2,0,
2178733,2940385,229403851217338,,2,0,
2178733,2940388,229403881217338,,2,0,
2178733,2940389,229403891217338,,2,0,
2178733,3108352,231083521217338,,2,0,
2178733,3108353,231083531217338,,2,0,
2178733,3108354,231083541217338,,2,0,
2178733,3108355,231083551217338,,2,0,
2178734,12940384,10029403841217340,,100,1,
2178734,13108352,10031083521217340,,100,1,
2178734,2940382,1029403821217340,,10,1,
2178734,2940384,1029403841217340,,10,1,
2178734,2940385,1029403851217340,,10,1,
2178734,2940388,1029403881217340,,10,1,
2178734,2940389,1029403891217340,,10,1,
2178734,3108351,1031083511217340,,10,1,
2178734,3108352,1031083521217340,,10,1,
2178734,3108353,1031083531217340,,10,1,
2178734,3108354,1031083541217340,,10,1,
2178734,3108355,1031083551217340,,10,1,
2178734,2940382,1129403821217340,,11,1,
2178734,2940384,1129403841217340,,11,1,
2178734,2940385,1129403851217340,,11,1,
2178734,2940388,1129403881217340,,11,1,
2178734,2940389,1129403891217340,,11,1,
2178734,3108351,1131083511217340,,11,1,
2178734,3108352,1131083521217340,,11,1,
2178734,3108353,1131083531217340,,11,1,
2178734,3108354,1131083541217340,,11,1,
2178734,3108355,1131083551217340,,11,1,
2178734,2940382,1229403821217340,,12,1,
2178734,2940384,1229403841217340,,12,1,
2178734,2940385,1229403851217340,,12,1,
2178734,2940388,1229403881217340,,12,1,
2178734,2940389,1229403891217340,,12,1,
2178734,3108351,1231083511217340,,12,1,
2178734,3108352,1231083521217340,,12,1,
2178734,3108353,1231083531217340,,12,1,
2178734,3108354,1231083541217340,,12,1,
2178734,3108355,1231083551217340,,12,1,
2178734,2940382,129403821217340,,1,1,
2178734,2940384,129403841217340,,1,1,
2178734,2940385,129403851217340,,1,1,
2178734,2940388,129403881217340,,1,1,
2178734,2940389,129403891217340,,1,1,
2178734,3108351,131083511217340,,1,1,
2178734,3108352,131083521217340,,1,1,
2178734,3108353,131083531217340,,1,1,
2178734,3108354,131083541217340,,1,1,
2178734,3108355,131083551217340,,1,1,
2178734,2940382,1329403821217340,,13,1,
2178734,2940384,1329403841217340,,13,1,
2178734,2940385,1329403851217340,,13,1,
2178734,2940388,1329403881217340,,13,1,
2178734,2940389,1329403891217340,,13,1,
2178734,3108351,1331083511217340,,13,1,
2178734,3108352,1331083521217340,,13,1,
2178734,3108353,1331083531217340,,13,1,
2178734,3108354,1331083541217340,,13,1,
2178734,3108355,1331083551217340,,13,1,
2178734,2940382,1429403821217340,,14,1,
2178734,2940384,1429403841217340,,14,1,
2178734,2940385,1429403851217340,,14,1,
2178734,2940388,1429403881217340,,14,1,
2178734,2940389,1429403891217340,,14,1,
2178734,3108351,1431083511217340,,14,1,
2178734,3108352,1431083521217340,,14,1,
2178734,3108353,1431083531217340,,14,1,
2178734,3108354,1431083541217340,,14,1,
2178734,3108355,1431083551217340,,14,1,
2178734,2940382,1529403821217340,,15,1,
2178734,2940384,1529403841217340,,15,1,
2178734,2940385,1529403851217340,,15,1,
2178734,2940388,1529403881217340,,15,1,
2178734,2940389,1529403891217340,,15,1,
2178734,3108351,1531083511217340,,15,1,
2178734,3108352,1531083521217340,,15,1,
2178734,3108353,1531083531217340,,15,1,
2178734,3108354,1531083541217340,,15,1,
2178734,3108355,1531083551217340,,15,1,
2178734,2940382,1629403821217340,,16,1,
2178734,2940384,1629403841217340,,16,1,
2178734,2940385,1629403851217340,,16,1,
2178734,2940388,1629403881217340,,16,1,
2178734,2940389,1629403891217340,,16,1,
2178734,3108351,1631083511217340,,16,1,
2178734,3108352,1631083521217340,,16,1,
2178734,3108353,1631083531217340,,16,1,
2178734,3108354,1631083541217340,,16,1,
2178734,3108355,1631083551217340,,16,1,
2178734,2940382,1729403821217340,,17,1,
2178734,2940384,1729403841217340,,17,1,
2178734,2940385,1729403851217340,,17,1,
2178734,2940388,1729403881217340,,17,1,
2178734,2940389,1729403891217340,,17,1,
2178734,3108351,1731083511217340,,17,1,
2178734,3108352,1731083521217340,,17,1,
2178734,3108353,1731083531217340,,17,1,
2178734,3108354,1731083541217340,,17,1,
2178734,3108355,1731083551217340,,17,1,
2178734,2940382,1829403821217340,,18,1,
2178734,2940384,1829403841217340,,18,1,
2178734,2940385,1829403851217340,,18,1,
2178734,2940388,1829403881217340,,18,1,
2178734,2940389,1829403891217340,,18,1,
2178734,3108351,1831083511217340,,18,1,
2178734,3108352,1831083521217340,,18,1,
2178734,3108353,1831083531217340,,18,1,
2178734,3108354,1831083541217340,,18,1,
2178734,3108355,1831083551217340,,18,1,
2178734,2940382,1929403821217340,,19,1,
2178734,2940384,1929403841217340,,19,1,
2178734,2940385,1929403851217340,,19,1,
2178734,2940388,1929403881217340,,19,1,
2178734,2940389,1929403891217340,,19,1,
2178734,3108351,1931083511217340,,19,1,
2178734,3108352,1931083521217340,,19,1,
2178734,3108353,1931083531217340,,19,1,
2178734,3108354,1931083541217340,,19,1,
2178734,3108355,1931083551217340,,19,1,
2178734,2940382,2029403821217340,,20,1,
2178734,2940384,2029403841217340,,20,1,
2178734,2940385,2029403851217340,,20,1,
2178734,2940388,2029403881217340,,20,1,
2178734,2940389,2029403891217340,,20,1,
2178734,3108351,2031083511217340,,20,1,
2178734,3108352,2031083521217340,,20,1,
2178734,3108353,2031083531217340,,20,1,
2178734,3108354,2031083541217340,,20,1,
2178734,3108355,2031083551217340,,20,1,
2178734,2940382,2129403821217340,,21,1,
2178734,2940384,2129403841217340,,21,1,
2178734,2940385,2129403851217340,,21,1,
2178734,2940388,2129403881217340,,21,1,
2178734,2940389,2129403891217340,,21,1,
2178734,3108351,2131083511217340,,21,1,
2178734,3108352,2131083521217340,,21,1,
2178734,3108353,2131083531217340,,21,1,
2178734,3108354,2131083541217340,,21,1,
2178734,3108355,2131083551217340,,21,1,
2178734,2940382,2229403821217340,,22,1,
2178734,2940384,2229403841217340,,22,1,
2178734,2940385,2229403851217340,,22,1,
2178734,2940388,2229403881217340,,22,1,
2178734,2940389,2229403891217340,,22,1,
2178734,3108351,2231083511217340,,22,1,
2178734,3108352,2231083521217340,,22,1,
2178734,3108353,2231083531217340,,22,1,
2178734,3108354,2231083541217340,,22,1,
2178734,3108355,2231083551217340,,22,1,
2178734,2940382,229403821217340,,2,1,
2178734,2940384,229403841217340,,2,1,
2178734,2940385,229403851217340,,2,1,
2178734,2940388,229403881217340,,2,1,
2178734,2940389,229403891217340,,2,1,
2178734,3108351,231083511217340,,2,1,
2178734,3108352,231083521217340,,2,1,
2178734,3108353,231083531217340,,2,1,
2178734,3108354,231083541217340,,2,1,
2178734,3108355,231083551217340,,2,1,
2178734,2940382,2329403821217340,,23,1,
2178734,2940384,2329403841217340,,23,1,
2178734,2940385,2329403851217340,,23,1,
2178734,2940388,2329403881217340,,23,1,
2178734,2940389,2329403891217340,,23,1,
2178734,3108351,2331083511217340,,23,1,
2178734,3108352,2331083521217340,,23,1,
2178734,3108353,2331083531217340,,23,1,
2178734,3108354,2331083541217340,,23,1,
2178734,3108355,2331083551217340,,23,1,
2178734,2940382,2429403821217340,,24,1,
2178734,2940384,2429403841217340,,24,1,
2178734,2940385,2429403851217340,,24,1,
2178734,2940388,2429403881217340,,24,1,
2178734,2940389,2429403891217340,,24,1,
2178734,3108351,2431083511217340,,24,1,
2178734,3108352,2431083521217340,,24,1,
2178734,3108353,2431083531217340,,24,1,
2178734,3108354,2431083541217340,,24,1,
2178734,3108355,2431083551217340,,24,1,
2178734,2940382,2529403821217340,,25,1,
2178734,2940384,2529403841217340,,25,1,
2178734,2940385,2529403851217340,,25,1,
2178734,2940388,2529403881217340,,25,1,
2178734,2940389,2529403891217340,,25,1,
2178734,3108351,2531083511217340,,25,1,
2178734,3108352,2531083521217340,,25,1,
2178734,3108353,2531083531217340,,25,1,
2178734,3108354,2531083541217340,,25,1,
2178734,3108355,2531083551217340,,25,1,
2178734,2940382,2629403821217340,,26,1,
2178734,2940384,2629403841217340,,26,1,
2178734,2940385,2629403851217340,,26,1,
2178734,2940388,2629403881217340,,26,1,
2178734,2940389,2629403891217340,,26,1,
2178734,3108351,2631083511217340,,26,1,
2178734,3108352,2631083521217340,,26,1,
2178734,3108353,2631083531217340,,26,1,
2178734,3108354,2631083541217340,,26,1,
2178734,3108355,2631083551217340,,26,1,
2178734,2940382,2729403821217340,,27,1,
2178734,2940384,2729403841217340,,27,1,
2178734,2940385,2729403851217340,,27,1,
2178734,2940388,2729403881217340,,27,1,
2178734,2940389,2729403891217340,,27,1,
2178734,3108351,2731083511217340,,27,1,
2178734,3108352,2731083521217340,,27,1,
2178734,3108353,2731083531217340,,27,1,
2178734,3108354,2731083541217340,,27,1,
2178734,3108355,2731083551217340,,27,1,
2178734,2940382,2829403821217340,,28,1,
2178734,2940384,2829403841217340,,28,1,
2178734,2940385,2829403851217340,,28,1,
2178734,2940388,2829403881217340,,28,1,
2178734,2940389,2829403891217340,,28,1,
2178734,3108351,2831083511217340,,28,1,
2178734,3108352,2831083521217340,,28,1,
2178734,3108353,2831083531217340,,28,1,
2178734,3108354,2831083541217340,,28,1,
2178734,3108355,2831083551217340,,28,1,
2178734,2940382,2929403821217340,,29,1,
2178734,2940384,2929403841217340,,29,1,
2178734,2940385,2929403851217340,,29,1,
2178734,2940388,2929403881217340,,29,1,
2178734,2940389,2929403891217340,,29,1,
2178734,3108351,2931083511217340,,29,1,
2178734,3108352,2931083521217340,,29,1,
2178734,3108353,2931083531217340,,29,1,
2178734,3108354,2931083541217340,,29,1,
2178734,3108355,2931083551217340,,29,1,
2178734,2940382,3029403821217340,,30,1,
2178734,2940384,3029403841217340,,30,1,
2178734,2940385,3029403851217340,,30,1,
2178734,2940388,3029403881217340,,30,1,
2178734,2940389,3029403891217340,,30,1,
2178734,3108351,3031083511217340,,30,1,
2178734,3108352,3031083521217340,,30,1,
2178734,3108353,3031083531217340,,30,1,
2178734,3108354,3031083541217340,,30,1,
2178734,3108355,3031083551217340,,30,1,
2178734,2940382,3129403821217340,,31,1,
2178734,2940384,3129403841217340,,31,1,
2178734,2940385,3129403851217340,,31,1,
2178734,2940388,3129403881217340,,31,1,
2178734,2940389,3129403891217340,,31,1,
2178734,3108351,3131083511217340,,31,1,
2178734,3108352,3131083521217340,,31,1,
2178734,3108353,3131083531217340,,31,1,
2178734,3108354,3131083541217340,,31,1,
2178734,3108355,3131083551217340,,31,1,
2178734,2940382,3229403821217340,,32,1,
2178734,2940384,3229403841217340,,32,1,
2178734,2940385,3229403851217340,,32,1,
2178734,2940388,3229403881217340,,32,1,
2178734,2940389,3229403891217340,,32,1,
2178734,3108351,3231083511217340,,32,1,
2178734,3108352,3231083521217340,,32,1,
2178734,3108353,3231083531217340,,32,1,
2178734,3108354,3231083541217340,,32,1,
2178734,3108355,3231083551217340,,32,1,
2178734,2940382,329403821217340,,3,1,
2178734,2940384,329403841217340,,3,1,
2178734,2940385,329403851217340,,3,1,
2178734,2940388,329403881217340,,3,1,
2178734,2940389,329403891217340,,3,1,
2178734,3108351,331083511217340,,3,1,
2178734,3108352,331083521217340,,3,1,
2178734,3108353,331083531217340,,3,1,
2178734,3108354,331083541217340,,3,1,
2178734,3108355,331083551217340,,3,1,
2178734,2940382,3329403821217340,,33,1,
2178734,2940384,3329403841217340,,33,1,
2178734,2940385,3329403851217340,,33,1,
2178734,2940388,3329403881217340,,33,1,
2178734,2940389,3329403891217340,,33,1,
2178734,3108351,3331083511217340,,33,1,
2178734,3108352,3331083521217340,,33,1,
2178734,3108353,3331083531217340,,33,1,
2178734,3108354,3331083541217340,,33,1,
2178734,3108355,3331083551217340,,33,1,
2178734,2940382,3429403821217340,,34,1,
2178734,2940384,3429403841217340,,34,1,
2178734,2940385,3429403851217340,,34,1,
2178734,2940388,3429403881217340,,34,1,
2178734,2940389,3429403891217340,,34,1,
2178734,3108351,3431083511217340,,34,1,
2178734,3108352,3431083521217340,,34,1,
2178734,3108353,3431083531217340,,34,1,
2178734,3108354,3431083541217340,,34,1,
2178734,3108355,3431083551217340,,34,1,
2178734,2940382,3529403821217340,,35,1,
2178734,2940384,3529403841217340,,35,1,
2178734,2940385,3529403851217340,,35,1,
2178734,2940388,3529403881217340,,35,1,
2178734,2940389,3529403891217340,,35,1,
2178734,3108351,3531083511217340,,35,1,
2178734,3108352,3531083521217340,,35,1,
2178734,3108353,3531083531217340,,35,1,
2178734,3108354,3531083541217340,,35,1,
2178734,3108355,3531083551217340,,35,1,
2178734,2940382,3629403821217340,,36,1,
2178734,2940384,3629403841217340,,36,1,
2178734,2940385,3629403851217340,,36,1,
2178734,2940388,3629403881217340,,36,1,
2178734,2940389,3629403891217340,,36,1,
2178734,3108351,3631083511217340,,36,1,
2178734,3108352,3631083521217340,,36,1,
2178734,3108353,3631083531217340,,36,1,
2178734,3108354,3631083541217340,,36,1,
2178734,3108355,3631083551217340,,36,1,
2178734,2940382,3729403821217340,,37,1,
2178734,2940384,3729403841217340,,37,1,
2178734,2940385,3729403851217340,,37,1,
2178734,2940388,3729403881217340,,37,1,
2178734,2940389,3729403891217340,,37,1,
2178734,3108351,3731083511217340,,37,1,
2178734,3108352,3731083521217340,,37,1,
2178734,3108353,3731083531217340,,37,1,
2178734,3108354,3731083541217340,,37,1,
2178734,3108355,3731083551217340,,37,1,
2178734,2940382,3829403821217340,,38,1,
2178734,2940384,3829403841217340,,38,1,
2178734,2940385,3829403851217340,,38,1,
2178734,2940388,3829403881217340,,38,1,
2178734,2940389,3829403891217340,,38,1,
2178734,3108351,3831083511217340,,38,1,
2178734,3108352,3831083521217340,,38,1,
2178734,3108353,3831083531217340,,38,1,
2178734,3108354,3831083541217340,,38,1,
2178734,3108355,3831083551217340,,38,1,
2178734,2940382,3929403821217340,,39,1,
2178734,2940384,3929403841217340,,39,1,
2178734,2940385,3929403851217340,,39,1,
2178734,2940388,3929403881217340,,39,1,
2178734,2940389,3929403891217340,,39,1,
2178734,3108351,3931083511217340,,39,1,
2178734,3108352,3931083521217340,,39,1,
2178734,3108353,3931083531217340,,39,1,
2178734,3108354,3931083541217340,,39,1,
2178734,3108355,3931083551217340,,39,1,
2178734,2940382,4029403821217340,,40,1,
2178734,2940384,4029403841217340,,40,1,
2178734,2940385,4029403851217340,,40,1,
2178734,2940388,4029403881217340,,40,1,
2178734,2940389,4029403891217340,,40,1,
2178734,3108351,4031083511217340,,40,1,
2178734,3108352,4031083521217340,,40,1,
2178734,3108353,4031083531217340,,40,1,
2178734,3108354,4031083541217340,,40,1,
2178734,3108355,4031083551217340,,40,1,
2178734,2940382,4129403821217340,,41,1,
2178734,2940384,4129403841217340,,41,1,
2178734,2940385,4129403851217340,,41,1,
2178734,2940388,4129403881217340,,41,1,
2178734,2940389,4129403891217340,,41,1,
2178734,3108351,4131083511217340,,41,1,
2178734,3108352,4131083521217340,,41,1,
2178734,3108353,4131083531217340,,41,1,
2178734,3108354,4131083541217340,,41,1,
2178734,3108355,4131083551217340,,41,1,
2178734,2940382,4229403821217340,,42,1,
2178734,2940384,4229403841217340,,42,1,
2178734,2940385,4229403851217340,,42,1,
2178734,2940388,4229403881217340,,42,1,
2178734,2940389,4229403891217340,,42,1,
2178734,3108351,4231083511217340,,42,1,
2178734,3108352,4231083521217340,,42,1,
2178734,3108353,4231083531217340,,42,1,
2178734,3108354,4231083541217340,,42,1,
2178734,3108355,4231083551217340,,42,1,
2178734,2940382,429403821217340,,4,1,
2178734,2940384,429403841217340,,4,1,
2178734,2940385,429403851217340,,4,1,
2178734,2940388,429403881217340,,4,1,
2178734,2940389,429403891217340,,4,1,
2178734,3108351,431083511217340,,4,1,
2178734,3108352,431083521217340,,4,1,
2178734,3108353,431083531217340,,4,1,
2178734,3108354,431083541217340,,4,1,
2178734,3108355,431083551217340,,4,1,
2178734,2940382,4329403821217340,,43,1,
2178734,2940384,4329403841217340,,43,1,
2178734,2940385,4329403851217340,,43,1,
2178734,2940388,4329403881217340,,43,1,
2178734,2940389,4329403891217340,,43,1,
2178734,3108351,4331083511217340,,43,1,
2178734,3108352,4331083521217340,,43,1,
2178734,3108353,4331083531217340,,43,1,
2178734,3108354,4331083541217340,,43,1,
2178734,3108355,4331083551217340,,43,1,
2178734,2940382,4429403821217340,,44,1,
2178734,2940384,4429403841217340,,44,1,
2178734,2940385,4429403851217340,,44,1,
2178734,2940388,4429403881217340,,44,1,
2178734,2940389,4429403891217340,,44,1,
2178734,3108351,4431083511217340,,44,1,
2178734,3108352,4431083521217340,,44,1,
2178734,3108353,4431083531217340,,44,1,
2178734,3108354,4431083541217340,,44,1,
2178734,3108355,4431083551217340,,44,1,
2178734,2940382,4529403821217340,,45,1,
2178734,2940384,4529403841217340,,45,1,
2178734,2940385,4529403851217340,,45,1,
2178734,2940388,4529403881217340,,45,1,
2178734,2940389,4529403891217340,,45,1,
2178734,3108351,4531083511217340,,45,1,
2178734,3108352,4531083521217340,,45,1,
2178734,3108353,4531083531217340,,45,1,
2178734,3108354,4531083541217340,,45,1,
2178734,3108355,4531083551217340,,45,1,
2178734,2940382,4629403821217340,,46,1,
2178734,2940384,4629403841217340,,46,1,
2178734,2940385,4629403851217340,,46,1,
2178734,2940388,4629403881217340,,46,1,
2178734,2940389,4629403891217340,,46,1,
2178734,3108351,4631083511217340,,46,1,
2178734,3108352,4631083521217340,,46,1,
2178734,3108353,4631083531217340,,46,1,
2178734,3108354,4631083541217340,,46,1,
2178734,3108355,4631083551217340,,46,1,
2178734,2940382,4729403821217340,,47,1,
2178734,2940384,4729403841217340,,47,1,
2178734,2940385,4729403851217340,,47,1,
2178734,2940388,4729403881217340,,47,1,
2178734,2940389,4729403891217340,,47,1,
2178734,3108351,4731083511217340,,47,1,
2178734,3108352,4731083521217340,,47,1,
2178734,3108353,4731083531217340,,47,1,
2178734,3108354,4731083541217340,,47,1,
2178734,3108355,4731083551217340,,47,1,
2178734,2940382,4829403821217340,,48,1,
2178734,2940384,4829403841217340,,48,1,
2178734,2940385,4829403851217340,,48,1,
2178734,2940388,4829403881217340,,48,1,
2178734,2940389,4829403891217340,,48,1,
2178734,3108351,4831083511217340,,48,1,
2178734,3108352,4831083521217340,,48,1,
2178734,3108353,4831083531217340,,48,1,
2178734,3108354,4831083541217340,,48,1,
2178734,3108355,4831083551217340,,48,1,
2178734,2940382,4929403821217340,,49,1,
2178734,2940384,4929403841217340,,49,1,
2178734,2940385,4929403851217340,,49,1,
2178734,2940388,4929403881217340,,49,1,
2178734,2940389,4929403891217340,,49,1,
2178734,3108351,4931083511217340,,49,1,
2178734,3108352,4931083521217340,,49,1,
2178734,3108353,4931083531217340,,49,1,
2178734,3108354,4931083541217340,,49,1,
2178734,3108355,4931083551217340,,49,1,
2178734,2940382,5029403821217340,,50,1,
2178734,2940384,5029403841217340,,50,1,
2178734,2940385,5029403851217340,,50,1,
2178734,2940388,5029403881217340,,50,1,
2178734,2940389,5029403891217340,,50,1,
2178734,3108351,5031083511217340,,50,1,
2178734,3108352,5031083521217340,,50,1,
2178734,3108353,5031083531217340,,50,1,
2178734,3108354,5031083541217340,,50,1,
2178734,3108355,5031083551217340,,50,1,
2178734,2940382,5129403821217340,,51,1,
2178734,2940384,5129403841217340,,51,1,
2178734,2940385,5129403851217340,,51,1,
2178734,2940388,5129403881217340,,51,1,
2178734,2940389,5129403891217340,,51,1,
2178734,3108351,5131083511217340,,51,1,
2178734,3108352,5131083521217340,,51,1,
2178734,3108353,5131083531217340,,51,1,
2178734,3108354,5131083541217340,,51,1,
2178734,3108355,5131083551217340,,51,1,
2178734,2940382,5229403821217340,,52,1,
2178734,2940384,5229403841217340,,52,1,
2178734,2940385,5229403851217340,,52,1,
2178734,2940388,5229403881217340,,52,1,
2178734,2940389,5229403891217340,,52,1,
2178734,3108351,5231083511217340,,52,1,
2178734,3108352,5231083521217340,,52,1,
2178734,3108353,5231083531217340,,52,1,
2178734,3108354,5231083541217340,,52,1,
2178734,3108355,5231083551217340,,52,1,
2178734,2940382,529403821217340,,5,1,
2178734,2940384,529403841217340,,5,1,
2178734,2940385,529403851217340,,5,1,
2178734,2940388,529403881217340,,5,1,
2178734,2940389,529403891217340,,5,1,
2178734,3108351,531083511217340,,5,1,
2178734,3108352,531083521217340,,5,1,
2178734,3108353,531083531217340,,5,1,
2178734,3108354,531083541217340,,5,1,
2178734,3108355,531083551217340,,5,1,
2178734,2940382,5329403821217340,,53,1,
2178734,2940384,5329403841217340,,53,1,
2178734,2940385,5329403851217340,,53,1,
2178734,2940388,5329403881217340,,53,1,
2178734,2940389,5329403891217340,,53,1,
2178734,3108351,5331083511217340,,53,1,
2178734,3108352,5331083521217340,,53,1,
2178734,3108353,5331083531217340,,53,1,
2178734,3108354,5331083541217340,,53,1,
2178734,3108355,5331083551217340,,53,1,
2178734,2940382,5429403821217340,,54,1,
2178734,2940384,5429403841217340,,54,1,
2178734,2940385,5429403851217340,,54,1,
2178734,2940388,5429403881217340,,54,1,
2178734,2940389,5429403891217340,,54,1,
2178734,3108351,5431083511217340,,54,1,
2178734,3108352,5431083521217340,,54,1,
2178734,3108353,5431083531217340,,54,1,
2178734,3108354,5431083541217340,,54,1,
2178734,3108355,5431083551217340,,54,1,
2178734,2940382,5529403821217340,,55,1,
2178734,2940384,5529403841217340,,55,1,
2178734,2940385,5529403851217340,,55,1,
2178734,2940388,5529403881217340,,55,1,
2178734,2940389,5529403891217340,,55,1,
2178734,3108351,5531083511217340,,55,1,
2178734,3108352,5531083521217340,,55,1,
2178734,3108353,5531083531217340,,55,1,
2178734,3108354,5531083541217340,,55,1,
2178734,3108355,5531083551217340,,55,1,
2178734,2940382,5629403821217340,,56,1,
2178734,2940384,5629403841217340,,56,1,
2178734,2940385,5629403851217340,,56,1,
2178734,2940388,5629403881217340,,56,1,
2178734,2940389,5629403891217340,,56,1,
2178734,3108351,5631083511217340,,56,1,
2178734,3108352,5631083521217340,,56,1,
2178734,3108353,5631083531217340,,56,1,
2178734,3108354,5631083541217340,,56,1,
2178734,3108355,5631083551217340,,56,1,
2178734,2940382,5729403821217340,,57,1,
2178734,2940384,5729403841217340,,57,1,
2178734,2940385,5729403851217340,,57,1,
2178734,2940388,5729403881217340,,57,1,
2178734,2940389,5729403891217340,,57,1,
2178734,3108351,5731083511217340,,57,1,
2178734,3108352,5731083521217340,,57,1,
2178734,3108353,5731083531217340,,57,1,
2178734,3108354,5731083541217340,,57,1,
2178734,3108355,5731083551217340,,57,1,
2178734,2940382,5829403821217340,,58,1,
2178734,2940384,5829403841217340,,58,1,
2178734,2940385,5829403851217340,,58,1,
2178734,2940388,5829403881217340,,58,1,
2178734,2940389,5829403891217340,,58,1,
2178734,3108351,5831083511217340,,58,1,
2178734,3108352,5831083521217340,,58,1,
2178734,3108353,5831083531217340,,58,1,
2178734,3108354,5831083541217340,,58,1,
2178734,3108355,5831083551217340,,58,1,
2178734,2940382,5929403821217340,,59,1,
2178734,2940384,5929403841217340,,59,1,
2178734,2940385,5929403851217340,,59,1,
2178734,2940388,5929403881217340,,59,1,
2178734,2940389,5929403891217340,,59,1,
2178734,3108351,5931083511217340,,59,1,
2178734,3108352,5931083521217340,,59,1,
2178734,3108353,5931083531217340,,59,1,
2178734,3108354,5931083541217340,,59,1,
2178734,3108355,5931083551217340,,59,1,
2178734,2940382,6029403821217340,,60,1,
2178734,2940384,6029403841217340,,60,1,
2178734,2940385,6029403851217340,,60,1,
2178734,2940388,6029403881217340,,60,1,
2178734,2940389,6029403891217340,,60,1,
2178734,3108351,6031083511217340,,60,1,
2178734,3108352,6031083521217340,,60,1,
2178734,3108353,6031083531217340,,60,1,
2178734,3108354,6031083541217340,,60,1,
2178734,3108355,6031083551217340,,60,1,
2178734,2940382,6129403821217340,,61,1,
2178734,2940384,6129403841217340,,61,1,
2178734,2940385,6129403851217340,,61,1,
2178734,2940388,6129403881217340,,61,1,
2178734,2940389,6129403891217340,,61,1,
2178734,3108351,6131083511217340,,61,1,
2178734,3108352,6131083521217340,,61,1,
2178734,3108353,6131083531217340,,61,1,
2178734,3108354,6131083541217340,,61,1,
2178734,3108355,6131083551217340,,61,1,
2178734,2940382,6229403821217340,,62,1,
2178734,2940384,6229403841217340,,62,1,
2178734,2940385,6229403851217340,,62,1,
2178734,2940388,6229403881217340,,62,1,
2178734,2940389,6229403891217340,,62,1,
2178734,3108351,6231083511217340,,62,1,
2178734,3108352,6231083521217340,,62,1,
2178734,3108353,6231083531217340,,62,1,
2178734,3108354,6231083541217340,,62,1,
2178734,3108355,6231083551217340,,62,1,
2178734,2940382,629403821217340,,6,1,
2178734,2940384,629403841217340,,6,1,
2178734,2940385,629403851217340,,6,1,
2178734,2940388,629403881217340,,6,1,
2178734,2940389,629403891217340,,6,1,
2178734,3108351,631083511217340,,6,1,
2178734,3108352,631083521217340,,6,1,
2178734,3108353,631083531217340,,6,1,
2178734,3108354,631083541217340,,6,1,
2178734,3108355,631083551217340,,6,1,
2178734,2940382,6329403821217340,,63,1,
2178734,2940384,6329403841217340,,63,1,
2178734,2940385,6329403851217340,,63,1,
2178734,2940388,6329403881217340,,63,1,
2178734,2940389,6329403891217340,,63,1,
2178734,3108351,6331083511217340,,63,1,
2178734,3108352,6331083521217340,,63,1,
2178734,3108353,6331083531217340,,63,1,
2178734,3108354,6331083541217340,,63,1,
2178734,3108355,6331083551217340,,63,1,
2178734,2940382,6429403821217340,,64,1,
2178734,2940384,6429403841217340,,64,1,
2178734,2940385,6429403851217340,,64,1,
2178734,2940388,6429403881217340,,64,1,
2178734,2940389,6429403891217340,,64,1,
2178734,3108351,6431083511217340,,64,1,
2178734,3108352,6431083521217340,,64,1,
2178734,3108353,6431083531217340,,64,1,
2178734,3108354,6431083541217340,,64,1,
2178734,3108355,6431083551217340,,64,1,
2178734,12940382,6529403821217340,,65,1,
2178734,2940384,6529403841217340,,65,1,
2178734,2940385,6529403851217340,,65,1,
2178734,2940388,6529403881217340,,65,1,
2178734,2940389,6529403891217340,,65,1,
2178734,13108351,6531083511217340,,65,1,
2178734,3108352,6531083521217340,,65,1,
2178734,3108353,6531083531217340,,65,1,
2178734,3108354,6531083541217340,,65,1,
2178734,3108355,6531083551217340,,65,1,
2178734,12940382,6629403821217340,,66,1,
2178734,2940384,6629403841217340,,66,1,
2178734,2940385,6629403851217340,,66,1,
2178734,2940388,6629403881217340,,66,1,
2178734,2940389,6629403891217340,,66,1,
2178734,13108351,6631083511217340,,66,1,
2178734,3108352,6631083521217340,,66,1,
2178734,3108353,6631083531217340,,66,1,
2178734,3108354,6631083541217340,,66,1,
2178734,3108355,6631083551217340,,66,1,
2178734,2940384,6729403841217340,,67,1,
2178734,2940385,6729403851217340,,67,1,
2178734,2940388,6729403881217340,,67,1,
2178734,2940389,6729403891217340,,67,1,
2178734,3108352,6731083521217340,,67,1,
2178734,3108353,6731083531217340,,67,1,
2178734,3108354,6731083541217340,,67,1,
2178734,3108355,6731083551217340,,67,1,
2178734,2940384,6829403841217340,,68,1,
2178734,2940385,6829403851217340,,68,1,
2178734,2940388,6829403881217340,,68,1,
2178734,2940389,6829403891217340,,68,1,
2178734,3108352,6831083521217340,,68,1,
2178734,3108353,6831083531217340,,68,1,
2178734,3108354,6831083541217340,,68,1,
2178734,3108355,6831083551217340,,68,1,
2178734,2940384,6929403841217340,,69,1,
2178734,2940385,6929403851217340,,69,1,
2178734,2940388,6929403881217340,,69,1,
2178734,2940389,6929403891217340,,69,1,
2178734,3108352,6931083521217340,,69,1,
2178734,3108353,6931083531217340,,69,1,
2178734,3108354,6931083541217340,,69,1,
2178734,3108355,6931083551217340,,69,1,
2178734,2940384,7029403841217340,,70,1,
2178734,2940385,7029403851217340,,70,1,
2178734,2940388,7029403881217340,,70,1,
2178734,2940389,7029403891217340,,70,1,
2178734,3108352,7031083521217340,,70,1,
2178734,3108353,7031083531217340,,70,1,
2178734,3108354,7031083541217340,,70,1,
2178734,3108355,7031083551217340,,70,1,
2178734,2940384,7129403841217340,,71,1,
2178734,2940385,7129403851217340,,71,1,
2178734,2940388,7129403881217340,,71,1,
2178734,2940389,7129403891217340,,71,1,
2178734,3108352,7131083521217340,,71,1,
2178734,3108353,7131083531217340,,71,1,
2178734,3108354,7131083541217340,,71,1,
2178734,3108355,7131083551217340,,71,1,
2178734,2940384,7229403841217340,,72,1,
2178734,2940385,7229403851217340,,72,1,
2178734,2940388,7229403881217340,,72,1,
2178734,2940389,7229403891217340,,72,1,
2178734,3108352,7231083521217340,,72,1,
2178734,3108353,7231083531217340,,72,1,
2178734,3108354,7231083541217340,,72,1,
2178734,3108355,7231083551217340,,72,1,
2178734,2940382,729403821217340,,7,1,
2178734,2940384,729403841217340,,7,1,
2178734,2940385,729403851217340,,7,1,
2178734,2940388,729403881217340,,7,1,
2178734,2940389,729403891217340,,7,1,
2178734,3108351,731083511217340,,7,1,
2178734,3108352,731083521217340,,7,1,
2178734,3108353,731083531217340,,7,1,
2178734,3108354,731083541217340,,7,1,
2178734,3108355,731083551217340,,7,1,
2178734,2940384,7329403841217340,,73,1,
2178734,2940385,7329403851217340,,73,1,
2178734,2940388,7329403881217340,,73,1,
2178734,2940389,7329403891217340,,73,1,
2178734,3108352,7331083521217340,,73,1,
2178734,3108353,7331083531217340,,73,1,
2178734,3108354,7331083541217340,,73,1,
2178734,3108355,7331083551217340,,73,1,
2178734,2940384,7429403841217340,,74,1,
2178734,2940385,7429403851217340,,74,1,
2178734,2940388,7429403881217340,,74,1,
2178734,2940389,7429403891217340,,74,1,
2178734,3108352,7431083521217340,,74,1,
2178734,3108353,7431083531217340,,74,1,
2178734,3108354,7431083541217340,,74,1,
2178734,3108355,7431083551217340,,74,1,
2178734,2940384,7529403841217340,,75,1,
2178734,2940385,7529403851217340,,75,1,
2178734,2940388,7529403881217340,,75,1,
2178734,2940389,7529403891217340,,75,1,
2178734,3108352,7531083521217340,,75,1,
2178734,3108353,7531083531217340,,75,1,
2178734,3108354,7531083541217340,,75,1,
2178734,3108355,7531083551217340,,75,1,
2178734,2940384,7629403841217340,,76,1,
2178734,2940385,7629403851217340,,76,1,
2178734,2940388,7629403881217340,,76,1,
2178734,2940389,7629403891217340,,76,1,
2178734,3108352,7631083521217340,,76,1,
2178734,3108353,7631083531217340,,76,1,
2178734,3108354,7631083541217340,,76,1,
2178734,3108355,7631083551217340,,76,1,
2178734,2940384,7729403841217340,,77,1,
2178734,2940385,7729403851217340,,77,1,
2178734,2940388,7729403881217340,,77,1,
2178734,2940389,7729403891217340,,77,1,
2178734,3108352,7731083521217340,,77,1,
2178734,3108353,7731083531217340,,77,1,
2178734,3108354,7731083541217340,,77,1,
2178734,3108355,7731083551217340,,77,1,
2178734,2940384,7829403841217340,,78,1,
2178734,2940385,7829403851217340,,78,1,
2178734,2940388,7829403881217340,,78,1,
2178734,2940389,7829403891217340,,78,1,
2178734,3108352,7831083521217340,,78,1,
2178734,3108353,7831083531217340,,78,1,
2178734,3108354,7831083541217340,,78,1,
2178734,3108355,7831083551217340,,78,1,
2178734,2940384,7929403841217340,,79,1,
2178734,2940385,7929403851217340,,79,1,
2178734,2940388,7929403881217340,,79,1,
2178734,2940389,7929403891217340,,79,1,
2178734,3108352,7931083521217340,,79,1,
2178734,3108353,7931083531217340,,79,1,
2178734,3108354,7931083541217340,,79,1,
2178734,3108355,7931083551217340,,79,1,
2178734,2940384,8029403841217340,,80,1,
2178734,2940385,8029403851217340,,80,1,
2178734,2940388,8029403881217340,,80,1,
2178734,2940389,8029403891217340,,80,1,
2178734,3108352,8031083521217340,,80,1,
2178734,3108353,8031083531217340,,80,1,
2178734,3108354,8031083541217340,,80,1,
2178734,3108355,8031083551217340,,80,1,
2178734,2940384,8129403841217340,,81,1,
2178734,2940385,8129403851217340,,81,1,
2178734,2940388,8129403881217340,,81,1,
2178734,2940389,8129403891217340,,81,1,
2178734,3108352,8131083521217340,,81,1,
2178734,3108353,8131083531217340,,81,1,
2178734,3108354,8131083541217340,,81,1,
2178734,3108355,8131083551217340,,81,1,
2178734,2940384,8229403841217340,,82,1,
2178734,2940385,8229403851217340,,82,1,
2178734,2940388,8229403881217340,,82,1,
2178734,2940389,8229403891217340,,82,1,
2178734,3108352,8231083521217340,,82,1,
2178734,3108353,8231083531217340,,82,1,
2178734,3108354,8231083541217340,,82,1,
2178734,3108355,8231083551217340,,82,1,
2178734,2940382,829403821217340,,8,1,
2178734,2940384,829403841217340,,8,1,
2178734,2940385,829403851217340,,8,1,
2178734,2940388,829403881217340,,8,1,
2178734,2940389,829403891217340,,8,1,
2178734,3108351,831083511217340,,8,1,
2178734,3108352,831083521217340,,8,1,
2178734,3108353,831083531217340,,8,1,
2178734,3108354,831083541217340,,8,1,
2178734,3108355,831083551217340,,8,1,
2178734,2940384,8329403841217340,,83,1,
2178734,2940385,8329403851217340,,83,1,
2178734,2940388,8329403881217340,,83,1,
2178734,2940389,8329403891217340,,83,1,
2178734,3108352,8331083521217340,,83,1,
2178734,3108353,8331083531217340,,83,1,
2178734,3108354,8331083541217340,,83,1,
2178734,3108355,8331083551217340,,83,1,
2178734,2940384,8429403841217340,,84,1,
2178734,2940385,8429403851217340,,84,1,
2178734,2940388,8429403881217340,,84,1,
2178734,12940389,8429403891217340,,84,1,
2178734,3108352,8431083521217340,,84,1,
2178734,3108353,8431083531217340,,84,1,
2178734,3108354,8431083541217340,,84,1,
2178734,13108355,8431083551217340,,84,1,
2178734,2940384,8529403841217340,,85,1,
2178734,12940385,8529403851217340,,85,1,
2178734,2940388,8529403881217340,,85,1,
2178734,12940389,8529403891217340,,85,1,
2178734,3108352,8531083521217340,,85,1,
2178734,13108353,8531083531217340,,85,1,
2178734,3108354,8531083541217340,,85,1,
2178734,13108355,8531083551217340,,85,1,
2178734,2940384,8629403841217340,,86,1,
2178734,12940385,8629403851217340,,86,1,
2178734,2940388,8629403881217340,,86,1,
2178734,3108352,8631083521217340,,86,1,
2178734,13108353,8631083531217340,,86,1,
2178734,3108354,8631083541217340,,86,1,
2178734,2940384,8729403841217340,,87,1,
2178734,2940388,8729403881217340,,87,1,
2178734,3108352,8731083521217340,,87,1,
2178734,3108354,8731083541217340,,87,1,
2178734,2940384,8829403841217340,,88,1,
2178734,2940388,8829403881217340,,88,1,
2178734,3108352,8831083521217340,,88,1,
2178734,3108354,8831083541217340,,88,1,
2178734,2940384,8929403841217340,,89,1,
2178734,2940388,8929403881217340,,89,1,
2178734,3108352,8931083521217340,,89,1,
2178734,3108354,8931083541217340,,89,1,
2178734,2940384,9029403841217340,,90,1,
2178734,12940388,9029403881217340,,90,1,
2178734,3108352,9031083521217340,,90,1,
2178734,13108354,9031083541217340,,90,1,
2178734,2940384,9129403841217340,,91,1,
2178734,12940388,9129403881217340,,91,1,
2178734,3108352,9131083521217340,,91,1,
2178734,13108354,9131083541217340,,91,1,
2178734,2940384,9229403841217340,,92,1,
2178734,3108352,9231083521217340,,92,1,
2178734,2940382,929403821217340,,9,1,
2178734,2940384,929403841217340,,9,1,
2178734,2940385,929403851217340,,9,1,
2178734,2940388,929403881217340,,9,1,
2178734,2940389,929403891217340,,9,1,
2178734,3108351,931083511217340,,9,1,
2178734,3108352,931083521217340,,9,1,
2178734,3108353,931083531217340,,9,1,
2178734,3108354,931083541217340,,9,1,
2178734,3108355,931083551217340,,9,1,
2178734,2940384,9329403841217340,,93,1,
2178734,3108352,9331083521217340,,93,1,
2178734,2940384,9429403841217340,,94,1,
2178734,3108352,9431083521217340,,94,1,
2178734,2940384,9529403841217340,,95,1,
2178734,3108352,9531083521217340,,95,1,
2178734,2940384,9629403841217340,,96,1,
2178734,3108352,9631083521217340,,96,1,
2178734,2940384,9729403841217340,,97,1,
2178734,3108352,9731083521217340,,97,1,
2178734,2940384,9829403841217340,,98,1,
2178734,3108352,9831083521217340,,98,1,
2178734,12940384,9929403841217340,,99,1,
2178734,13108352,9931083521217340,,99,1,
2178734,2940384,129403841217341,,1,1,
2178734,2940385,129403851217341,,1,1,
2178734,2940388,129403881217341,,1,1,
2178734,2940389,129403891217341,,1,1,
2178734,3108352,131083521217341,,1,1,
2178734,3108353,131083531217341,,1,1,
2178734,3108354,131083541217341,,1,1,
2178734,3108355,131083551217341,,1,1,
2178734,2940384,229403841217341,,2,1,
2178734,2940385,229403851217341,,2,1,
2178734,2940388,229403881217341,,2,1,
2178734,2940389,229403891217341,,2,1,
2178734,3108352,231083521217341,,2,1,
2178734,3108353,231083531217341,,2,1,
2178734,3108354,231083541217341,,2,1,
2178734,3108355,231083551217341,,2,1,
