route_id,service_id,trip_id,trip_headsign,trip_short_name,direction_id,shape_id
2028089,2991682,1029916820875595,,10,1,
2028089,2991684,1029916840875595,,10,1,
2028089,2991685,1029916850875595,,10,1,
2028089,2991686,1029916860875595,,10,1,
2028089,2991688,1029916880875595,,10,1,
2028089,2991689,1029916890875595,,10,1,
2028089,2991682,1129916820875595,,11,1,
2028089,2991684,1129916840875595,,11,1,
2028089,2991685,1129916850875595,,11,1,
2028089,2991686,1129916860875595,,11,1,
2028089,2991688,1129916880875595,,11,1,
2028089,2991689,1129916890875595,,11,1,
2028089,2991682,1229916820875595,,12,1,
2028089,2991684,1229916840875595,,12,1,
2028089,2991685,1229916850875595,,12,1,
2028089,2991686,1229916860875595,,12,1,
2028089,2991688,1229916880875595,,12,1,
2028089,2991689,1229916890875595,,12,1,
2028089,2991682,129916820875595,,1,1,
2028089,2991684,129916840875595,,1,1,
2028089,2991685,129916850875595,,1,1,
2028089,2991686,129916860875595,,1,1,
2028089,2991688,129916880875595,,1,1,
2028089,2991689,129916890875595,,1,1,
2028089,2991682,1329916820875595,,13,1,
2028089,2991684,1329916840875595,,13,1,
2028089,2991685,1329916850875595,,13,1,
2028089,2991686,1329916860875595,,13,1,
2028089,2991688,1329916880875595,,13,1,
2028089,2991689,1329916890875595,,13,1,
2028089,2991682,1429916820875595,,14,1,
2028089,2991684,1429916840875595,,14,1,
2028089,2991685,1429916850875595,,14,1,
2028089,2991686,1429916860875595,,14,1,
2028089,2991688,1429916880875595,,14,1,
2028089,2991689,1429916890875595,,14,1,
2028089,2991682,1529916820875595,,15,1,
2028089,2991684,1529916840875595,,15,1,
2028089,2991685,1529916850875595,,15,1,
2028089,2991686,1529916860875595,,15,1,
2028089,2991688,1529916880875595,,15,1,
2028089,2991689,1529916890875595,,15,1,
2028089,2991682,1629916820875595,,16,1,
2028089,2991684,1629916840875595,,16,1,
2028089,2991685,1629916850875595,,16,1,
2028089,2991686,1629916860875595,,16,1,
2028089,2991688,1629916880875595,,16,1,
2028089,2991689,1629916890875595,,16,1,
2028089,12991682,1729916820875595,,17,1,
2028089,2991684,1729916840875595,,17,1,
2028089,2991685,1729916850875595,,17,1,
2028089,2991686,1729916860875595,,17,1,
2028089,2991688,1729916880875595,,17,1,
2028089,2991689,1729916890875595,,17,1,
2028089,12991682,1829916820875595,,18,1,
2028089,2991684,1829916840875595,,18,1,
2028089,2991685,1829916850875595,,18,1,
2028089,2991686,1829916860875595,,18,1,
2028089,2991688,1829916880875595,,18,1,
2028089,2991689,1829916890875595,,18,1,
2028089,12991682,1929916820875595,,19,1,
2028089,2991684,1929916840875595,,19,1,
2028089,2991685,1929916850875595,,19,1,
2028089,2991686,1929916860875595,,19,1,
2028089,2991688,1929916880875595,,19,1,
2028089,2991689,1929916890875595,,19,1,
2028089,12991682,2029916820875595,,20,1,
2028089,2991684,2029916840875595,,20,1,
2028089,2991685,2029916850875595,,20,1,
2028089,2991686,2029916860875595,,20,1,
2028089,2991688,2029916880875595,,20,1,
2028089,2991689,2029916890875595,,20,1,
2028089,12991682,2129916820875595,,21,1,
2028089,2991684,2129916840875595,,21,1,
2028089,2991685,2129916850875595,,21,1,
2028089,2991686,2129916860875595,,21,1,
2028089,12991688,2129916880875595,,21,1,
2028089,12991689,2129916890875595,,21,1,
2028089,12991684,2229916840875595,,22,1,
2028089,12991685,2229916850875595,,22,1,
2028089,12991686,2229916860875595,,22,1,
2028089,12991688,2229916880875595,,22,1,
2028089,12991689,2229916890875595,,22,1,
2028089,2991682,229916820875595,,2,1,
2028089,2991684,229916840875595,,2,1,
2028089,2991685,229916850875595,,2,1,
2028089,2991686,229916860875595,,2,1,
2028089,2991688,229916880875595,,2,1,
2028089,2991689,229916890875595,,2,1,
2028089,12991684,2329916840875595,,23,1,
2028089,12991685,2329916850875595,,23,1,
2028089,12991686,2329916860875595,,23,1,
2028089,12991688,2329916880875595,,23,1,
2028089,12991689,2329916890875595,,23,1,
2028089,12991684,2429916840875595,,24,1,
2028089,12991685,2429916850875595,,24,1,
2028089,12991686,2429916860875595,,24,1,
2028089,12991688,2429916880875595,,24,1,
2028089,12991689,2429916890875595,,24,1,
2028089,12991684,2529916840875595,,25,1,
2028089,12991685,2529916850875595,,25,1,
2028089,12991686,2529916860875595,,25,1,
2028089,12991688,2529916880875595,,25,1,
2028089,12991689,2529916890875595,,25,1,
2028089,12991684,2629916840875595,,26,1,
2028089,12991685,2629916850875595,,26,1,
2028089,12991686,2629916860875595,,26,1,
2028089,2991682,329916820875595,,3,1,
2028089,2991684,329916840875595,,3,1,
2028089,2991685,329916850875595,,3,1,
2028089,2991686,329916860875595,,3,1,
2028089,2991688,329916880875595,,3,1,
2028089,2991689,329916890875595,,3,1,
2028089,2991682,429916820875595,,4,1,
2028089,2991684,429916840875595,,4,1,
2028089,2991685,429916850875595,,4,1,
2028089,2991686,429916860875595,,4,1,
2028089,2991688,429916880875595,,4,1,
2028089,2991689,429916890875595,,4,1,
2028089,2991682,529916820875595,,5,1,
2028089,2991684,529916840875595,,5,1,
2028089,2991685,529916850875595,,5,1,
2028089,2991686,529916860875595,,5,1,
2028089,2991688,529916880875595,,5,1,
2028089,2991689,529916890875595,,5,1,
2028089,2991682,629916820875595,,6,1,
2028089,2991684,629916840875595,,6,1,
2028089,2991685,629916850875595,,6,1,
2028089,2991686,629916860875595,,6,1,
2028089,2991688,629916880875595,,6,1,
2028089,2991689,629916890875595,,6,1,
2028089,2991682,729916820875595,,7,1,
2028089,2991684,729916840875595,,7,1,
2028089,2991685,729916850875595,,7,1,
2028089,2991686,729916860875595,,7,1,
2028089,2991688,729916880875595,,7,1,
2028089,2991689,729916890875595,,7,1,
2028089,2991682,829916820875595,,8,1,
2028089,2991684,829916840875595,,8,1,
2028089,2991685,829916850875595,,8,1,
2028089,2991686,829916860875595,,8,1,
2028089,2991688,829916880875595,,8,1,
2028089,2991689,829916890875595,,8,1,
2028089,2991682,929916820875595,,9,1,
2028089,2991684,929916840875595,,9,1,
2028089,2991685,929916850875595,,9,1,
2028089,2991686,929916860875595,,9,1,
2028089,2991688,929916880875595,,9,1,
2028089,2991689,929916890875595,,9,1,
2028089,2991682,1029916821863372,,10,1,
2028089,2991684,1029916841863372,,10,1,
2028089,2991685,1029916851863372,,10,1,
2028089,2991686,1029916861863372,,10,1,
2028089,2991688,1029916881863372,,10,1,
2028089,2991689,1029916891863372,,10,1,
2028089,2991682,1129916821863372,,11,1,
2028089,2991684,1129916841863372,,11,1,
2028089,2991685,1129916851863372,,11,1,
2028089,2991686,1129916861863372,,11,1,
2028089,2991688,1129916881863372,,11,1,
2028089,2991689,1129916891863372,,11,1,
2028089,2991682,1229916821863372,,12,1,
2028089,2991684,1229916841863372,,12,1,
2028089,2991685,1229916851863372,,12,1,
2028089,2991686,1229916861863372,,12,1,
2028089,2991688,1229916881863372,,12,1,
2028089,2991689,1229916891863372,,12,1,
2028089,2991682,129916821863372,,1,1,
2028089,2991684,129916841863372,,1,1,
2028089,2991685,129916851863372,,1,1,
2028089,2991686,129916861863372,,1,1,
2028089,2991688,129916881863372,,1,1,
2028089,2991689,129916891863372,,1,1,
2028089,2991682,1329916821863372,,13,1,
2028089,2991684,1329916841863372,,13,1,
2028089,2991685,1329916851863372,,13,1,
2028089,2991686,1329916861863372,,13,1,
2028089,2991688,1329916881863372,,13,1,
2028089,2991689,1329916891863372,,13,1,
2028089,2991682,1429916821863372,,14,1,
2028089,2991684,1429916841863372,,14,1,
2028089,2991685,1429916851863372,,14,1,
2028089,2991686,1429916861863372,,14,1,
2028089,2991688,1429916881863372,,14,1,
2028089,2991689,1429916891863372,,14,1,
2028089,2991682,1529916821863372,,15,1,
2028089,2991684,1529916841863372,,15,1,
2028089,2991685,1529916851863372,,15,1,
2028089,2991686,1529916861863372,,15,1,
2028089,2991688,1529916881863372,,15,1,
2028089,2991689,1529916891863372,,15,1,
2028089,12991682,1629916821863372,,16,1,
2028089,2991684,1629916841863372,,16,1,
2028089,2991685,1629916851863372,,16,1,
2028089,2991686,1629916861863372,,16,1,
2028089,2991688,1629916881863372,,16,1,
2028089,2991689,1629916891863372,,16,1,
2028089,12991682,1729916821863372,,17,1,
2028089,2991684,1729916841863372,,17,1,
2028089,2991685,1729916851863372,,17,1,
2028089,2991686,1729916861863372,,17,1,
2028089,2991688,1729916881863372,,17,1,
2028089,2991689,1729916891863372,,17,1,
2028089,12991682,1829916821863372,,18,1,
2028089,2991684,1829916841863372,,18,1,
2028089,2991685,1829916851863372,,18,1,
2028089,2991686,1829916861863372,,18,1,
2028089,2991688,1829916881863372,,18,1,
2028089,2991689,1829916891863372,,18,1,
2028089,12991682,1929916821863372,,19,1,
2028089,2991684,1929916841863372,,19,1,
2028089,2991685,1929916851863372,,19,1,
2028089,2991686,1929916861863372,,19,1,
2028089,2991688,1929916881863372,,19,1,
2028089,2991689,1929916891863372,,19,1,
2028089,12991682,2029916821863372,,20,1,
2028089,2991684,2029916841863372,,20,1,
2028089,2991685,2029916851863372,,20,1,
2028089,2991686,2029916861863372,,20,1,
2028089,12991688,2029916881863372,,20,1,
2028089,12991689,2029916891863372,,20,1,
2028089,12991682,2129916821863372,,21,1,
2028089,12991684,2129916841863372,,21,1,
2028089,12991685,2129916851863372,,21,1,
2028089,12991686,2129916861863372,,21,1,
2028089,12991688,2129916881863372,,21,1,
2028089,12991689,2129916891863372,,21,1,
2028089,12991684,2229916841863372,,22,1,
2028089,12991685,2229916851863372,,22,1,
2028089,12991686,2229916861863372,,22,1,
2028089,12991688,2229916881863372,,22,1,
2028089,12991689,2229916891863372,,22,1,
2028089,2991682,229916821863372,,2,1,
2028089,2991684,229916841863372,,2,1,
2028089,2991685,229916851863372,,2,1,
2028089,2991686,229916861863372,,2,1,
2028089,2991688,229916881863372,,2,1,
2028089,2991689,229916891863372,,2,1,
2028089,12991684,2329916841863372,,23,1,
2028089,12991685,2329916851863372,,23,1,
2028089,12991686,2329916861863372,,23,1,
2028089,12991688,2329916881863372,,23,1,
2028089,12991689,2329916891863372,,23,1,
2028089,12991684,2429916841863372,,24,1,
2028089,12991685,2429916851863372,,24,1,
2028089,12991686,2429916861863372,,24,1,
2028089,12991688,2429916881863372,,24,1,
2028089,12991689,2429916891863372,,24,1,
2028089,12991684,2529916841863372,,25,1,
2028089,12991685,2529916851863372,,25,1,
2028089,12991686,2529916861863372,,25,1,
2028089,12991688,2529916881863372,,25,1,
2028089,12991689,2529916891863372,,25,1,
2028089,12991684,2629916841863372,,26,1,
2028089,12991685,2629916851863372,,26,1,
2028089,12991686,2629916861863372,,26,1,
2028089,2991682,329916821863372,,3,1,
2028089,2991684,329916841863372,,3,1,
2028089,2991685,329916851863372,,3,1,
2028089,2991686,329916861863372,,3,1,
2028089,2991688,329916881863372,,3,1,
2028089,2991689,329916891863372,,3,1,
2028089,2991682,429916821863372,,4,1,
2028089,2991684,429916841863372,,4,1,
2028089,2991685,429916851863372,,4,1,
2028089,2991686,429916861863372,,4,1,
2028089,2991688,429916881863372,,4,1,
2028089,2991689,429916891863372,,4,1,
2028089,2991682,529916821863372,,5,1,
2028089,2991684,529916841863372,,5,1,
2028089,2991685,529916851863372,,5,1,
2028089,2991686,529916861863372,,5,1,
2028089,2991688,529916881863372,,5,1,
2028089,2991689,529916891863372,,5,1,
2028089,2991682,629916821863372,,6,1,
2028089,2991684,629916841863372,,6,1,
2028089,2991685,629916851863372,,6,1,
2028089,2991686,629916861863372,,6,1,
2028089,2991688,629916881863372,,6,1,
2028089,2991689,629916891863372,,6,1,
2028089,2991682,729916821863372,,7,1,
2028089,2991684,729916841863372,,7,1,
2028089,2991685,729916851863372,,7,1,
2028089,2991686,729916861863372,,7,1,
2028089,2991688,729916881863372,,7,1,
2028089,2991689,729916891863372,,7,1,
2028089,2991682,829916821863372,,8,1,
2028089,2991684,829916841863372,,8,1,
2028089,2991685,829916851863372,,8,1,
2028089,2991686,829916861863372,,8,1,
2028089,2991688,829916881863372,,8,1,
2028089,2991689,829916891863372,,8,1,
2028089,2991682,929916821863372,,9,1,
2028089,2991684,929916841863372,,9,1,
2028089,2991685,929916851863372,,9,1,
2028089,2991686,929916861863372,,9,1,
2028089,2991688,929916881863372,,9,1,
2028089,2991689,929916891863372,,9,1,
2178457,2991656,1029916560875589,,10,0,
2178457,2991658,1029916580875589,,10,0,
2178457,2991659,1029916590875589,,10,0,
2178457,2991660,1029916600875589,,10,0,
2178457,2991662,1029916620875589,,10,0,
2178457,2991663,1029916630875589,,10,0,
2178457,2991656,1129916560875589,,11,0,
2178457,2991658,1129916580875589,,11,0,
2178457,2991659,1129916590875589,,11,0,
2178457,2991660,1129916600875589,,11,0,
2178457,2991662,1129916620875589,,11,0,
2178457,2991663,1129916630875589,,11,0,
2178457,2991656,1229916560875589,,12,0,
2178457,2991658,1229916580875589,,12,0,
2178457,2991659,1229916590875589,,12,0,
2178457,2991660,1229916600875589,,12,0,
2178457,2991662,1229916620875589,,12,0,
2178457,2991663,1229916630875589,,12,0,
2178457,2991656,129916560875589,,1,0,
2178457,2991658,129916580875589,,1,0,
2178457,2991659,129916590875589,,1,0,
2178457,2991660,129916600875589,,1,0,
2178457,2991662,129916620875589,,1,0,
2178457,2991663,129916630875589,,1,0,
2178457,2991656,1329916560875589,,13,0,
2178457,2991658,1329916580875589,,13,0,
2178457,2991659,1329916590875589,,13,0,
2178457,2991660,1329916600875589,,13,0,
2178457,2991662,1329916620875589,,13,0,
2178457,2991663,1329916630875589,,13,0,
2178457,2991656,1429916560875589,,14,0,
2178457,2991658,1429916580875589,,14,0,
2178457,2991659,1429916590875589,,14,0,
2178457,2991660,1429916600875589,,14,0,
2178457,2991662,1429916620875589,,14,0,
2178457,2991663,1429916630875589,,14,0,
2178457,2991656,1529916560875589,,15,0,
2178457,2991658,1529916580875589,,15,0,
2178457,2991659,1529916590875589,,15,0,
2178457,2991660,1529916600875589,,15,0,
2178457,2991662,1529916620875589,,15,0,
2178457,2991663,1529916630875589,,15,0,
2178457,2991656,1629916560875589,,16,0,
2178457,2991658,1629916580875589,,16,0,
2178457,2991659,1629916590875589,,16,0,
2178457,2991660,1629916600875589,,16,0,
2178457,2991662,1629916620875589,,16,0,
2178457,2991663,1629916630875589,,16,0,
2178457,2991656,1729916560875589,,17,0,
2178457,2991658,1729916580875589,,17,0,
2178457,2991659,1729916590875589,,17,0,
2178457,2991660,1729916600875589,,17,0,
2178457,2991662,1729916620875589,,17,0,
2178457,2991663,1729916630875589,,17,0,
2178457,2991656,1829916560875589,,18,0,
2178457,2991658,1829916580875589,,18,0,
2178457,2991659,1829916590875589,,18,0,
2178457,2991660,1829916600875589,,18,0,
2178457,2991662,1829916620875589,,18,0,
2178457,2991663,1829916630875589,,18,0,
2178457,2991656,1929916560875589,,19,0,
2178457,2991658,1929916580875589,,19,0,
2178457,2991659,1929916590875589,,19,0,
2178457,2991660,1929916600875589,,19,0,
2178457,2991662,1929916620875589,,19,0,
2178457,2991663,1929916630875589,,19,0,
2178457,2991656,2029916560875589,,20,0,
2178457,2991658,2029916580875589,,20,0,
2178457,2991659,2029916590875589,,20,0,
2178457,2991660,2029916600875589,,20,0,
2178457,2991662,2029916620875589,,20,0,
2178457,2991663,2029916630875589,,20,0,
2178457,2991656,2129916560875589,,21,0,
2178457,2991658,2129916580875589,,21,0,
2178457,2991659,2129916590875589,,21,0,
2178457,2991660,2129916600875589,,21,0,
2178457,2991662,2129916620875589,,21,0,
2178457,2991663,2129916630875589,,21,0,
2178457,2991656,2229916560875589,,22,0,
2178457,2991658,2229916580875589,,22,0,
2178457,2991659,2229916590875589,,22,0,
2178457,2991660,2229916600875589,,22,0,
2178457,2991662,2229916620875589,,22,0,
2178457,2991663,2229916630875589,,22,0,
2178457,2991656,229916560875589,,2,0,
2178457,2991658,229916580875589,,2,0,
2178457,2991659,229916590875589,,2,0,
2178457,2991660,229916600875589,,2,0,
2178457,2991662,229916620875589,,2,0,
2178457,2991663,229916630875589,,2,0,
2178457,2991656,2329916560875589,,23,0,
2178457,2991658,2329916580875589,,23,0,
2178457,2991659,2329916590875589,,23,0,
2178457,2991660,2329916600875589,,23,0,
2178457,2991662,2329916620875589,,23,0,
2178457,2991663,2329916630875589,,23,0,
2178457,2991656,2429916560875589,,24,0,
2178457,2991658,2429916580875589,,24,0,
2178457,2991659,2429916590875589,,24,0,
2178457,2991660,2429916600875589,,24,0,
2178457,2991662,2429916620875589,,24,0,
2178457,2991663,2429916630875589,,24,0,
2178457,2991656,2529916560875589,,25,0,
2178457,2991658,2529916580875589,,25,0,
2178457,2991659,2529916590875589,,25,0,
2178457,2991660,2529916600875589,,25,0,
2178457,2991662,2529916620875589,,25,0,
2178457,2991663,2529916630875589,,25,0,
2178457,2991656,2629916560875589,,26,0,
2178457,2991658,2629916580875589,,26,0,
2178457,2991659,2629916590875589,,26,0,
2178457,2991660,2629916600875589,,26,0,
2178457,2991662,2629916620875589,,26,0,
2178457,2991663,2629916630875589,,26,0,
2178457,2991656,2729916560875589,,27,0,
2178457,2991658,2729916580875589,,27,0,
2178457,2991659,2729916590875589,,27,0,
2178457,2991660,2729916600875589,,27,0,
2178457,2991662,2729916620875589,,27,0,
2178457,2991663,2729916630875589,,27,0,
2178457,2991656,2829916560875589,,28,0,
2178457,2991658,2829916580875589,,28,0,
2178457,2991659,2829916590875589,,28,0,
2178457,2991660,2829916600875589,,28,0,
2178457,2991662,2829916620875589,,28,0,
2178457,2991663,2829916630875589,,28,0,
2178457,2991656,2929916560875589,,29,0,
2178457,2991658,2929916580875589,,29,0,
2178457,2991659,2929916590875589,,29,0,
2178457,2991660,2929916600875589,,29,0,
2178457,2991662,2929916620875589,,29,0,
2178457,2991663,2929916630875589,,29,0,
2178457,2991656,3029916560875589,,30,0,
2178457,2991658,3029916580875589,,30,0,
2178457,2991659,3029916590875589,,30,0,
2178457,2991660,3029916600875589,,30,0,
2178457,2991662,3029916620875589,,30,0,
2178457,2991663,3029916630875589,,30,0,
2178457,2991656,3129916560875589,,31,0,
2178457,2991658,3129916580875589,,31,0,
2178457,2991659,3129916590875589,,31,0,
2178457,2991660,3129916600875589,,31,0,
2178457,2991662,3129916620875589,,31,0,
2178457,2991663,3129916630875589,,31,0,
2178457,2991656,3229916560875589,,32,0,
2178457,2991658,3229916580875589,,32,0,
2178457,2991659,3229916590875589,,32,0,
2178457,2991660,3229916600875589,,32,0,
2178457,2991662,3229916620875589,,32,0,
2178457,2991663,3229916630875589,,32,0,
2178457,2991656,329916560875589,,3,0,
2178457,2991658,329916580875589,,3,0,
2178457,2991659,329916590875589,,3,0,
2178457,2991660,329916600875589,,3,0,
2178457,2991662,329916620875589,,3,0,
2178457,2991663,329916630875589,,3,0,
2178457,2991656,3329916560875589,,33,0,
2178457,2991658,3329916580875589,,33,0,
2178457,2991659,3329916590875589,,33,0,
2178457,2991660,3329916600875589,,33,0,
2178457,2991662,3329916620875589,,33,0,
2178457,2991663,3329916630875589,,33,0,
2178457,2991656,3429916560875589,,34,0,
2178457,2991658,3429916580875589,,34,0,
2178457,2991659,3429916590875589,,34,0,
2178457,2991660,3429916600875589,,34,0,
2178457,2991662,3429916620875589,,34,0,
2178457,2991663,3429916630875589,,34,0,
2178457,2991656,3529916560875589,,35,0,
2178457,2991658,3529916580875589,,35,0,
2178457,2991659,3529916590875589,,35,0,
2178457,2991660,3529916600875589,,35,0,
2178457,2991662,3529916620875589,,35,0,
2178457,2991663,3529916630875589,,35,0,
2178457,2991656,3629916560875589,,36,0,
2178457,2991658,3629916580875589,,36,0,
2178457,2991659,3629916590875589,,36,0,
2178457,2991660,3629916600875589,,36,0,
2178457,2991662,3629916620875589,,36,0,
2178457,2991663,3629916630875589,,36,0,
2178457,2991656,3729916560875589,,37,0,
2178457,2991658,3729916580875589,,37,0,
2178457,2991659,3729916590875589,,37,0,
2178457,2991660,3729916600875589,,37,0,
2178457,2991662,3729916620875589,,37,0,
2178457,2991663,3729916630875589,,37,0,
2178457,2991658,3829916580875589,,38,0,
2178457,2991659,3829916590875589,,38,0,
2178457,2991660,3829916600875589,,38,0,
2178457,2991662,3829916620875589,,38,0,
2178457,2991663,3829916630875589,,38,0,
2178457,2991658,3929916580875589,,39,0,
2178457,2991659,3929916590875589,,39,0,
2178457,2991660,3929916600875589,,39,0,
2178457,2991662,3929916620875589,,39,0,
2178457,2991663,3929916630875589,,39,0,
2178457,2991658,4029916580875589,,40,0,
2178457,2991659,4029916590875589,,40,0,
2178457,2991660,4029916600875589,,40,0,
2178457,2991662,4029916620875589,,40,0,
2178457,2991663,4029916630875589,,40,0,
2178457,2991658,4129916580875589,,41,0,
2178457,2991659,4129916590875589,,41,0,
2178457,2991660,4129916600875589,,41,0,
2178457,2991662,4129916620875589,,41,0,
2178457,2991663,4129916630875589,,41,0,
2178457,2991658,4229916580875589,,42,0,
2178457,2991659,4229916590875589,,42,0,
2178457,2991660,4229916600875589,,42,0,
2178457,2991662,4229916620875589,,42,0,
2178457,2991663,4229916630875589,,42,0,
2178457,2991656,429916560875589,,4,0,
2178457,2991658,429916580875589,,4,0,
2178457,2991659,429916590875589,,4,0,
2178457,2991660,429916600875589,,4,0,
2178457,2991662,429916620875589,,4,0,
2178457,2991663,429916630875589,,4,0,
2178457,2991658,4329916580875589,,43,0,
2178457,2991659,4329916590875589,,43,0,
2178457,2991660,4329916600875589,,43,0,
2178457,2991662,4329916620875589,,43,0,
2178457,2991663,4329916630875589,,43,0,
2178457,2991658,4429916580875589,,44,0,
2178457,2991659,4429916590875589,,44,0,
2178457,2991660,4429916600875589,,44,0,
2178457,2991662,4429916620875589,,44,0,
2178457,2991663,4429916630875589,,44,0,
2178457,2991658,4529916580875589,,45,0,
2178457,2991659,4529916590875589,,45,0,
2178457,2991660,4529916600875589,,45,0,
2178457,2991662,4529916620875589,,45,0,
2178457,2991663,4529916630875589,,45,0,
2178457,2991658,4629916580875589,,46,0,
2178457,2991659,4629916590875589,,46,0,
2178457,2991660,4629916600875589,,46,0,
2178457,2991662,4629916620875589,,46,0,
2178457,2991658,4729916580875589,,47,0,
2178457,2991659,4729916590875589,,47,0,
2178457,2991660,4729916600875589,,47,0,
2178457,2991662,4729916620875589,,47,0,
2178457,2991658,4829916580875589,,48,0,
2178457,2991659,4829916590875589,,48,0,
2178457,2991660,4829916600875589,,48,0,
2178457,2991662,4829916620875589,,48,0,
2178457,2991658,4929916580875589,,49,0,
2178457,2991659,4929916590875589,,49,0,
2178457,2991660,4929916600875589,,49,0,
2178457,2991662,4929916620875589,,49,0,
2178457,2991658,5029916580875589,,50,0,
2178457,2991659,5029916590875589,,50,0,
2178457,2991660,5029916600875589,,50,0,
2178457,2991662,5029916620875589,,50,0,
2178457,2991658,5129916580875589,,51,0,
2178457,2991659,5129916590875589,,51,0,
2178457,2991660,5129916600875589,,51,0,
2178457,2991658,5229916580875589,,52,0,
2178457,2991659,5229916590875589,,52,0,
2178457,2991660,5229916600875589,,52,0,
2178457,2991656,529916560875589,,5,0,
2178457,2991658,529916580875589,,5,0,
2178457,2991659,529916590875589,,5,0,
2178457,2991660,529916600875589,,5,0,
2178457,2991662,529916620875589,,5,0,
2178457,2991663,529916630875589,,5,0,
2178457,2991658,5329916580875589,,53,0,
2178457,2991659,5329916590875589,,53,0,
2178457,2991660,5329916600875589,,53,0,
2178457,2991658,5429916580875589,,54,0,
2178457,2991659,5429916590875589,,54,0,
2178457,2991660,5429916600875589,,54,0,
2178457,2991658,5529916580875589,,55,0,
2178457,2991659,5529916590875589,,55,0,
2178457,2991660,5529916600875589,,55,0,
2178457,2991658,5629916580875589,,56,0,
2178457,2991659,5629916590875589,,56,0,
2178457,2991660,5629916600875589,,56,0,
2178457,2991658,5729916580875589,,57,0,
2178457,2991659,5729916590875589,,57,0,
2178457,2991660,5729916600875589,,57,0,
2178457,2991658,5829916580875589,,58,0,
2178457,2991659,5829916590875589,,58,0,
2178457,2991660,5829916600875589,,58,0,
2178457,2991658,5929916580875589,,59,0,
2178457,2991659,5929916590875589,,59,0,
2178457,2991660,5929916600875589,,59,0,
2178457,2991658,6029916580875589,,60,0,
2178457,2991659,6029916590875589,,60,0,
2178457,2991660,6029916600875589,,60,0,
2178457,2991658,6129916580875589,,61,0,
2178457,2991659,6129916590875589,,61,0,
2178457,2991660,6129916600875589,,61,0,
2178457,2991659,6229916590875589,,62,0,
2178457,2991660,6229916600875589,,62,0,
2178457,2991656,629916560875589,,6,0,
2178457,2991658,629916580875589,,6,0,
2178457,2991659,629916590875589,,6,0,
2178457,2991660,629916600875589,,6,0,
2178457,2991662,629916620875589,,6,0,
2178457,2991663,629916630875589,,6,0,
2178457,2991659,6329916590875589,,63,0,
2178457,2991660,6329916600875589,,63,0,
2178457,2991659,6429916590875589,,64,0,
2178457,2991660,6429916600875589,,64,0,
2178457,2991659,6529916590875589,,65,0,
2178457,2991660,6529916600875589,,65,0,
2178457,2991659,6629916590875589,,66,0,
2178457,2991660,6629916600875589,,66,0,
2178457,2991659,6729916590875589,,67,0,
2178457,2991660,6729916600875589,,67,0,
2178457,2991659,6829916590875589,,68,0,
2178457,2991660,6829916600875589,,68,0,
2178457,2991656,729916560875589,,7,0,
2178457,2991658,729916580875589,,7,0,
2178457,2991659,729916590875589,,7,0,
2178457,2991660,729916600875589,,7,0,
2178457,2991662,729916620875589,,7,0,
2178457,2991663,729916630875589,,7,0,
2178457,2991656,829916560875589,,8,0,
2178457,2991658,829916580875589,,8,0,
2178457,2991659,829916590875589,,8,0,
2178457,2991660,829916600875589,,8,0,
2178457,2991662,829916620875589,,8,0,
2178457,2991663,829916630875589,,8,0,
2178457,2991656,929916560875589,,9,0,
2178457,2991658,929916580875589,,9,0,
2178457,2991659,929916590875589,,9,0,
2178457,2991660,929916600875589,,9,0,
2178457,2991662,929916620875589,,9,0,
2178457,2991663,929916630875589,,9,0,
2178458,2991656,1029916560875588,,10,1,
2178458,2991658,1029916580875588,,10,1,
2178458,2991659,1029916590875588,,10,1,
2178458,2991660,1029916600875588,,10,1,
2178458,2991662,1029916620875588,,10,1,
2178458,2991663,1029916630875588,,10,1,
2178458,2991656,1129916560875588,,11,1,
2178458,2991658,1129916580875588,,11,1,
2178458,2991659,1129916590875588,,11,1,
2178458,2991660,1129916600875588,,11,1,
2178458,2991662,1129916620875588,,11,1,
2178458,2991663,1129916630875588,,11,1,
2178458,2991656,1229916560875588,,12,1,
2178458,2991658,1229916580875588,,12,1,
2178458,2991659,1229916590875588,,12,1,
2178458,2991660,1229916600875588,,12,1,
2178458,2991662,1229916620875588,,12,1,
2178458,2991663,1229916630875588,,12,1,
2178458,2991656,129916560875588,,1,1,
2178458,2991658,129916580875588,,1,1,
2178458,2991659,129916590875588,,1,1,
2178458,2991660,129916600875588,,1,1,
2178458,2991662,129916620875588,,1,1,
2178458,2991663,129916630875588,,1,1,
2178458,2991656,1329916560875588,,13,1,
2178458,2991658,1329916580875588,,13,1,
2178458,2991659,1329916590875588,,13,1,
2178458,2991660,1329916600875588,,13,1,
2178458,2991662,1329916620875588,,13,1,
2178458,2991663,1329916630875588,,13,1,
2178458,2991656,1429916560875588,,14,1,
2178458,2991658,1429916580875588,,14,1,
2178458,2991659,1429916590875588,,14,1,
2178458,2991660,1429916600875588,,14,1,
2178458,2991662,1429916620875588,,14,1,
2178458,2991663,1429916630875588,,14,1,
2178458,2991656,1529916560875588,,15,1,
2178458,2991658,1529916580875588,,15,1,
2178458,2991659,1529916590875588,,15,1,
2178458,2991660,1529916600875588,,15,1,
2178458,2991662,1529916620875588,,15,1,
2178458,2991663,1529916630875588,,15,1,
2178458,2991656,1629916560875588,,16,1,
2178458,2991658,1629916580875588,,16,1,
2178458,2991659,1629916590875588,,16,1,
2178458,2991660,1629916600875588,,16,1,
2178458,2991662,1629916620875588,,16,1,
2178458,2991663,1629916630875588,,16,1,
2178458,2991656,1729916560875588,,17,1,
2178458,2991658,1729916580875588,,17,1,
2178458,2991659,1729916590875588,,17,1,
2178458,2991660,1729916600875588,,17,1,
2178458,2991662,1729916620875588,,17,1,
2178458,2991663,1729916630875588,,17,1,
2178458,2991656,1829916560875588,,18,1,
2178458,2991658,1829916580875588,,18,1,
2178458,2991659,1829916590875588,,18,1,
2178458,2991660,1829916600875588,,18,1,
2178458,2991662,1829916620875588,,18,1,
2178458,2991663,1829916630875588,,18,1,
2178458,2991656,1929916560875588,,19,1,
2178458,2991658,1929916580875588,,19,1,
2178458,2991659,1929916590875588,,19,1,
2178458,2991660,1929916600875588,,19,1,
2178458,2991662,1929916620875588,,19,1,
2178458,2991663,1929916630875588,,19,1,
2178458,2991656,2029916560875588,,20,1,
2178458,2991658,2029916580875588,,20,1,
2178458,2991659,2029916590875588,,20,1,
2178458,2991660,2029916600875588,,20,1,
2178458,2991662,2029916620875588,,20,1,
2178458,2991663,2029916630875588,,20,1,
2178458,2991656,2129916560875588,,21,1,
2178458,2991658,2129916580875588,,21,1,
2178458,2991659,2129916590875588,,21,1,
2178458,2991660,2129916600875588,,21,1,
2178458,2991662,2129916620875588,,21,1,
2178458,2991663,2129916630875588,,21,1,
2178458,2991656,2229916560875588,,22,1,
2178458,2991658,2229916580875588,,22,1,
2178458,2991659,2229916590875588,,22,1,
2178458,2991660,2229916600875588,,22,1,
2178458,2991662,2229916620875588,,22,1,
2178458,2991663,2229916630875588,,22,1,
2178458,2991656,229916560875588,,2,1,
2178458,2991658,229916580875588,,2,1,
2178458,2991659,229916590875588,,2,1,
2178458,2991660,229916600875588,,2,1,
2178458,2991662,229916620875588,,2,1,
2178458,2991663,229916630875588,,2,1,
2178458,2991656,2329916560875588,,23,1,
2178458,2991658,2329916580875588,,23,1,
2178458,2991659,2329916590875588,,23,1,
2178458,2991660,2329916600875588,,23,1,
2178458,2991662,2329916620875588,,23,1,
2178458,2991663,2329916630875588,,23,1,
2178458,2991656,2429916560875588,,24,1,
2178458,2991658,2429916580875588,,24,1,
2178458,2991659,2429916590875588,,24,1,
2178458,2991660,2429916600875588,,24,1,
2178458,2991662,2429916620875588,,24,1,
2178458,2991663,2429916630875588,,24,1,
2178458,2991656,2529916560875588,,25,1,
2178458,2991658,2529916580875588,,25,1,
2178458,2991659,2529916590875588,,25,1,
2178458,2991660,2529916600875588,,25,1,
2178458,2991662,2529916620875588,,25,1,
2178458,2991663,2529916630875588,,25,1,
2178458,2991656,2629916560875588,,26,1,
2178458,2991658,2629916580875588,,26,1,
2178458,2991659,2629916590875588,,26,1,
2178458,2991660,2629916600875588,,26,1,
2178458,2991662,2629916620875588,,26,1,
2178458,2991663,2629916630875588,,26,1,
2178458,2991656,2729916560875588,,27,1,
2178458,2991658,2729916580875588,,27,1,
2178458,2991659,2729916590875588,,27,1,
2178458,2991660,2729916600875588,,27,1,
2178458,2991662,2729916620875588,,27,1,
2178458,2991663,2729916630875588,,27,1,
2178458,2991656,2829916560875588,,28,1,
2178458,2991658,2829916580875588,,28,1,
2178458,2991659,2829916590875588,,28,1,
2178458,2991660,2829916600875588,,28,1,
2178458,2991662,2829916620875588,,28,1,
2178458,2991663,2829916630875588,,28,1,
2178458,2991656,2929916560875588,,29,1,
2178458,2991658,2929916580875588,,29,1,
2178458,2991659,2929916590875588,,29,1,
2178458,2991660,2929916600875588,,29,1,
2178458,2991662,2929916620875588,,29,1,
2178458,2991663,2929916630875588,,29,1,
2178458,2991656,3029916560875588,,30,1,
2178458,2991658,3029916580875588,,30,1,
2178458,2991659,3029916590875588,,30,1,
2178458,2991660,3029916600875588,,30,1,
2178458,2991662,3029916620875588,,30,1,
2178458,2991663,3029916630875588,,30,1,
2178458,2991656,3129916560875588,,31,1,
2178458,2991658,3129916580875588,,31,1,
2178458,2991659,3129916590875588,,31,1,
2178458,2991660,3129916600875588,,31,1,
2178458,2991662,3129916620875588,,31,1,
2178458,2991663,3129916630875588,,31,1,
2178458,2991656,3229916560875588,,32,1,
2178458,2991658,3229916580875588,,32,1,
2178458,2991659,3229916590875588,,32,1,
2178458,2991660,3229916600875588,,32,1,
2178458,2991662,3229916620875588,,32,1,
2178458,2991663,3229916630875588,,32,1,
2178458,2991656,329916560875588,,3,1,
2178458,2991658,329916580875588,,3,1,
2178458,2991659,329916590875588,,3,1,
2178458,2991660,329916600875588,,3,1,
2178458,2991662,329916620875588,,3,1,
2178458,2991663,329916630875588,,3,1,
2178458,2991656,3329916560875588,,33,1,
2178458,2991658,3329916580875588,,33,1,
2178458,2991659,3329916590875588,,33,1,
2178458,2991660,3329916600875588,,33,1,
2178458,2991662,3329916620875588,,33,1,
2178458,2991663,3329916630875588,,33,1,
2178458,2991656,3429916560875588,,34,1,
2178458,2991658,3429916580875588,,34,1,
2178458,2991659,3429916590875588,,34,1,
2178458,2991660,3429916600875588,,34,1,
2178458,2991662,3429916620875588,,34,1,
2178458,2991663,3429916630875588,,34,1,
2178458,2991656,3529916560875588,,35,1,
2178458,2991658,3529916580875588,,35,1,
2178458,2991659,3529916590875588,,35,1,
2178458,2991660,3529916600875588,,35,1,
2178458,2991662,3529916620875588,,35,1,
2178458,2991663,3529916630875588,,35,1,
2178458,2991656,3629916560875588,,36,1,
2178458,2991658,3629916580875588,,36,1,
2178458,2991659,3629916590875588,,36,1,
2178458,2991660,3629916600875588,,36,1,
2178458,2991662,3629916620875588,,36,1,
2178458,2991663,3629916630875588,,36,1,
2178458,2991656,3729916560875588,,37,1,
2178458,2991658,3729916580875588,,37,1,
2178458,2991659,3729916590875588,,37,1,
2178458,2991660,3729916600875588,,37,1,
2178458,2991662,3729916620875588,,37,1,
2178458,2991663,3729916630875588,,37,1,
2178458,2991658,3829916580875588,,38,1,
2178458,2991659,3829916590875588,,38,1,
2178458,2991660,3829916600875588,,38,1,
2178458,2991662,3829916620875588,,38,1,
2178458,2991663,3829916630875588,,38,1,
2178458,2991658,3929916580875588,,39,1,
2178458,2991659,3929916590875588,,39,1,
2178458,2991660,3929916600875588,,39,1,
2178458,2991662,3929916620875588,,39,1,
2178458,2991663,3929916630875588,,39,1,
2178458,2991658,4029916580875588,,40,1,
2178458,2991659,4029916590875588,,40,1,
2178458,2991660,4029916600875588,,40,1,
2178458,2991662,4029916620875588,,40,1,
2178458,2991663,4029916630875588,,40,1,
2178458,2991658,4129916580875588,,41,1,
2178458,2991659,4129916590875588,,41,1,
2178458,2991660,4129916600875588,,41,1,
2178458,2991662,4129916620875588,,41,1,
2178458,2991663,4129916630875588,,41,1,
2178458,2991658,4229916580875588,,42,1,
2178458,2991659,4229916590875588,,42,1,
2178458,2991660,4229916600875588,,42,1,
2178458,2991662,4229916620875588,,42,1,
2178458,2991663,4229916630875588,,42,1,
2178458,2991656,429916560875588,,4,1,
2178458,2991658,429916580875588,,4,1,
2178458,2991659,429916590875588,,4,1,
2178458,2991660,429916600875588,,4,1,
2178458,2991662,429916620875588,,4,1,
2178458,2991663,429916630875588,,4,1,
2178458,2991658,4329916580875588,,43,1,
2178458,2991659,4329916590875588,,43,1,
2178458,2991660,4329916600875588,,43,1,
2178458,2991662,4329916620875588,,43,1,
2178458,2991663,4329916630875588,,43,1,
2178458,2991658,4429916580875588,,44,1,
2178458,2991659,4429916590875588,,44,1,
2178458,2991660,4429916600875588,,44,1,
2178458,2991662,4429916620875588,,44,1,
2178458,2991663,4429916630875588,,44,1,
2178458,2991658,4529916580875588,,45,1,
2178458,2991659,4529916590875588,,45,1,
2178458,2991660,4529916600875588,,45,1,
2178458,2991662,4529916620875588,,45,1,
2178458,2991658,4629916580875588,,46,1,
2178458,2991659,4629916590875588,,46,1,
2178458,2991660,4629916600875588,,46,1,
2178458,2991662,4629916620875588,,46,1,
2178458,2991658,4729916580875588,,47,1,
2178458,2991659,4729916590875588,,47,1,
2178458,2991660,4729916600875588,,47,1,
2178458,2991662,4729916620875588,,47,1,
2178458,2991658,4829916580875588,,48,1,
2178458,2991659,4829916590875588,,48,1,
2178458,2991660,4829916600875588,,48,1,
2178458,2991662,4829916620875588,,48,1,
2178458,2991658,4929916580875588,,49,1,
2178458,2991659,4929916590875588,,49,1,
2178458,2991660,4929916600875588,,49,1,
2178458,2991662,4929916620875588,,49,1,
2178458,2991658,5029916580875588,,50,1,
2178458,2991659,5029916590875588,,50,1,
2178458,2991660,5029916600875588,,50,1,
2178458,2991658,5129916580875588,,51,1,
2178458,2991659,5129916590875588,,51,1,
2178458,2991660,5129916600875588,,51,1,
2178458,2991658,5229916580875588,,52,1,
2178458,2991659,5229916590875588,,52,1,
2178458,2991660,5229916600875588,,52,1,
2178458,2991656,529916560875588,,5,1,
2178458,2991658,529916580875588,,5,1,
2178458,2991659,529916590875588,,5,1,
2178458,2991660,529916600875588,,5,1,
2178458,2991662,529916620875588,,5,1,
2178458,2991663,529916630875588,,5,1,
2178458,2991658,5329916580875588,,53,1,
2178458,2991659,5329916590875588,,53,1,
2178458,2991660,5329916600875588,,53,1,
2178458,2991658,5429916580875588,,54,1,
2178458,2991659,5429916590875588,,54,1,
2178458,2991660,5429916600875588,,54,1,
2178458,2991658,5529916580875588,,55,1,
2178458,2991659,5529916590875588,,55,1,
2178458,2991660,5529916600875588,,55,1,
2178458,2991658,5629916580875588,,56,1,
2178458,2991659,5629916590875588,,56,1,
2178458,2991660,5629916600875588,,56,1,
2178458,2991658,5729916580875588,,57,1,
2178458,2991659,5729916590875588,,57,1,
2178458,2991660,5729916600875588,,57,1,
2178458,2991658,5829916580875588,,58,1,
2178458,2991659,5829916590875588,,58,1,
2178458,2991660,5829916600875588,,58,1,
2178458,2991658,5929916580875588,,59,1,
2178458,2991659,5929916590875588,,59,1,
2178458,2991660,5929916600875588,,59,1,
2178458,2991658,6029916580875588,,60,1,
2178458,2991659,6029916590875588,,60,1,
2178458,2991660,6029916600875588,,60,1,
2178458,2991658,6129916580875588,,61,1,
2178458,2991659,6129916590875588,,61,1,
2178458,2991660,6129916600875588,,61,1,
2178458,2991658,6229916580875588,,62,1,
2178458,2991659,6229916590875588,,62,1,
2178458,2991660,6229916600875588,,62,1,
2178458,2991656,629916560875588,,6,1,
2178458,2991658,629916580875588,,6,1,
2178458,2991659,629916590875588,,6,1,
2178458,2991660,629916600875588,,6,1,
2178458,2991662,629916620875588,,6,1,
2178458,2991663,629916630875588,,6,1,
2178458,2991658,6329916580875588,,63,1,
2178458,2991659,6329916590875588,,63,1,
2178458,2991660,6329916600875588,,63,1,
2178458,2991659,6429916590875588,,64,1,
2178458,2991660,6429916600875588,,64,1,
2178458,2991659,6529916590875588,,65,1,
2178458,2991660,6529916600875588,,65,1,
2178458,2991659,6629916590875588,,66,1,
2178458,2991660,6629916600875588,,66,1,
2178458,2991656,729916560875588,,7,1,
2178458,2991658,729916580875588,,7,1,
2178458,2991659,729916590875588,,7,1,
2178458,2991660,729916600875588,,7,1,
2178458,2991662,729916620875588,,7,1,
2178458,2991663,729916630875588,,7,1,
2178458,2991656,829916560875588,,8,1,
2178458,2991658,829916580875588,,8,1,
2178458,2991659,829916590875588,,8,1,
2178458,2991660,829916600875588,,8,1,
2178458,2991662,829916620875588,,8,1,
2178458,2991663,829916630875588,,8,1,
2178458,2991656,929916560875588,,9,1,
2178458,2991658,929916580875588,,9,1,
2178458,2991659,929916590875588,,9,1,
2178458,2991660,929916600875588,,9,1,
2178458,2991662,929916620875588,,9,1,
2178458,2991663,929916630875588,,9,1,
2178459,2991673,1029916730875592,,10,0,
2178459,2991675,1029916750875592,,10,0,
2178459,2991676,1029916760875592,,10,0,
2178459,2991677,1029916770875592,,10,0,
2178459,2991679,1029916790875592,,10,0,
2178459,2991680,1029916800875592,,10,0,
2178459,2991673,1129916730875592,,11,0,
2178459,2991675,1129916750875592,,11,0,
2178459,2991676,1129916760875592,,11,0,
2178459,2991677,1129916770875592,,11,0,
2178459,2991679,1129916790875592,,11,0,
2178459,2991680,1129916800875592,,11,0,
2178459,2991673,1229916730875592,,12,0,
2178459,2991675,1229916750875592,,12,0,
2178459,2991676,1229916760875592,,12,0,
2178459,2991677,1229916770875592,,12,0,
2178459,2991679,1229916790875592,,12,0,
2178459,2991680,1229916800875592,,12,0,
2178459,2991673,129916730875592,,1,0,
2178459,2991675,129916750875592,,1,0,
2178459,2991676,129916760875592,,1,0,
2178459,2991677,129916770875592,,1,0,
2178459,2991679,129916790875592,,1,0,
2178459,2991680,129916800875592,,1,0,
2178459,2991673,1329916730875592,,13,0,
2178459,2991675,1329916750875592,,13,0,
2178459,2991676,1329916760875592,,13,0,
2178459,2991677,1329916770875592,,13,0,
2178459,2991679,1329916790875592,,13,0,
2178459,2991680,1329916800875592,,13,0,
2178459,2991673,1429916730875592,,14,0,
2178459,2991675,1429916750875592,,14,0,
2178459,2991676,1429916760875592,,14,0,
2178459,2991677,1429916770875592,,14,0,
2178459,2991679,1429916790875592,,14,0,
2178459,2991680,1429916800875592,,14,0,
2178459,2991673,1529916730875592,,15,0,
2178459,2991675,1529916750875592,,15,0,
2178459,2991676,1529916760875592,,15,0,
2178459,2991677,1529916770875592,,15,0,
2178459,2991679,1529916790875592,,15,0,
2178459,2991680,1529916800875592,,15,0,
2178459,2991673,1629916730875592,,16,0,
2178459,2991675,1629916750875592,,16,0,
2178459,2991676,1629916760875592,,16,0,
2178459,2991677,1629916770875592,,16,0,
2178459,2991679,1629916790875592,,16,0,
2178459,2991680,1629916800875592,,16,0,
2178459,2991673,1729916730875592,,17,0,
2178459,2991675,1729916750875592,,17,0,
2178459,2991676,1729916760875592,,17,0,
2178459,2991677,1729916770875592,,17,0,
2178459,2991679,1729916790875592,,17,0,
2178459,2991680,1729916800875592,,17,0,
2178459,2991673,1829916730875592,,18,0,
2178459,2991675,1829916750875592,,18,0,
2178459,2991676,1829916760875592,,18,0,
2178459,2991677,1829916770875592,,18,0,
2178459,2991679,1829916790875592,,18,0,
2178459,2991680,1829916800875592,,18,0,
2178459,2991673,1929916730875592,,19,0,
2178459,2991675,1929916750875592,,19,0,
2178459,2991676,1929916760875592,,19,0,
2178459,2991677,1929916770875592,,19,0,
2178459,2991679,1929916790875592,,19,0,
2178459,2991680,1929916800875592,,19,0,
2178459,2991673,2029916730875592,,20,0,
2178459,2991675,2029916750875592,,20,0,
2178459,2991676,2029916760875592,,20,0,
2178459,2991677,2029916770875592,,20,0,
2178459,2991679,2029916790875592,,20,0,
2178459,2991680,2029916800875592,,20,0,
2178459,2991673,2129916730875592,,21,0,
2178459,2991675,2129916750875592,,21,0,
2178459,2991676,2129916760875592,,21,0,
2178459,2991677,2129916770875592,,21,0,
2178459,2991679,2129916790875592,,21,0,
2178459,2991680,2129916800875592,,21,0,
2178459,2991673,2229916730875592,,22,0,
2178459,2991675,2229916750875592,,22,0,
2178459,2991676,2229916760875592,,22,0,
2178459,2991677,2229916770875592,,22,0,
2178459,2991679,2229916790875592,,22,0,
2178459,2991680,2229916800875592,,22,0,
2178459,2991673,229916730875592,,2,0,
2178459,2991675,229916750875592,,2,0,
2178459,2991676,229916760875592,,2,0,
2178459,2991677,229916770875592,,2,0,
2178459,2991679,229916790875592,,2,0,
2178459,2991680,229916800875592,,2,0,
2178459,2991673,2329916730875592,,23,0,
2178459,2991675,2329916750875592,,23,0,
2178459,2991676,2329916760875592,,23,0,
2178459,2991677,2329916770875592,,23,0,
2178459,2991679,2329916790875592,,23,0,
2178459,2991680,2329916800875592,,23,0,
2178459,2991673,2429916730875592,,24,0,
2178459,2991675,2429916750875592,,24,0,
2178459,2991676,2429916760875592,,24,0,
2178459,2991677,2429916770875592,,24,0,
2178459,2991679,2429916790875592,,24,0,
2178459,2991680,2429916800875592,,24,0,
2178459,2991673,2529916730875592,,25,0,
2178459,2991675,2529916750875592,,25,0,
2178459,2991676,2529916760875592,,25,0,
2178459,2991677,2529916770875592,,25,0,
2178459,2991679,2529916790875592,,25,0,
2178459,2991680,2529916800875592,,25,0,
2178459,2991673,2629916730875592,,26,0,
2178459,2991675,2629916750875592,,26,0,
2178459,2991676,2629916760875592,,26,0,
2178459,2991677,2629916770875592,,26,0,
2178459,2991679,2629916790875592,,26,0,
2178459,2991680,2629916800875592,,26,0,
2178459,2991673,2729916730875592,,27,0,
2178459,2991675,2729916750875592,,27,0,
2178459,2991676,2729916760875592,,27,0,
2178459,2991677,2729916770875592,,27,0,
2178459,2991679,2729916790875592,,27,0,
2178459,2991680,2729916800875592,,27,0,
2178459,2991673,2829916730875592,,28,0,
2178459,2991675,2829916750875592,,28,0,
2178459,2991676,2829916760875592,,28,0,
2178459,2991677,2829916770875592,,28,0,
2178459,2991679,2829916790875592,,28,0,
2178459,2991680,2829916800875592,,28,0,
2178459,2991673,2929916730875592,,29,0,
2178459,2991675,2929916750875592,,29,0,
2178459,2991676,2929916760875592,,29,0,
2178459,2991677,2929916770875592,,29,0,
2178459,2991679,2929916790875592,,29,0,
2178459,2991680,2929916800875592,,29,0,
2178459,2991673,3029916730875592,,30,0,
2178459,2991675,3029916750875592,,30,0,
2178459,2991676,3029916760875592,,30,0,
2178459,2991677,3029916770875592,,30,0,
2178459,2991679,3029916790875592,,30,0,
2178459,2991680,3029916800875592,,30,0,
2178459,2991673,3129916730875592,,31,0,
2178459,2991675,3129916750875592,,31,0,
2178459,2991676,3129916760875592,,31,0,
2178459,2991677,3129916770875592,,31,0,
2178459,2991679,3129916790875592,,31,0,
2178459,2991680,3129916800875592,,31,0,
2178459,2991673,3229916730875592,,32,0,
2178459,2991675,3229916750875592,,32,0,
2178459,2991676,3229916760875592,,32,0,
2178459,2991677,3229916770875592,,32,0,
2178459,2991679,3229916790875592,,32,0,
2178459,2991680,3229916800875592,,32,0,
2178459,2991673,329916730875592,,3,0,
2178459,2991675,329916750875592,,3,0,
2178459,2991676,329916760875592,,3,0,
2178459,2991677,329916770875592,,3,0,
2178459,2991679,329916790875592,,3,0,
2178459,2991680,329916800875592,,3,0,
2178459,2991673,3329916730875592,,33,0,
2178459,2991675,3329916750875592,,33,0,
2178459,2991676,3329916760875592,,33,0,
2178459,2991677,3329916770875592,,33,0,
2178459,2991679,3329916790875592,,33,0,
2178459,2991680,3329916800875592,,33,0,
2178459,2991673,3429916730875592,,34,0,
2178459,2991675,3429916750875592,,34,0,
2178459,2991676,3429916760875592,,34,0,
2178459,2991677,3429916770875592,,34,0,
2178459,2991679,3429916790875592,,34,0,
2178459,2991680,3429916800875592,,34,0,
2178459,2991673,3529916730875592,,35,0,
2178459,2991675,3529916750875592,,35,0,
2178459,2991676,3529916760875592,,35,0,
2178459,2991677,3529916770875592,,35,0,
2178459,2991679,3529916790875592,,35,0,
2178459,2991680,3529916800875592,,35,0,
2178459,2991673,3629916730875592,,36,0,
2178459,2991675,3629916750875592,,36,0,
2178459,2991676,3629916760875592,,36,0,
2178459,2991677,3629916770875592,,36,0,
2178459,2991679,3629916790875592,,36,0,
2178459,2991680,3629916800875592,,36,0,
2178459,2991673,3729916730875592,,37,0,
2178459,2991675,3729916750875592,,37,0,
2178459,2991676,3729916760875592,,37,0,
2178459,2991677,3729916770875592,,37,0,
2178459,2991679,3729916790875592,,37,0,
2178459,2991680,3729916800875592,,37,0,
2178459,2991673,3829916730875592,,38,0,
2178459,2991675,3829916750875592,,38,0,
2178459,2991676,3829916760875592,,38,0,
2178459,2991677,3829916770875592,,38,0,
2178459,2991679,3829916790875592,,38,0,
2178459,2991680,3829916800875592,,38,0,
2178459,2991673,3929916730875592,,39,0,
2178459,2991675,3929916750875592,,39,0,
2178459,2991676,3929916760875592,,39,0,
2178459,2991677,3929916770875592,,39,0,
2178459,2991679,3929916790875592,,39,0,
2178459,2991680,3929916800875592,,39,0,
2178459,2991673,4029916730875592,,40,0,
2178459,2991675,4029916750875592,,40,0,
2178459,2991676,4029916760875592,,40,0,
2178459,2991677,4029916770875592,,40,0,
2178459,2991679,4029916790875592,,40,0,
2178459,2991680,4029916800875592,,40,0,
2178459,2991673,4129916730875592,,41,0,
2178459,2991675,4129916750875592,,41,0,
2178459,2991676,4129916760875592,,41,0,
2178459,2991677,4129916770875592,,41,0,
2178459,2991679,4129916790875592,,41,0,
2178459,2991680,4129916800875592,,41,0,
2178459,2991673,4229916730875592,,42,0,
2178459,2991675,4229916750875592,,42,0,
2178459,2991676,4229916760875592,,42,0,
2178459,2991677,4229916770875592,,42,0,
2178459,2991679,4229916790875592,,42,0,
2178459,2991680,4229916800875592,,42,0,
2178459,2991673,429916730875592,,4,0,
2178459,2991675,429916750875592,,4,0,
2178459,2991676,429916760875592,,4,0,
2178459,2991677,429916770875592,,4,0,
2178459,2991679,429916790875592,,4,0,
2178459,2991680,429916800875592,,4,0,
2178459,2991673,4329916730875592,,43,0,
2178459,2991675,4329916750875592,,43,0,
2178459,2991676,4329916760875592,,43,0,
2178459,2991677,4329916770875592,,43,0,
2178459,2991679,4329916790875592,,43,0,
2178459,2991680,4329916800875592,,43,0,
2178459,2991673,4429916730875592,,44,0,
2178459,2991675,4429916750875592,,44,0,
2178459,2991676,4429916760875592,,44,0,
2178459,2991677,4429916770875592,,44,0,
2178459,2991679,4429916790875592,,44,0,
2178459,2991673,4529916730875592,,45,0,
2178459,2991676,4529916760875592,,45,0,
2178459,2991677,4529916770875592,,45,0,
2178459,2991673,4629916730875592,,46,0,
2178459,2991676,4629916760875592,,46,0,
2178459,2991677,4629916770875592,,46,0,
2178459,2991673,4729916730875592,,47,0,
2178459,2991673,4829916730875592,,48,0,
2178459,2991673,4929916730875592,,49,0,
2178459,2991673,5029916730875592,,50,0,
2178459,2991673,5129916730875592,,51,0,
2178459,2991673,5229916730875592,,52,0,
2178459,2991673,529916730875592,,5,0,
2178459,2991675,529916750875592,,5,0,
2178459,2991676,529916760875592,,5,0,
2178459,2991677,529916770875592,,5,0,
2178459,2991679,529916790875592,,5,0,
2178459,2991680,529916800875592,,5,0,
2178459,2991673,629916730875592,,6,0,
2178459,2991675,629916750875592,,6,0,
2178459,2991676,629916760875592,,6,0,
2178459,2991677,629916770875592,,6,0,
2178459,2991679,629916790875592,,6,0,
2178459,2991680,629916800875592,,6,0,
2178459,2991673,729916730875592,,7,0,
2178459,2991675,729916750875592,,7,0,
2178459,2991676,729916760875592,,7,0,
2178459,2991677,729916770875592,,7,0,
2178459,2991679,729916790875592,,7,0,
2178459,2991680,729916800875592,,7,0,
2178459,2991673,829916730875592,,8,0,
2178459,2991675,829916750875592,,8,0,
2178459,2991676,829916760875592,,8,0,
2178459,2991677,829916770875592,,8,0,
2178459,2991679,829916790875592,,8,0,
2178459,2991680,829916800875592,,8,0,
2178459,2991673,929916730875592,,9,0,
2178459,2991675,929916750875592,,9,0,
2178459,2991676,929916760875592,,9,0,
2178459,2991677,929916770875592,,9,0,
2178459,2991679,929916790875592,,9,0,
2178459,2991680,929916800875592,,9,0,
2178459,2991675,1029916750875594,,10,0,
2178459,2991676,1029916760875594,,10,0,
2178459,2991677,1029916770875594,,10,0,
2178459,2991679,1029916790875594,,10,0,
2178459,2991680,1029916800875594,,10,0,
2178459,2991675,1129916750875594,,11,0,
2178459,2991676,1129916760875594,,11,0,
2178459,2991677,1129916770875594,,11,0,
2178459,2991679,1129916790875594,,11,0,
2178459,2991680,1129916800875594,,11,0,
2178459,2991675,1229916750875594,,12,0,
2178459,2991676,1229916760875594,,12,0,
2178459,2991677,1229916770875594,,12,0,
2178459,2991679,1229916790875594,,12,0,
2178459,2991680,1229916800875594,,12,0,
2178459,2991675,129916750875594,,1,0,
2178459,2991676,129916760875594,,1,0,
2178459,2991677,129916770875594,,1,0,
2178459,2991679,129916790875594,,1,0,
2178459,2991680,129916800875594,,1,0,
2178459,2991675,1329916750875594,,13,0,
2178459,2991676,1329916760875594,,13,0,
2178459,2991677,1329916770875594,,13,0,
2178459,2991679,1329916790875594,,13,0,
2178459,2991680,1329916800875594,,13,0,
2178459,2991675,1429916750875594,,14,0,
2178459,2991676,1429916760875594,,14,0,
2178459,2991677,1429916770875594,,14,0,
2178459,2991679,1429916790875594,,14,0,
2178459,2991680,1429916800875594,,14,0,
2178459,2991675,1529916750875594,,15,0,
2178459,2991676,1529916760875594,,15,0,
2178459,2991677,1529916770875594,,15,0,
2178459,2991679,1529916790875594,,15,0,
2178459,2991680,1529916800875594,,15,0,
2178459,2991675,1629916750875594,,16,0,
2178459,2991676,1629916760875594,,16,0,
2178459,2991677,1629916770875594,,16,0,
2178459,2991679,1629916790875594,,16,0,
2178459,2991680,1629916800875594,,16,0,
2178459,2991675,1729916750875594,,17,0,
2178459,2991676,1729916760875594,,17,0,
2178459,2991677,1729916770875594,,17,0,
2178459,2991679,1729916790875594,,17,0,
2178459,2991680,1729916800875594,,17,0,
2178459,2991675,1829916750875594,,18,0,
2178459,2991676,1829916760875594,,18,0,
2178459,2991677,1829916770875594,,18,0,
2178459,2991679,1829916790875594,,18,0,
2178459,2991680,1829916800875594,,18,0,
2178459,2991675,1929916750875594,,19,0,
2178459,2991676,1929916760875594,,19,0,
2178459,2991677,1929916770875594,,19,0,
2178459,2991679,1929916790875594,,19,0,
2178459,2991680,1929916800875594,,19,0,
2178459,2991675,2029916750875594,,20,0,
2178459,2991676,2029916760875594,,20,0,
2178459,2991677,2029916770875594,,20,0,
2178459,2991679,2029916790875594,,20,0,
2178459,2991680,2029916800875594,,20,0,
2178459,2991675,2129916750875594,,21,0,
2178459,2991676,2129916760875594,,21,0,
2178459,2991677,2129916770875594,,21,0,
2178459,2991679,2129916790875594,,21,0,
2178459,2991680,2129916800875594,,21,0,
2178459,2991675,2229916750875594,,22,0,
2178459,2991676,2229916760875594,,22,0,
2178459,2991677,2229916770875594,,22,0,
2178459,2991679,2229916790875594,,22,0,
2178459,2991680,2229916800875594,,22,0,
2178459,2991675,229916750875594,,2,0,
2178459,2991676,229916760875594,,2,0,
2178459,2991677,229916770875594,,2,0,
2178459,2991679,229916790875594,,2,0,
2178459,2991680,229916800875594,,2,0,
2178459,2991675,2329916750875594,,23,0,
2178459,2991676,2329916760875594,,23,0,
2178459,2991677,2329916770875594,,23,0,
2178459,2991679,2329916790875594,,23,0,
2178459,2991680,2329916800875594,,23,0,
2178459,2991675,2429916750875594,,24,0,
2178459,2991676,2429916760875594,,24,0,
2178459,2991677,2429916770875594,,24,0,
2178459,2991679,2429916790875594,,24,0,
2178459,2991680,2429916800875594,,24,0,
2178459,2991675,2529916750875594,,25,0,
2178459,2991676,2529916760875594,,25,0,
2178459,2991677,2529916770875594,,25,0,
2178459,2991679,2529916790875594,,25,0,
2178459,2991680,2529916800875594,,25,0,
2178459,2991675,2629916750875594,,26,0,
2178459,2991676,2629916760875594,,26,0,
2178459,2991677,2629916770875594,,26,0,
2178459,2991679,2629916790875594,,26,0,
2178459,2991680,2629916800875594,,26,0,
2178459,2991675,2729916750875594,,27,0,
2178459,2991676,2729916760875594,,27,0,
2178459,2991677,2729916770875594,,27,0,
2178459,2991679,2729916790875594,,27,0,
2178459,2991680,2729916800875594,,27,0,
2178459,2991675,2829916750875594,,28,0,
2178459,2991676,2829916760875594,,28,0,
2178459,2991677,2829916770875594,,28,0,
2178459,2991679,2829916790875594,,28,0,
2178459,2991680,2829916800875594,,28,0,
2178459,2991675,2929916750875594,,29,0,
2178459,2991676,2929916760875594,,29,0,
2178459,2991677,2929916770875594,,29,0,
2178459,2991679,2929916790875594,,29,0,
2178459,2991680,2929916800875594,,29,0,
2178459,2991675,3029916750875594,,30,0,
2178459,2991676,3029916760875594,,30,0,
2178459,2991677,3029916770875594,,30,0,
2178459,2991675,3129916750875594,,31,0,
2178459,2991676,3129916760875594,,31,0,
2178459,2991677,3129916770875594,,31,0,
2178459,2991675,3229916750875594,,32,0,
2178459,2991676,3229916760875594,,32,0,
2178459,2991677,3229916770875594,,32,0,
2178459,2991675,329916750875594,,3,0,
2178459,2991676,329916760875594,,3,0,
2178459,2991677,329916770875594,,3,0,
2178459,2991679,329916790875594,,3,0,
2178459,2991680,329916800875594,,3,0,
2178459,2991675,3329916750875594,,33,0,
2178459,2991676,3329916760875594,,33,0,
2178459,2991677,3329916770875594,,33,0,
2178459,2991675,3429916750875594,,34,0,
2178459,2991676,3429916760875594,,34,0,
2178459,2991677,3429916770875594,,34,0,
2178459,2991676,3529916760875594,,35,0,
2178459,2991677,3529916770875594,,35,0,
2178459,2991676,3629916760875594,,36,0,
2178459,2991677,3629916770875594,,36,0,
2178459,2991676,3729916760875594,,37,0,
2178459,2991677,3729916770875594,,37,0,
2178459,2991676,3829916760875594,,38,0,
2178459,2991677,3829916770875594,,38,0,
2178459,2991676,3929916760875594,,39,0,
2178459,2991677,3929916770875594,,39,0,
2178459,2991676,4029916760875594,,40,0,
2178459,2991677,4029916770875594,,40,0,
2178459,2991676,4129916760875594,,41,0,
2178459,2991677,4129916770875594,,41,0,
2178459,2991676,4229916760875594,,42,0,
2178459,2991677,4229916770875594,,42,0,
2178459,2991675,429916750875594,,4,0,
2178459,2991676,429916760875594,,4,0,
2178459,2991677,429916770875594,,4,0,
2178459,2991679,429916790875594,,4,0,
2178459,2991680,429916800875594,,4,0,
2178459,2991675,529916750875594,,5,0,
2178459,2991676,529916760875594,,5,0,
2178459,2991677,529916770875594,,5,0,
2178459,2991679,529916790875594,,5,0,
2178459,2991680,529916800875594,,5,0,
2178459,2991675,629916750875594,,6,0,
2178459,2991676,629916760875594,,6,0,
2178459,2991677,629916770875594,,6,0,
2178459,2991679,629916790875594,,6,0,
2178459,2991680,629916800875594,,6,0,
2178459,2991675,729916750875594,,7,0,
2178459,2991676,729916760875594,,7,0,
2178459,2991677,729916770875594,,7,0,
2178459,2991679,729916790875594,,7,0,
2178459,2991680,729916800875594,,7,0,
2178459,2991675,829916750875594,,8,0,
2178459,2991676,829916760875594,,8,0,
2178459,2991677,829916770875594,,8,0,
2178459,2991679,829916790875594,,8,0,
2178459,2991680,829916800875594,,8,0,
2178459,2991675,929916750875594,,9,0,
2178459,2991676,929916760875594,,9,0,
2178459,2991677,929916770875594,,9,0,
2178459,2991679,929916790875594,,9,0,
2178459,2991680,929916800875594,,9,0,
2178460,2991673,1029916730875591,,10,1,
2178460,2991675,1029916750875591,,10,1,
2178460,2991676,1029916760875591,,10,1,
2178460,2991677,1029916770875591,,10,1,
2178460,2991679,1029916790875591,,10,1,
2178460,2991680,1029916800875591,,10,1,
2178460,2991673,1129916730875591,,11,1,
2178460,2991675,1129916750875591,,11,1,
2178460,2991676,1129916760875591,,11,1,
2178460,2991677,1129916770875591,,11,1,
2178460,2991679,1129916790875591,,11,1,
2178460,2991680,1129916800875591,,11,1,
2178460,2991673,1229916730875591,,12,1,
2178460,2991675,1229916750875591,,12,1,
2178460,2991676,1229916760875591,,12,1,
2178460,2991677,1229916770875591,,12,1,
2178460,2991679,1229916790875591,,12,1,
2178460,2991680,1229916800875591,,12,1,
2178460,2991673,129916730875591,,1,1,
2178460,2991675,129916750875591,,1,1,
2178460,2991676,129916760875591,,1,1,
2178460,2991677,129916770875591,,1,1,
2178460,2991679,129916790875591,,1,1,
2178460,2991680,129916800875591,,1,1,
2178460,2991673,1329916730875591,,13,1,
2178460,2991675,1329916750875591,,13,1,
2178460,2991676,1329916760875591,,13,1,
2178460,2991677,1329916770875591,,13,1,
2178460,2991679,1329916790875591,,13,1,
2178460,2991680,1329916800875591,,13,1,
2178460,2991673,1429916730875591,,14,1,
2178460,2991675,1429916750875591,,14,1,
2178460,2991676,1429916760875591,,14,1,
2178460,2991677,1429916770875591,,14,1,
2178460,2991679,1429916790875591,,14,1,
2178460,2991680,1429916800875591,,14,1,
2178460,2991673,1529916730875591,,15,1,
2178460,2991675,1529916750875591,,15,1,
2178460,2991676,1529916760875591,,15,1,
2178460,2991677,1529916770875591,,15,1,
2178460,2991679,1529916790875591,,15,1,
2178460,2991680,1529916800875591,,15,1,
2178460,2991673,1629916730875591,,16,1,
2178460,2991675,1629916750875591,,16,1,
2178460,2991676,1629916760875591,,16,1,
2178460,2991677,1629916770875591,,16,1,
2178460,2991679,1629916790875591,,16,1,
2178460,2991680,1629916800875591,,16,1,
2178460,2991673,1729916730875591,,17,1,
2178460,2991675,1729916750875591,,17,1,
2178460,2991676,1729916760875591,,17,1,
2178460,2991677,1729916770875591,,17,1,
2178460,2991679,1729916790875591,,17,1,
2178460,2991680,1729916800875591,,17,1,
2178460,2991673,1829916730875591,,18,1,
2178460,2991675,1829916750875591,,18,1,
2178460,2991676,1829916760875591,,18,1,
2178460,2991677,1829916770875591,,18,1,
2178460,2991679,1829916790875591,,18,1,
2178460,2991680,1829916800875591,,18,1,
2178460,2991673,1929916730875591,,19,1,
2178460,2991675,1929916750875591,,19,1,
2178460,2991676,1929916760875591,,19,1,
2178460,2991677,1929916770875591,,19,1,
2178460,2991679,1929916790875591,,19,1,
2178460,2991680,1929916800875591,,19,1,
2178460,2991673,2029916730875591,,20,1,
2178460,2991675,2029916750875591,,20,1,
2178460,2991676,2029916760875591,,20,1,
2178460,2991677,2029916770875591,,20,1,
2178460,2991679,2029916790875591,,20,1,
2178460,2991680,2029916800875591,,20,1,
2178460,2991673,2129916730875591,,21,1,
2178460,2991675,2129916750875591,,21,1,
2178460,2991676,2129916760875591,,21,1,
2178460,2991677,2129916770875591,,21,1,
2178460,2991679,2129916790875591,,21,1,
2178460,2991680,2129916800875591,,21,1,
2178460,2991673,2229916730875591,,22,1,
2178460,2991675,2229916750875591,,22,1,
2178460,2991676,2229916760875591,,22,1,
2178460,2991677,2229916770875591,,22,1,
2178460,2991679,2229916790875591,,22,1,
2178460,2991680,2229916800875591,,22,1,
2178460,2991673,229916730875591,,2,1,
2178460,2991675,229916750875591,,2,1,
2178460,2991676,229916760875591,,2,1,
2178460,2991677,229916770875591,,2,1,
2178460,2991679,229916790875591,,2,1,
2178460,2991680,229916800875591,,2,1,
2178460,2991673,2329916730875591,,23,1,
2178460,2991675,2329916750875591,,23,1,
2178460,2991676,2329916760875591,,23,1,
2178460,2991677,2329916770875591,,23,1,
2178460,2991679,2329916790875591,,23,1,
2178460,2991680,2329916800875591,,23,1,
2178460,2991673,2429916730875591,,24,1,
2178460,2991675,2429916750875591,,24,1,
2178460,2991676,2429916760875591,,24,1,
2178460,2991677,2429916770875591,,24,1,
2178460,2991679,2429916790875591,,24,1,
2178460,2991680,2429916800875591,,24,1,
2178460,2991673,2529916730875591,,25,1,
2178460,2991675,2529916750875591,,25,1,
2178460,2991676,2529916760875591,,25,1,
2178460,2991677,2529916770875591,,25,1,
2178460,2991679,2529916790875591,,25,1,
2178460,2991680,2529916800875591,,25,1,
2178460,2991673,2629916730875591,,26,1,
2178460,2991675,2629916750875591,,26,1,
2178460,2991676,2629916760875591,,26,1,
2178460,2991677,2629916770875591,,26,1,
2178460,2991679,2629916790875591,,26,1,
2178460,2991680,2629916800875591,,26,1,
2178460,2991673,2729916730875591,,27,1,
2178460,2991675,2729916750875591,,27,1,
2178460,2991676,2729916760875591,,27,1,
2178460,2991677,2729916770875591,,27,1,
2178460,2991679,2729916790875591,,27,1,
2178460,2991680,2729916800875591,,27,1,
2178460,2991673,2829916730875591,,28,1,
2178460,2991675,2829916750875591,,28,1,
2178460,2991676,2829916760875591,,28,1,
2178460,2991677,2829916770875591,,28,1,
2178460,2991679,2829916790875591,,28,1,
2178460,2991680,2829916800875591,,28,1,
2178460,2991673,2929916730875591,,29,1,
2178460,2991675,2929916750875591,,29,1,
2178460,2991676,2929916760875591,,29,1,
2178460,2991677,2929916770875591,,29,1,
2178460,2991679,2929916790875591,,29,1,
2178460,2991680,2929916800875591,,29,1,
2178460,2991673,3029916730875591,,30,1,
2178460,2991675,3029916750875591,,30,1,
2178460,2991676,3029916760875591,,30,1,
2178460,2991677,3029916770875591,,30,1,
2178460,2991679,3029916790875591,,30,1,
2178460,2991680,3029916800875591,,30,1,
2178460,2991673,3129916730875591,,31,1,
2178460,2991675,3129916750875591,,31,1,
2178460,2991676,3129916760875591,,31,1,
2178460,2991677,3129916770875591,,31,1,
2178460,2991679,3129916790875591,,31,1,
2178460,2991680,3129916800875591,,31,1,
2178460,2991673,3229916730875591,,32,1,
2178460,2991675,3229916750875591,,32,1,
2178460,2991676,3229916760875591,,32,1,
2178460,2991677,3229916770875591,,32,1,
2178460,2991679,3229916790875591,,32,1,
2178460,2991680,3229916800875591,,32,1,
2178460,2991673,329916730875591,,3,1,
2178460,2991675,329916750875591,,3,1,
2178460,2991676,329916760875591,,3,1,
2178460,2991677,329916770875591,,3,1,
2178460,2991679,329916790875591,,3,1,
2178460,2991680,329916800875591,,3,1,
2178460,2991673,3329916730875591,,33,1,
2178460,2991675,3329916750875591,,33,1,
2178460,2991676,3329916760875591,,33,1,
2178460,2991677,3329916770875591,,33,1,
2178460,2991679,3329916790875591,,33,1,
2178460,2991680,3329916800875591,,33,1,
2178460,2991673,3429916730875591,,34,1,
2178460,2991675,3429916750875591,,34,1,
2178460,2991676,3429916760875591,,34,1,
2178460,2991677,3429916770875591,,34,1,
2178460,2991679,3429916790875591,,34,1,
2178460,2991680,3429916800875591,,34,1,
2178460,2991673,3529916730875591,,35,1,
2178460,2991675,3529916750875591,,35,1,
2178460,2991676,3529916760875591,,35,1,
2178460,2991677,3529916770875591,,35,1,
2178460,2991679,3529916790875591,,35,1,
2178460,2991680,3529916800875591,,35,1,
2178460,2991673,3629916730875591,,36,1,
2178460,2991675,3629916750875591,,36,1,
2178460,2991676,3629916760875591,,36,1,
2178460,2991677,3629916770875591,,36,1,
2178460,2991679,3629916790875591,,36,1,
2178460,2991680,3629916800875591,,36,1,
2178460,2991673,3729916730875591,,37,1,
2178460,2991675,3729916750875591,,37,1,
2178460,2991676,3729916760875591,,37,1,
2178460,2991677,3729916770875591,,37,1,
2178460,2991679,3729916790875591,,37,1,
2178460,2991680,3729916800875591,,37,1,
2178460,2991673,3829916730875591,,38,1,
2178460,2991675,3829916750875591,,38,1,
2178460,2991676,3829916760875591,,38,1,
2178460,2991677,3829916770875591,,38,1,
2178460,2991679,3829916790875591,,38,1,
2178460,2991680,3829916800875591,,38,1,
2178460,2991673,3929916730875591,,39,1,
2178460,2991675,3929916750875591,,39,1,
2178460,2991676,3929916760875591,,39,1,
2178460,2991677,3929916770875591,,39,1,
2178460,2991679,3929916790875591,,39,1,
2178460,2991680,3929916800875591,,39,1,
2178460,2991673,4029916730875591,,40,1,
2178460,2991675,4029916750875591,,40,1,
2178460,2991676,4029916760875591,,40,1,
2178460,2991677,4029916770875591,,40,1,
2178460,2991679,4029916790875591,,40,1,
2178460,2991680,4029916800875591,,40,1,
2178460,2991673,4129916730875591,,41,1,
2178460,2991675,4129916750875591,,41,1,
2178460,2991676,4129916760875591,,41,1,
2178460,2991677,4129916770875591,,41,1,
2178460,2991679,4129916790875591,,41,1,
2178460,2991680,4129916800875591,,41,1,
2178460,2991673,4229916730875591,,42,1,
2178460,2991675,4229916750875591,,42,1,
2178460,2991676,4229916760875591,,42,1,
2178460,2991677,4229916770875591,,42,1,
2178460,2991679,4229916790875591,,42,1,
2178460,2991680,4229916800875591,,42,1,
2178460,2991673,429916730875591,,4,1,
2178460,2991675,429916750875591,,4,1,
2178460,2991676,429916760875591,,4,1,
2178460,2991677,429916770875591,,4,1,
2178460,2991679,429916790875591,,4,1,
2178460,2991680,429916800875591,,4,1,
2178460,2991673,4329916730875591,,43,1,
2178460,2991675,4329916750875591,,43,1,
2178460,2991676,4329916760875591,,43,1,
2178460,2991677,4329916770875591,,43,1,
2178460,2991679,4329916790875591,,43,1,
2178460,2991680,4329916800875591,,43,1,
2178460,2991673,4429916730875591,,44,1,
2178460,2991675,4429916750875591,,44,1,
2178460,2991676,4429916760875591,,44,1,
2178460,2991677,4429916770875591,,44,1,
2178460,2991679,4429916790875591,,44,1,
2178460,2991680,4429916800875591,,44,1,
2178460,2991673,4529916730875591,,45,1,
2178460,2991675,4529916750875591,,45,1,
2178460,2991676,4529916760875591,,45,1,
2178460,2991677,4529916770875591,,45,1,
2178460,2991679,4529916790875591,,45,1,
2178460,2991673,4629916730875591,,46,1,
2178460,2991675,4629916750875591,,46,1,
2178460,2991676,4629916760875591,,46,1,
2178460,2991677,4629916770875591,,46,1,
2178460,2991679,4629916790875591,,46,1,
2178460,2991673,4729916730875591,,47,1,
2178460,2991675,4729916750875591,,47,1,
2178460,2991676,4729916760875591,,47,1,
2178460,2991677,4729916770875591,,47,1,
2178460,2991673,4829916730875591,,48,1,
2178460,2991675,4829916750875591,,48,1,
2178460,2991676,4829916760875591,,48,1,
2178460,2991677,4829916770875591,,48,1,
2178460,2991673,4929916730875591,,49,1,
2178460,2991675,4929916750875591,,49,1,
2178460,2991676,4929916760875591,,49,1,
2178460,2991677,4929916770875591,,49,1,
2178460,2991673,5029916730875591,,50,1,
2178460,2991675,5029916750875591,,50,1,
2178460,2991676,5029916760875591,,50,1,
2178460,2991677,5029916770875591,,50,1,
2178460,2991676,5129916760875591,,51,1,
2178460,2991677,5129916770875591,,51,1,
2178460,2991676,5229916760875591,,52,1,
2178460,2991677,5229916770875591,,52,1,
2178460,2991673,529916730875591,,5,1,
2178460,2991675,529916750875591,,5,1,
2178460,2991676,529916760875591,,5,1,
2178460,2991677,529916770875591,,5,1,
2178460,2991679,529916790875591,,5,1,
2178460,2991680,529916800875591,,5,1,
2178460,2991676,5329916760875591,,53,1,
2178460,2991677,5329916770875591,,53,1,
2178460,2991673,629916730875591,,6,1,
2178460,2991675,629916750875591,,6,1,
2178460,2991676,629916760875591,,6,1,
2178460,2991677,629916770875591,,6,1,
2178460,2991679,629916790875591,,6,1,
2178460,2991680,629916800875591,,6,1,
2178460,2991673,729916730875591,,7,1,
2178460,2991675,729916750875591,,7,1,
2178460,2991676,729916760875591,,7,1,
2178460,2991677,729916770875591,,7,1,
2178460,2991679,729916790875591,,7,1,
2178460,2991680,729916800875591,,7,1,
2178460,2991673,829916730875591,,8,1,
2178460,2991675,829916750875591,,8,1,
2178460,2991676,829916760875591,,8,1,
2178460,2991677,829916770875591,,8,1,
2178460,2991679,829916790875591,,8,1,
2178460,2991680,829916800875591,,8,1,
2178460,2991673,929916730875591,,9,1,
2178460,2991675,929916750875591,,9,1,
2178460,2991676,929916760875591,,9,1,
2178460,2991677,929916770875591,,9,1,
2178460,2991679,929916790875591,,9,1,
2178460,2991680,929916800875591,,9,1,
2178460,2991675,1029916750875593,,10,1,
2178460,2991676,1029916760875593,,10,1,
2178460,2991677,1029916770875593,,10,1,
2178460,2991679,1029916790875593,,10,1,
2178460,2991680,1029916800875593,,10,1,
2178460,2991675,1129916750875593,,11,1,
2178460,2991676,1129916760875593,,11,1,
2178460,2991677,1129916770875593,,11,1,
2178460,2991679,1129916790875593,,11,1,
2178460,2991680,1129916800875593,,11,1,
2178460,2991675,1229916750875593,,12,1,
2178460,2991676,1229916760875593,,12,1,
2178460,2991677,1229916770875593,,12,1,
2178460,2991679,1229916790875593,,12,1,
2178460,2991680,1229916800875593,,12,1,
2178460,2991675,129916750875593,,1,1,
2178460,2991676,129916760875593,,1,1,
2178460,2991677,129916770875593,,1,1,
2178460,2991679,129916790875593,,1,1,
2178460,2991680,129916800875593,,1,1,
2178460,2991675,1329916750875593,,13,1,
2178460,2991676,1329916760875593,,13,1,
2178460,2991677,1329916770875593,,13,1,
2178460,2991679,1329916790875593,,13,1,
2178460,2991680,1329916800875593,,13,1,
2178460,2991675,1429916750875593,,14,1,
2178460,2991676,1429916760875593,,14,1,
2178460,2991677,1429916770875593,,14,1,
2178460,2991679,1429916790875593,,14,1,
2178460,2991680,1429916800875593,,14,1,
2178460,2991675,1529916750875593,,15,1,
2178460,2991676,1529916760875593,,15,1,
2178460,2991677,1529916770875593,,15,1,
2178460,2991679,1529916790875593,,15,1,
2178460,2991680,1529916800875593,,15,1,
2178460,2991675,1629916750875593,,16,1,
2178460,2991676,1629916760875593,,16,1,
2178460,2991677,1629916770875593,,16,1,
2178460,2991679,1629916790875593,,16,1,
2178460,2991680,1629916800875593,,16,1,
2178460,2991675,1729916750875593,,17,1,
2178460,2991676,1729916760875593,,17,1,
2178460,2991677,1729916770875593,,17,1,
2178460,2991679,1729916790875593,,17,1,
2178460,2991680,1729916800875593,,17,1,
2178460,2991675,1829916750875593,,18,1,
2178460,2991676,1829916760875593,,18,1,
2178460,2991677,1829916770875593,,18,1,
2178460,2991679,1829916790875593,,18,1,
2178460,2991680,1829916800875593,,18,1,
2178460,2991675,1929916750875593,,19,1,
2178460,2991676,1929916760875593,,19,1,
2178460,2991677,1929916770875593,,19,1,
2178460,2991679,1929916790875593,,19,1,
2178460,2991680,1929916800875593,,19,1,
2178460,2991675,2029916750875593,,20,1,
2178460,2991676,2029916760875593,,20,1,
2178460,2991677,2029916770875593,,20,1,
2178460,2991679,2029916790875593,,20,1,
2178460,2991680,2029916800875593,,20,1,
2178460,2991675,2129916750875593,,21,1,
2178460,2991676,2129916760875593,,21,1,
2178460,2991677,2129916770875593,,21,1,
2178460,2991679,2129916790875593,,21,1,
2178460,2991680,2129916800875593,,21,1,
2178460,2991675,2229916750875593,,22,1,
2178460,2991676,2229916760875593,,22,1,
2178460,2991677,2229916770875593,,22,1,
2178460,2991679,2229916790875593,,22,1,
2178460,2991680,2229916800875593,,22,1,
2178460,2991675,229916750875593,,2,1,
2178460,2991676,229916760875593,,2,1,
2178460,2991677,229916770875593,,2,1,
2178460,2991679,229916790875593,,2,1,
2178460,2991680,229916800875593,,2,1,
2178460,2991675,2329916750875593,,23,1,
2178460,2991676,2329916760875593,,23,1,
2178460,2991677,2329916770875593,,23,1,
2178460,2991679,2329916790875593,,23,1,
2178460,2991680,2329916800875593,,23,1,
2178460,2991675,2429916750875593,,24,1,
2178460,2991676,2429916760875593,,24,1,
2178460,2991677,2429916770875593,,24,1,
2178460,2991679,2429916790875593,,24,1,
2178460,2991680,2429916800875593,,24,1,
2178460,2991675,2529916750875593,,25,1,
2178460,2991676,2529916760875593,,25,1,
2178460,2991677,2529916770875593,,25,1,
2178460,2991679,2529916790875593,,25,1,
2178460,2991680,2529916800875593,,25,1,
2178460,2991675,2629916750875593,,26,1,
2178460,2991676,2629916760875593,,26,1,
2178460,2991677,2629916770875593,,26,1,
2178460,2991679,2629916790875593,,26,1,
2178460,2991680,2629916800875593,,26,1,
2178460,2991675,2729916750875593,,27,1,
2178460,2991676,2729916760875593,,27,1,
2178460,2991677,2729916770875593,,27,1,
2178460,2991675,2829916750875593,,28,1,
2178460,2991676,2829916760875593,,28,1,
2178460,2991677,2829916770875593,,28,1,
2178460,2991675,2929916750875593,,29,1,
2178460,2991676,2929916760875593,,29,1,
2178460,2991677,2929916770875593,,29,1,
2178460,2991675,3029916750875593,,30,1,
2178460,2991676,3029916760875593,,30,1,
2178460,2991677,3029916770875593,,30,1,
2178460,2991675,3129916750875593,,31,1,
2178460,2991676,3129916760875593,,31,1,
2178460,2991677,3129916770875593,,31,1,
2178460,2991676,3229916760875593,,32,1,
2178460,2991677,3229916770875593,,32,1,
2178460,2991675,329916750875593,,3,1,
2178460,2991676,329916760875593,,3,1,
2178460,2991677,329916770875593,,3,1,
2178460,2991679,329916790875593,,3,1,
2178460,2991680,329916800875593,,3,1,
2178460,2991676,3329916760875593,,33,1,
2178460,2991677,3329916770875593,,33,1,
2178460,2991676,3429916760875593,,34,1,
2178460,2991677,3429916770875593,,34,1,
2178460,2991676,3529916760875593,,35,1,
2178460,2991677,3529916770875593,,35,1,
2178460,2991676,3629916760875593,,36,1,
2178460,2991677,3629916770875593,,36,1,
2178460,2991676,3729916760875593,,37,1,
2178460,2991677,3729916770875593,,37,1,
2178460,2991675,429916750875593,,4,1,
2178460,2991676,429916760875593,,4,1,
2178460,2991677,429916770875593,,4,1,
2178460,2991679,429916790875593,,4,1,
2178460,2991680,429916800875593,,4,1,
2178460,2991675,529916750875593,,5,1,
2178460,2991676,529916760875593,,5,1,
2178460,2991677,529916770875593,,5,1,
2178460,2991679,529916790875593,,5,1,
2178460,2991680,529916800875593,,5,1,
2178460,2991675,629916750875593,,6,1,
2178460,2991676,629916760875593,,6,1,
2178460,2991677,629916770875593,,6,1,
2178460,2991679,629916790875593,,6,1,
2178460,2991680,629916800875593,,6,1,
2178460,2991675,729916750875593,,7,1,
2178460,2991676,729916760875593,,7,1,
2178460,2991677,729916770875593,,7,1,
2178460,2991679,729916790875593,,7,1,
2178460,2991680,729916800875593,,7,1,
2178460,2991675,829916750875593,,8,1,
2178460,2991676,829916760875593,,8,1,
2178460,2991677,829916770875593,,8,1,
2178460,2991679,829916790875593,,8,1,
2178460,2991680,829916800875593,,8,1,
2178460,2991675,929916750875593,,9,1,
2178460,2991676,929916760875593,,9,1,
2178460,2991677,929916770875593,,9,1,
2178460,2991679,929916790875593,,9,1,
2178460,2991680,929916800875593,,9,1,
2178473,2991664,129916640880014,,1,0,
2178473,2991665,129916650880014,,1,0,
2178474,2991664,129916640880013,,1,1,
2178474,2991665,129916650880013,,1,1,
2178475,2991668,129916680880016,,1,0,
2178475,2991669,129916690880016,,1,0,
2178475,2991671,129916710880016,,1,0,
2178476,2991668,129916680880015,,1,1,
2178476,2991669,129916690880015,,1,1,
2178476,2991671,129916710880015,,1,1,
2178476,2991668,229916680880015,,2,1,
2178476,2991669,229916690880015,,2,1,
2178476,2991668,329916680880015,,3,1,
2178476,2991669,329916690880015,,3,1,
982059,2991666,129916660977374,,1,0,
982059,2991667,129916670977374,,1,0,
