route_id,service_id,trip_id,trip_headsign,trip_short_name,direction_id,shape_id
2028783,3015103,130151032027942,,1,1,
2028783,3045304,130453042027942,,1,1,
2028783,3045307,130453072027942,,1,1,
2028783,3045308,130453082027942,,1,1,
2028783,3045309,130453092027942,,1,1,
2028783,3045304,230453042027942,,2,1,
2028783,3045308,230453082027942,,2,1,
2028783,3045309,230453092027942,,2,1,
2028783,3015103,130151032027943,,1,1,
2028783,3015105,130151052027943,,1,1,
2028783,3045304,130453042027943,,1,1,
2028783,3045305,130453052027943,,1,1,
2028783,3045306,130453062027943,,1,1,
2028783,3045307,130453072027943,,1,1,
2028783,3045308,130453082027943,,1,1,
2028783,3045309,130453092027943,,1,1,
2028783,3045310,130453102027943,,1,1,
2028783,3015103,230151032027943,,2,1,
2028783,3015105,230151052027943,,2,1,
2028783,3045305,230453052027943,,2,1,
2028783,3045306,230453062027943,,2,1,
2028783,3045307,230453072027943,,2,1,
2028783,3045310,230453102027943,,2,1,
2028783,3015105,330151052027943,,3,1,
2028783,3045305,330453052027943,,3,1,
2028783,3045306,330453062027943,,3,1,
2028783,3045310,330453102027943,,3,1,
2166357,3015110,1030151102027944,,10,0,
2166357,3015112,1030151122027944,,10,0,
2166357,3045311,1030453112027944,,10,0,
2166357,3045312,1030453122027944,,10,0,
2166357,3045313,1030453132027944,,10,0,
2166357,3045314,1030453142027944,,10,0,
2166357,3045315,1030453152027944,,10,0,
2166357,3045316,1030453162027944,,10,0,
2166357,3045317,1030453172027944,,10,0,
2166357,3015110,1130151102027944,,11,0,
2166357,3015112,1130151122027944,,11,0,
2166357,3045311,1130453112027944,,11,0,
2166357,3045312,1130453122027944,,11,0,
2166357,3045313,1130453132027944,,11,0,
2166357,3045314,1130453142027944,,11,0,
2166357,3045315,1130453152027944,,11,0,
2166357,3045316,1130453162027944,,11,0,
2166357,3045317,1130453172027944,,11,0,
2166357,3015110,1230151102027944,,12,0,
2166357,3015112,1230151122027944,,12,0,
2166357,3045311,1230453112027944,,12,0,
2166357,3045312,1230453122027944,,12,0,
2166357,3045313,1230453132027944,,12,0,
2166357,3045314,1230453142027944,,12,0,
2166357,3045315,1230453152027944,,12,0,
2166357,3045316,1230453162027944,,12,0,
2166357,3045317,1230453172027944,,12,0,
2166357,3015110,130151102027944,,1,0,
2166357,3015112,130151122027944,,1,0,
2166357,3045311,130453112027944,,1,0,
2166357,3045312,130453122027944,,1,0,
2166357,3045313,130453132027944,,1,0,
2166357,3045314,130453142027944,,1,0,
2166357,3045315,130453152027944,,1,0,
2166357,3045316,130453162027944,,1,0,
2166357,3045317,130453172027944,,1,0,
2166357,3015110,1330151102027944,,13,0,
2166357,3015112,1330151122027944,,13,0,
2166357,3045311,1330453112027944,,13,0,
2166357,3045312,1330453122027944,,13,0,
2166357,3045313,1330453132027944,,13,0,
2166357,3045314,1330453142027944,,13,0,
2166357,3045315,1330453152027944,,13,0,
2166357,3045316,1330453162027944,,13,0,
2166357,3045317,1330453172027944,,13,0,
2166357,3015110,1430151102027944,,14,0,
2166357,3015112,1430151122027944,,14,0,
2166357,3045311,1430453112027944,,14,0,
2166357,3045312,1430453122027944,,14,0,
2166357,3045313,1430453132027944,,14,0,
2166357,3045314,1430453142027944,,14,0,
2166357,3045315,1430453152027944,,14,0,
2166357,3045316,1430453162027944,,14,0,
2166357,3045317,1430453172027944,,14,0,
2166357,3015110,1530151102027944,,15,0,
2166357,3015112,1530151122027944,,15,0,
2166357,3045311,1530453112027944,,15,0,
2166357,3045312,1530453122027944,,15,0,
2166357,3045313,1530453132027944,,15,0,
2166357,3045314,1530453142027944,,15,0,
2166357,3045315,1530453152027944,,15,0,
2166357,3045316,1530453162027944,,15,0,
2166357,3045317,1530453172027944,,15,0,
2166357,3015110,1630151102027944,,16,0,
2166357,3015112,1630151122027944,,16,0,
2166357,3045311,1630453112027944,,16,0,
2166357,3045312,1630453122027944,,16,0,
2166357,3045313,1630453132027944,,16,0,
2166357,3045314,1630453142027944,,16,0,
2166357,3045315,1630453152027944,,16,0,
2166357,3045316,1630453162027944,,16,0,
2166357,3045317,1630453172027944,,16,0,
2166357,3015110,1730151102027944,,17,0,
2166357,3015112,1730151122027944,,17,0,
2166357,3045311,1730453112027944,,17,0,
2166357,3045312,1730453122027944,,17,0,
2166357,3045313,1730453132027944,,17,0,
2166357,3045314,1730453142027944,,17,0,
2166357,3045315,1730453152027944,,17,0,
2166357,3045316,1730453162027944,,17,0,
2166357,3045317,1730453172027944,,17,0,
2166357,3015110,1830151102027944,,18,0,
2166357,3015112,1830151122027944,,18,0,
2166357,3045311,1830453112027944,,18,0,
2166357,3045312,1830453122027944,,18,0,
2166357,3045313,1830453132027944,,18,0,
2166357,3045314,1830453142027944,,18,0,
2166357,3045315,1830453152027944,,18,0,
2166357,3045316,1830453162027944,,18,0,
2166357,3045317,1830453172027944,,18,0,
2166357,3015110,1930151102027944,,19,0,
2166357,3015112,1930151122027944,,19,0,
2166357,3045311,1930453112027944,,19,0,
2166357,3045312,1930453122027944,,19,0,
2166357,3045313,1930453132027944,,19,0,
2166357,3045314,1930453142027944,,19,0,
2166357,3045315,1930453152027944,,19,0,
2166357,3045316,1930453162027944,,19,0,
2166357,3045317,1930453172027944,,19,0,
2166357,3015110,2030151102027944,,20,0,
2166357,3015112,2030151122027944,,20,0,
2166357,3045311,2030453112027944,,20,0,
2166357,3045312,2030453122027944,,20,0,
2166357,3045313,2030453132027944,,20,0,
2166357,3045314,2030453142027944,,20,0,
2166357,3045315,2030453152027944,,20,0,
2166357,3045316,2030453162027944,,20,0,
2166357,3045317,2030453172027944,,20,0,
2166357,3015110,2130151102027944,,21,0,
2166357,3015112,2130151122027944,,21,0,
2166357,3045311,2130453112027944,,21,0,
2166357,3045312,2130453122027944,,21,0,
2166357,3045313,2130453132027944,,21,0,
2166357,3045314,2130453142027944,,21,0,
2166357,3045315,2130453152027944,,21,0,
2166357,3045316,2130453162027944,,21,0,
2166357,3045317,2130453172027944,,21,0,
2166357,3015110,2230151102027944,,22,0,
2166357,3015112,2230151122027944,,22,0,
2166357,3045311,2230453112027944,,22,0,
2166357,3045312,2230453122027944,,22,0,
2166357,3045313,2230453132027944,,22,0,
2166357,3045314,2230453142027944,,22,0,
2166357,3045315,2230453152027944,,22,0,
2166357,3045316,2230453162027944,,22,0,
2166357,3045317,2230453172027944,,22,0,
2166357,3015110,230151102027944,,2,0,
2166357,3015112,230151122027944,,2,0,
2166357,3045311,230453112027944,,2,0,
2166357,3045312,230453122027944,,2,0,
2166357,3045313,230453132027944,,2,0,
2166357,3045314,230453142027944,,2,0,
2166357,3045315,230453152027944,,2,0,
2166357,3045316,230453162027944,,2,0,
2166357,3045317,230453172027944,,2,0,
2166357,3015110,2330151102027944,,23,0,
2166357,3015112,2330151122027944,,23,0,
2166357,3045311,2330453112027944,,23,0,
2166357,3045312,2330453122027944,,23,0,
2166357,3045313,2330453132027944,,23,0,
2166357,3045314,2330453142027944,,23,0,
2166357,3045315,2330453152027944,,23,0,
2166357,3045316,2330453162027944,,23,0,
2166357,3045317,2330453172027944,,23,0,
2166357,3015110,2430151102027944,,24,0,
2166357,3015112,2430151122027944,,24,0,
2166357,3045311,2430453112027944,,24,0,
2166357,3045312,2430453122027944,,24,0,
2166357,3045313,2430453132027944,,24,0,
2166357,3045314,2430453142027944,,24,0,
2166357,3045315,2430453152027944,,24,0,
2166357,3045316,2430453162027944,,24,0,
2166357,3045317,2430453172027944,,24,0,
2166357,3015110,2530151102027944,,25,0,
2166357,3015112,2530151122027944,,25,0,
2166357,3045311,2530453112027944,,25,0,
2166357,3045312,2530453122027944,,25,0,
2166357,3045313,2530453132027944,,25,0,
2166357,3045314,2530453142027944,,25,0,
2166357,3045315,2530453152027944,,25,0,
2166357,3045316,2530453162027944,,25,0,
2166357,3045317,2530453172027944,,25,0,
2166357,3015110,2630151102027944,,26,0,
2166357,3015112,2630151122027944,,26,0,
2166357,3045311,2630453112027944,,26,0,
2166357,3045312,2630453122027944,,26,0,
2166357,3045313,2630453132027944,,26,0,
2166357,3045314,2630453142027944,,26,0,
2166357,3045315,2630453152027944,,26,0,
2166357,3045316,2630453162027944,,26,0,
2166357,3045317,2630453172027944,,26,0,
2166357,3015110,2730151102027944,,27,0,
2166357,3015112,2730151122027944,,27,0,
2166357,3045311,2730453112027944,,27,0,
2166357,3045312,2730453122027944,,27,0,
2166357,3045313,2730453132027944,,27,0,
2166357,3045314,2730453142027944,,27,0,
2166357,3045315,2730453152027944,,27,0,
2166357,3045316,2730453162027944,,27,0,
2166357,3045317,2730453172027944,,27,0,
2166357,3015110,2830151102027944,,28,0,
2166357,3015112,2830151122027944,,28,0,
2166357,3045311,2830453112027944,,28,0,
2166357,3045312,2830453122027944,,28,0,
2166357,3045313,2830453132027944,,28,0,
2166357,3045314,2830453142027944,,28,0,
2166357,3045315,2830453152027944,,28,0,
2166357,3045316,2830453162027944,,28,0,
2166357,3045317,2830453172027944,,28,0,
2166357,3015110,2930151102027944,,29,0,
2166357,3015112,2930151122027944,,29,0,
2166357,3045311,2930453112027944,,29,0,
2166357,3045312,2930453122027944,,29,0,
2166357,3045313,2930453132027944,,29,0,
2166357,3045314,2930453142027944,,29,0,
2166357,3045315,2930453152027944,,29,0,
2166357,3045316,2930453162027944,,29,0,
2166357,3045317,2930453172027944,,29,0,
2166357,3015110,3030151102027944,,30,0,
2166357,3015112,3030151122027944,,30,0,
2166357,3045311,3030453112027944,,30,0,
2166357,3045312,3030453122027944,,30,0,
2166357,3045313,3030453132027944,,30,0,
2166357,3045314,3030453142027944,,30,0,
2166357,3045315,3030453152027944,,30,0,
2166357,3045316,3030453162027944,,30,0,
2166357,3045317,3030453172027944,,30,0,
2166357,3015110,3130151102027944,,31,0,
2166357,3015112,3130151122027944,,31,0,
2166357,3045311,3130453112027944,,31,0,
2166357,3045312,3130453122027944,,31,0,
2166357,3045313,3130453132027944,,31,0,
2166357,3045314,3130453142027944,,31,0,
2166357,3045315,3130453152027944,,31,0,
2166357,3045316,3130453162027944,,31,0,
2166357,3045317,3130453172027944,,31,0,
2166357,3015110,3230151102027944,,32,0,
2166357,3015112,3230151122027944,,32,0,
2166357,3045311,3230453112027944,,32,0,
2166357,3045312,3230453122027944,,32,0,
2166357,3045313,3230453132027944,,32,0,
2166357,3045314,3230453142027944,,32,0,
2166357,3045315,3230453152027944,,32,0,
2166357,3045316,3230453162027944,,32,0,
2166357,3045317,3230453172027944,,32,0,
2166357,3015110,330151102027944,,3,0,
2166357,3015112,330151122027944,,3,0,
2166357,3045311,330453112027944,,3,0,
2166357,3045312,330453122027944,,3,0,
2166357,3045313,330453132027944,,3,0,
2166357,3045314,330453142027944,,3,0,
2166357,3045315,330453152027944,,3,0,
2166357,3045316,330453162027944,,3,0,
2166357,3045317,330453172027944,,3,0,
2166357,3015110,3330151102027944,,33,0,
2166357,3015112,3330151122027944,,33,0,
2166357,3045311,3330453112027944,,33,0,
2166357,3045312,3330453122027944,,33,0,
2166357,3045313,3330453132027944,,33,0,
2166357,3045314,3330453142027944,,33,0,
2166357,3045315,3330453152027944,,33,0,
2166357,3045316,3330453162027944,,33,0,
2166357,3045317,3330453172027944,,33,0,
2166357,3015110,3430151102027944,,34,0,
2166357,3015112,3430151122027944,,34,0,
2166357,3045311,3430453112027944,,34,0,
2166357,3045312,3430453122027944,,34,0,
2166357,3045313,3430453132027944,,34,0,
2166357,3045314,3430453142027944,,34,0,
2166357,3045315,3430453152027944,,34,0,
2166357,3045316,3430453162027944,,34,0,
2166357,3045317,3430453172027944,,34,0,
2166357,3015110,3530151102027944,,35,0,
2166357,3015112,3530151122027944,,35,0,
2166357,3045311,3530453112027944,,35,0,
2166357,3045312,3530453122027944,,35,0,
2166357,3045313,3530453132027944,,35,0,
2166357,3045314,3530453142027944,,35,0,
2166357,3045315,3530453152027944,,35,0,
2166357,3045316,3530453162027944,,35,0,
2166357,3045317,3530453172027944,,35,0,
2166357,3015110,3630151102027944,,36,0,
2166357,3015112,3630151122027944,,36,0,
2166357,3045311,3630453112027944,,36,0,
2166357,3045312,3630453122027944,,36,0,
2166357,3045313,3630453132027944,,36,0,
2166357,3045314,3630453142027944,,36,0,
2166357,3045315,3630453152027944,,36,0,
2166357,3045316,3630453162027944,,36,0,
2166357,3045317,3630453172027944,,36,0,
2166357,3015110,3730151102027944,,37,0,
2166357,3015112,3730151122027944,,37,0,
2166357,3045311,3730453112027944,,37,0,
2166357,3045312,3730453122027944,,37,0,
2166357,3045313,3730453132027944,,37,0,
2166357,3045314,3730453142027944,,37,0,
2166357,3045315,3730453152027944,,37,0,
2166357,3045316,3730453162027944,,37,0,
2166357,3045317,3730453172027944,,37,0,
2166357,3015110,3830151102027944,,38,0,
2166357,3015112,3830151122027944,,38,0,
2166357,3045311,3830453112027944,,38,0,
2166357,3045312,3830453122027944,,38,0,
2166357,3045313,3830453132027944,,38,0,
2166357,3045314,3830453142027944,,38,0,
2166357,3045315,3830453152027944,,38,0,
2166357,3045316,3830453162027944,,38,0,
2166357,3045317,3830453172027944,,38,0,
2166357,3015110,3930151102027944,,39,0,
2166357,3015112,3930151122027944,,39,0,
2166357,3045311,3930453112027944,,39,0,
2166357,3045312,3930453122027944,,39,0,
2166357,3045313,3930453132027944,,39,0,
2166357,3045314,3930453142027944,,39,0,
2166357,3045315,3930453152027944,,39,0,
2166357,3045316,3930453162027944,,39,0,
2166357,3045317,3930453172027944,,39,0,
2166357,3015110,4030151102027944,,40,0,
2166357,3015112,4030151122027944,,40,0,
2166357,3045311,4030453112027944,,40,0,
2166357,3045312,4030453122027944,,40,0,
2166357,3045313,4030453132027944,,40,0,
2166357,3045314,4030453142027944,,40,0,
2166357,3045315,4030453152027944,,40,0,
2166357,3045316,4030453162027944,,40,0,
2166357,3045317,4030453172027944,,40,0,
2166357,3015110,4130151102027944,,41,0,
2166357,3015112,4130151122027944,,41,0,
2166357,3045311,4130453112027944,,41,0,
2166357,3045312,4130453122027944,,41,0,
2166357,3045313,4130453132027944,,41,0,
2166357,3045314,4130453142027944,,41,0,
2166357,3045315,4130453152027944,,41,0,
2166357,3045316,4130453162027944,,41,0,
2166357,3045317,4130453172027944,,41,0,
2166357,3015110,4230151102027944,,42,0,
2166357,3015112,4230151122027944,,42,0,
2166357,3045311,4230453112027944,,42,0,
2166357,3045312,4230453122027944,,42,0,
2166357,3045313,4230453132027944,,42,0,
2166357,3045314,4230453142027944,,42,0,
2166357,3045315,4230453152027944,,42,0,
2166357,3045316,4230453162027944,,42,0,
2166357,3045317,4230453172027944,,42,0,
2166357,3015110,430151102027944,,4,0,
2166357,3015112,430151122027944,,4,0,
2166357,3045311,430453112027944,,4,0,
2166357,3045312,430453122027944,,4,0,
2166357,3045313,430453132027944,,4,0,
2166357,3045314,430453142027944,,4,0,
2166357,3045315,430453152027944,,4,0,
2166357,3045316,430453162027944,,4,0,
2166357,3045317,430453172027944,,4,0,
2166357,3015110,4330151102027944,,43,0,
2166357,3015112,4330151122027944,,43,0,
2166357,3045311,4330453112027944,,43,0,
2166357,3045312,4330453122027944,,43,0,
2166357,3045313,4330453132027944,,43,0,
2166357,3045314,4330453142027944,,43,0,
2166357,3045315,4330453152027944,,43,0,
2166357,3045316,4330453162027944,,43,0,
2166357,3045317,4330453172027944,,43,0,
2166357,3015110,4430151102027944,,44,0,
2166357,3015112,4430151122027944,,44,0,
2166357,3045311,4430453112027944,,44,0,
2166357,3045312,4430453122027944,,44,0,
2166357,3045313,4430453132027944,,44,0,
2166357,3045314,4430453142027944,,44,0,
2166357,3045315,4430453152027944,,44,0,
2166357,3045316,4430453162027944,,44,0,
2166357,3045317,4430453172027944,,44,0,
2166357,3015110,4530151102027944,,45,0,
2166357,3015112,4530151122027944,,45,0,
2166357,3045311,4530453112027944,,45,0,
2166357,3045312,4530453122027944,,45,0,
2166357,3045313,4530453132027944,,45,0,
2166357,3045314,4530453142027944,,45,0,
2166357,3045315,4530453152027944,,45,0,
2166357,3045316,4530453162027944,,45,0,
2166357,3045317,4530453172027944,,45,0,
2166357,3015110,4630151102027944,,46,0,
2166357,3015112,4630151122027944,,46,0,
2166357,3045311,4630453112027944,,46,0,
2166357,3045312,4630453122027944,,46,0,
2166357,3045313,4630453132027944,,46,0,
2166357,3045314,4630453142027944,,46,0,
2166357,3045315,4630453152027944,,46,0,
2166357,3045316,4630453162027944,,46,0,
2166357,3045317,4630453172027944,,46,0,
2166357,3015110,4730151102027944,,47,0,
2166357,3015112,4730151122027944,,47,0,
2166357,3045311,4730453112027944,,47,0,
2166357,3045312,4730453122027944,,47,0,
2166357,3045313,4730453132027944,,47,0,
2166357,3045314,4730453142027944,,47,0,
2166357,3045315,4730453152027944,,47,0,
2166357,3045316,4730453162027944,,47,0,
2166357,3045317,4730453172027944,,47,0,
2166357,3015110,4830151102027944,,48,0,
2166357,3015112,4830151122027944,,48,0,
2166357,3045311,4830453112027944,,48,0,
2166357,3045312,4830453122027944,,48,0,
2166357,3045313,4830453132027944,,48,0,
2166357,3045314,4830453142027944,,48,0,
2166357,3045315,4830453152027944,,48,0,
2166357,3045316,4830453162027944,,48,0,
2166357,3045317,4830453172027944,,48,0,
2166357,3015110,4930151102027944,,49,0,
2166357,3015112,4930151122027944,,49,0,
2166357,3045311,4930453112027944,,49,0,
2166357,3045312,4930453122027944,,49,0,
2166357,3045313,4930453132027944,,49,0,
2166357,3045314,4930453142027944,,49,0,
2166357,3045315,4930453152027944,,49,0,
2166357,3045316,4930453162027944,,49,0,
2166357,3045317,4930453172027944,,49,0,
2166357,3015110,5030151102027944,,50,0,
2166357,3015112,5030151122027944,,50,0,
2166357,3045311,5030453112027944,,50,0,
2166357,3045312,5030453122027944,,50,0,
2166357,3045313,5030453132027944,,50,0,
2166357,3045314,5030453142027944,,50,0,
2166357,3045315,5030453152027944,,50,0,
2166357,3045316,5030453162027944,,50,0,
2166357,3045317,5030453172027944,,50,0,
2166357,3015110,5130151102027944,,51,0,
2166357,3015112,5130151122027944,,51,0,
2166357,3045311,5130453112027944,,51,0,
2166357,3045312,5130453122027944,,51,0,
2166357,3045313,5130453132027944,,51,0,
2166357,3045314,5130453142027944,,51,0,
2166357,3045315,5130453152027944,,51,0,
2166357,3045316,5130453162027944,,51,0,
2166357,3045317,5130453172027944,,51,0,
2166357,3015110,5230151102027944,,52,0,
2166357,3015112,5230151122027944,,52,0,
2166357,3045311,5230453112027944,,52,0,
2166357,3045312,5230453122027944,,52,0,
2166357,3045313,5230453132027944,,52,0,
2166357,3045314,5230453142027944,,52,0,
2166357,3045315,5230453152027944,,52,0,
2166357,3045316,5230453162027944,,52,0,
2166357,3045317,5230453172027944,,52,0,
2166357,3015110,530151102027944,,5,0,
2166357,3015112,530151122027944,,5,0,
2166357,3045311,530453112027944,,5,0,
2166357,3045312,530453122027944,,5,0,
2166357,3045313,530453132027944,,5,0,
2166357,3045314,530453142027944,,5,0,
2166357,3045315,530453152027944,,5,0,
2166357,3045316,530453162027944,,5,0,
2166357,3045317,530453172027944,,5,0,
2166357,3015110,5330151102027944,,53,0,
2166357,3015112,5330151122027944,,53,0,
2166357,3045311,5330453112027944,,53,0,
2166357,3045312,5330453122027944,,53,0,
2166357,3045313,5330453132027944,,53,0,
2166357,3045314,5330453142027944,,53,0,
2166357,3045315,5330453152027944,,53,0,
2166357,3045316,5330453162027944,,53,0,
2166357,3045317,5330453172027944,,53,0,
2166357,3015110,5430151102027944,,54,0,
2166357,3015112,5430151122027944,,54,0,
2166357,3045311,5430453112027944,,54,0,
2166357,3045312,5430453122027944,,54,0,
2166357,3045313,5430453132027944,,54,0,
2166357,3045314,5430453142027944,,54,0,
2166357,3045315,5430453152027944,,54,0,
2166357,3045316,5430453162027944,,54,0,
2166357,3045317,5430453172027944,,54,0,
2166357,3015110,5530151102027944,,55,0,
2166357,3015112,5530151122027944,,55,0,
2166357,3045311,5530453112027944,,55,0,
2166357,3045312,5530453122027944,,55,0,
2166357,3045313,5530453132027944,,55,0,
2166357,3045314,5530453142027944,,55,0,
2166357,3045315,5530453152027944,,55,0,
2166357,3045316,5530453162027944,,55,0,
2166357,3045317,5530453172027944,,55,0,
2166357,3015110,5630151102027944,,56,0,
2166357,3015112,5630151122027944,,56,0,
2166357,3045311,5630453112027944,,56,0,
2166357,3045312,5630453122027944,,56,0,
2166357,3045313,5630453132027944,,56,0,
2166357,3045314,5630453142027944,,56,0,
2166357,3045315,5630453152027944,,56,0,
2166357,3045316,5630453162027944,,56,0,
2166357,3045317,5630453172027944,,56,0,
2166357,3015110,5730151102027944,,57,0,
2166357,3015112,5730151122027944,,57,0,
2166357,3045311,5730453112027944,,57,0,
2166357,3045312,5730453122027944,,57,0,
2166357,3045313,5730453132027944,,57,0,
2166357,3045314,5730453142027944,,57,0,
2166357,3045315,5730453152027944,,57,0,
2166357,3045316,5730453162027944,,57,0,
2166357,3045317,5730453172027944,,57,0,
2166357,3015110,5830151102027944,,58,0,
2166357,3015112,5830151122027944,,58,0,
2166357,3045311,5830453112027944,,58,0,
2166357,3045312,5830453122027944,,58,0,
2166357,3045313,5830453132027944,,58,0,
2166357,3045314,5830453142027944,,58,0,
2166357,3045315,5830453152027944,,58,0,
2166357,3045316,5830453162027944,,58,0,
2166357,3045317,5830453172027944,,58,0,
2166357,3015110,5930151102027944,,59,0,
2166357,3015112,5930151122027944,,59,0,
2166357,13045311,5930453112027944,,59,0,
2166357,3045312,5930453122027944,,59,0,
2166357,13045313,5930453132027944,,59,0,
2166357,3045314,5930453142027944,,59,0,
2166357,13045315,5930453152027944,,59,0,
2166357,13045316,5930453162027944,,59,0,
2166357,13045317,5930453172027944,,59,0,
2166357,3015110,6030151102027944,,60,0,
2166357,3015112,6030151122027944,,60,0,
2166357,13045311,6030453112027944,,60,0,
2166357,3045312,6030453122027944,,60,0,
2166357,13045313,6030453132027944,,60,0,
2166357,3045314,6030453142027944,,60,0,
2166357,13045315,6030453152027944,,60,0,
2166357,13045316,6030453162027944,,60,0,
2166357,13045317,6030453172027944,,60,0,
2166357,3015110,6130151102027944,,61,0,
2166357,3015112,6130151122027944,,61,0,
2166357,3045312,6130453122027944,,61,0,
2166357,3045314,6130453142027944,,61,0,
2166357,13045315,6130453152027944,,61,0,
2166357,13045316,6130453162027944,,61,0,
2166357,13045317,6130453172027944,,61,0,
2166357,3015110,6230151102027944,,62,0,
2166357,3015112,6230151122027944,,62,0,
2166357,3045312,6230453122027944,,62,0,
2166357,3045314,6230453142027944,,62,0,
2166357,13045315,6230453152027944,,62,0,
2166357,13045316,6230453162027944,,62,0,
2166357,13045317,6230453172027944,,62,0,
2166357,3015110,630151102027944,,6,0,
2166357,3015112,630151122027944,,6,0,
2166357,3045311,630453112027944,,6,0,
2166357,3045312,630453122027944,,6,0,
2166357,3045313,630453132027944,,6,0,
2166357,3045314,630453142027944,,6,0,
2166357,3045315,630453152027944,,6,0,
2166357,3045316,630453162027944,,6,0,
2166357,3045317,630453172027944,,6,0,
2166357,3015110,6330151102027944,,63,0,
2166357,3015112,6330151122027944,,63,0,
2166357,3045312,6330453122027944,,63,0,
2166357,3045314,6330453142027944,,63,0,
2166357,13045315,6330453152027944,,63,0,
2166357,13045316,6330453162027944,,63,0,
2166357,13045317,6330453172027944,,63,0,
2166357,3015110,6430151102027944,,64,0,
2166357,3015112,6430151122027944,,64,0,
2166357,3045312,6430453122027944,,64,0,
2166357,3045314,6430453142027944,,64,0,
2166357,3015110,6530151102027944,,65,0,
2166357,3015112,6530151122027944,,65,0,
2166357,3045312,6530453122027944,,65,0,
2166357,3045314,6530453142027944,,65,0,
2166357,3015110,6630151102027944,,66,0,
2166357,13015112,6630151122027944,,66,0,
2166357,13045312,6630453122027944,,66,0,
2166357,3045314,6630453142027944,,66,0,
2166357,3015110,6730151102027944,,67,0,
2166357,13015112,6730151122027944,,67,0,
2166357,13045312,6730453122027944,,67,0,
2166357,3045314,6730453142027944,,67,0,
2166357,3015110,6830151102027944,,68,0,
2166357,13015112,6830151122027944,,68,0,
2166357,3045314,6830453142027944,,68,0,
2166357,3015110,6930151102027944,,69,0,
2166357,13015112,6930151122027944,,69,0,
2166357,3045314,6930453142027944,,69,0,
2166357,3015110,7030151102027944,,70,0,
2166357,13015112,7030151122027944,,70,0,
2166357,3045314,7030453142027944,,70,0,
2166357,3015110,7130151102027944,,71,0,
2166357,3045314,7130453142027944,,71,0,
2166357,3015110,7230151102027944,,72,0,
2166357,3045314,7230453142027944,,72,0,
2166357,3015110,730151102027944,,7,0,
2166357,3015112,730151122027944,,7,0,
2166357,3045311,730453112027944,,7,0,
2166357,3045312,730453122027944,,7,0,
2166357,3045313,730453132027944,,7,0,
2166357,3045314,730453142027944,,7,0,
2166357,3045315,730453152027944,,7,0,
2166357,3045316,730453162027944,,7,0,
2166357,3045317,730453172027944,,7,0,
2166357,3015110,7330151102027944,,73,0,
2166357,13045314,7330453142027944,,73,0,
2166357,3015110,7430151102027944,,74,0,
2166357,13045314,7430453142027944,,74,0,
2166357,13015110,7530151102027944,,75,0,
2166357,13045314,7530453142027944,,75,0,
2166357,13015110,7630151102027944,,76,0,
2166357,13045314,7630453142027944,,76,0,
2166357,13015110,7730151102027944,,77,0,
2166357,13045314,7730453142027944,,77,0,
2166357,13015110,7830151102027944,,78,0,
2166357,13015110,7930151102027944,,79,0,
2166357,3015110,830151102027944,,8,0,
2166357,3015112,830151122027944,,8,0,
2166357,3045311,830453112027944,,8,0,
2166357,3045312,830453122027944,,8,0,
2166357,3045313,830453132027944,,8,0,
2166357,3045314,830453142027944,,8,0,
2166357,3045315,830453152027944,,8,0,
2166357,3045316,830453162027944,,8,0,
2166357,3045317,830453172027944,,8,0,
2166357,3015110,930151102027944,,9,0,
2166357,3015112,930151122027944,,9,0,
2166357,3045311,930453112027944,,9,0,
2166357,3045312,930453122027944,,9,0,
2166357,3045313,930453132027944,,9,0,
2166357,3045314,930453142027944,,9,0,
2166357,3045315,930453152027944,,9,0,
2166357,3045316,930453162027944,,9,0,
2166357,3045317,930453172027944,,9,0,
2166357,3015112,1030151122027946,,10,0,
2166357,3045312,1030453122027946,,10,0,
2166357,3015110,130151102027946,,1,0,
2166357,3015112,130151122027946,,1,0,
2166357,3045311,130453112027946,,1,0,
2166357,3045312,130453122027946,,1,0,
2166357,3045313,130453132027946,,1,0,
2166357,3045314,130453142027946,,1,0,
2166357,3045315,130453152027946,,1,0,
2166357,3045316,130453162027946,,1,0,
2166357,3045317,130453172027946,,1,0,
2166357,3015110,230151102027946,,2,0,
2166357,3015112,230151122027946,,2,0,
2166357,3045311,230453112027946,,2,0,
2166357,3045312,230453122027946,,2,0,
2166357,3045313,230453132027946,,2,0,
2166357,3045314,230453142027946,,2,0,
2166357,3045315,230453152027946,,2,0,
2166357,3045316,230453162027946,,2,0,
2166357,3045317,230453172027946,,2,0,
2166357,3015110,330151102027946,,3,0,
2166357,3015112,330151122027946,,3,0,
2166357,3045311,330453112027946,,3,0,
2166357,3045312,330453122027946,,3,0,
2166357,3045313,330453132027946,,3,0,
2166357,3045314,330453142027946,,3,0,
2166357,3045315,330453152027946,,3,0,
2166357,3045316,330453162027946,,3,0,
2166357,3045317,330453172027946,,3,0,
2166357,3015110,430151102027946,,4,0,
2166357,3015112,430151122027946,,4,0,
2166357,3045312,430453122027946,,4,0,
2166357,3045313,430453132027946,,4,0,
2166357,3045314,430453142027946,,4,0,
2166357,3045317,430453172027946,,4,0,
2166357,3015110,530151102027946,,5,0,
2166357,3015112,530151122027946,,5,0,
2166357,3045312,530453122027946,,5,0,
2166357,3045313,530453132027946,,5,0,
2166357,3045314,530453142027946,,5,0,
2166357,3045317,530453172027946,,5,0,
2166357,3015112,630151122027946,,6,0,
2166357,3045312,630453122027946,,6,0,
2166357,3045313,630453132027946,,6,0,
2166357,3045317,630453172027946,,6,0,
2166357,3015112,730151122027946,,7,0,
2166357,3045312,730453122027946,,7,0,
2166357,3045313,730453132027946,,7,0,
2166357,3045317,730453172027946,,7,0,
2166357,3015112,830151122027946,,8,0,
2166357,3045312,830453122027946,,8,0,
2166357,3045313,830453132027946,,8,0,
2166357,3045317,830453172027946,,8,0,
2166357,3015112,930151122027946,,9,0,
2166357,3045312,930453122027946,,9,0,
2166357,3045313,930453132027946,,9,0,
2166357,3045317,930453172027946,,9,0,
2166357,3015112,1030151122027949,,10,0,
2166357,3045312,1030453122027949,,10,0,
2166357,3045313,1030453132027949,,10,0,
2166357,3045317,1030453172027949,,10,0,
2166357,3015112,1130151122027949,,11,0,
2166357,3045312,1130453122027949,,11,0,
2166357,3045313,1130453132027949,,11,0,
2166357,3045317,1130453172027949,,11,0,
2166357,3015112,1230151122027949,,12,0,
2166357,3045312,1230453122027949,,12,0,
2166357,3045313,1230453132027949,,12,0,
2166357,3045317,1230453172027949,,12,0,
2166357,3015112,130151122027949,,1,0,
2166357,3045312,130453122027949,,1,0,
2166357,3045313,130453132027949,,1,0,
2166357,3045317,130453172027949,,1,0,
2166357,3015112,1330151122027949,,13,0,
2166357,3045312,1330453122027949,,13,0,
2166357,3045313,1330453132027949,,13,0,
2166357,3045317,1330453172027949,,13,0,
2166357,3015112,1430151122027949,,14,0,
2166357,3045312,1430453122027949,,14,0,
2166357,3045313,1430453132027949,,14,0,
2166357,3045317,1430453172027949,,14,0,
2166357,3015112,1530151122027949,,15,0,
2166357,3045312,1530453122027949,,15,0,
2166357,3045313,1530453132027949,,15,0,
2166357,3045317,1530453172027949,,15,0,
2166357,3015112,1630151122027949,,16,0,
2166357,3045312,1630453122027949,,16,0,
2166357,3045313,1630453132027949,,16,0,
2166357,3045317,1630453172027949,,16,0,
2166357,3015112,1730151122027949,,17,0,
2166357,3045312,1730453122027949,,17,0,
2166357,3045313,1730453132027949,,17,0,
2166357,3045317,1730453172027949,,17,0,
2166357,3015112,1830151122027949,,18,0,
2166357,3045312,1830453122027949,,18,0,
2166357,3045313,1830453132027949,,18,0,
2166357,3045317,1830453172027949,,18,0,
2166357,3015112,1930151122027949,,19,0,
2166357,3045312,1930453122027949,,19,0,
2166357,3045313,1930453132027949,,19,0,
2166357,3045317,1930453172027949,,19,0,
2166357,3015112,2030151122027949,,20,0,
2166357,3045312,2030453122027949,,20,0,
2166357,3045313,2030453132027949,,20,0,
2166357,3045317,2030453172027949,,20,0,
2166357,3015112,2130151122027949,,21,0,
2166357,3045312,2130453122027949,,21,0,
2166357,3045313,2130453132027949,,21,0,
2166357,3045317,2130453172027949,,21,0,
2166357,3015112,2230151122027949,,22,0,
2166357,3045312,2230453122027949,,22,0,
2166357,3045313,2230453132027949,,22,0,
2166357,3045317,2230453172027949,,22,0,
2166357,3015112,230151122027949,,2,0,
2166357,3045312,230453122027949,,2,0,
2166357,3045313,230453132027949,,2,0,
2166357,3045317,230453172027949,,2,0,
2166357,3015112,2330151122027949,,23,0,
2166357,3045312,2330453122027949,,23,0,
2166357,3045313,2330453132027949,,23,0,
2166357,3045317,2330453172027949,,23,0,
2166357,3015112,2430151122027949,,24,0,
2166357,3045312,2430453122027949,,24,0,
2166357,3045313,2430453132027949,,24,0,
2166357,3045317,2430453172027949,,24,0,
2166357,3015112,2530151122027949,,25,0,
2166357,3045312,2530453122027949,,25,0,
2166357,3045313,2530453132027949,,25,0,
2166357,3045317,2530453172027949,,25,0,
2166357,3015112,2630151122027949,,26,0,
2166357,3045312,2630453122027949,,26,0,
2166357,3045313,2630453132027949,,26,0,
2166357,3045317,2630453172027949,,26,0,
2166357,3015112,2730151122027949,,27,0,
2166357,3045312,2730453122027949,,27,0,
2166357,3045313,2730453132027949,,27,0,
2166357,3045317,2730453172027949,,27,0,
2166357,3015112,2830151122027949,,28,0,
2166357,3045312,2830453122027949,,28,0,
2166357,3045313,2830453132027949,,28,0,
2166357,3045317,2830453172027949,,28,0,
2166357,3015112,2930151122027949,,29,0,
2166357,3045312,2930453122027949,,29,0,
2166357,3045313,2930453132027949,,29,0,
2166357,3045317,2930453172027949,,29,0,
2166357,3015112,3030151122027949,,30,0,
2166357,3045312,3030453122027949,,30,0,
2166357,3045313,3030453132027949,,30,0,
2166357,3045317,3030453172027949,,30,0,
2166357,3015112,3130151122027949,,31,0,
2166357,3045312,3130453122027949,,31,0,
2166357,3045313,3130453132027949,,31,0,
2166357,3045317,3130453172027949,,31,0,
2166357,3015112,3230151122027949,,32,0,
2166357,3045312,3230453122027949,,32,0,
2166357,3045313,3230453132027949,,32,0,
2166357,3045317,3230453172027949,,32,0,
2166357,3015112,330151122027949,,3,0,
2166357,3045312,330453122027949,,3,0,
2166357,3045313,330453132027949,,3,0,
2166357,3045317,330453172027949,,3,0,
2166357,3015112,3330151122027949,,33,0,
2166357,3045312,3330453122027949,,33,0,
2166357,3045313,3330453132027949,,33,0,
2166357,3045317,3330453172027949,,33,0,
2166357,3015112,3430151122027949,,34,0,
2166357,3045312,3430453122027949,,34,0,
2166357,3045313,3430453132027949,,34,0,
2166357,3045317,3430453172027949,,34,0,
2166357,3015112,3530151122027949,,35,0,
2166357,3045312,3530453122027949,,35,0,
2166357,3045313,3530453132027949,,35,0,
2166357,3045317,3530453172027949,,35,0,
2166357,3015112,3630151122027949,,36,0,
2166357,3045312,3630453122027949,,36,0,
2166357,3045313,3630453132027949,,36,0,
2166357,3045317,3630453172027949,,36,0,
2166357,3015112,3730151122027949,,37,0,
2166357,3045312,3730453122027949,,37,0,
2166357,3045313,3730453132027949,,37,0,
2166357,3045317,3730453172027949,,37,0,
2166357,3015112,3830151122027949,,38,0,
2166357,3045312,3830453122027949,,38,0,
2166357,3045313,3830453132027949,,38,0,
2166357,3045317,3830453172027949,,38,0,
2166357,3015112,3930151122027949,,39,0,
2166357,3045312,3930453122027949,,39,0,
2166357,3015112,4030151122027949,,40,0,
2166357,3045312,4030453122027949,,40,0,
2166357,3015112,430151122027949,,4,0,
2166357,3045312,430453122027949,,4,0,
2166357,3045313,430453132027949,,4,0,
2166357,3045317,430453172027949,,4,0,
2166357,3015112,530151122027949,,5,0,
2166357,3045312,530453122027949,,5,0,
2166357,3045313,530453132027949,,5,0,
2166357,3045317,530453172027949,,5,0,
2166357,3015112,630151122027949,,6,0,
2166357,3045312,630453122027949,,6,0,
2166357,3045313,630453132027949,,6,0,
2166357,3045317,630453172027949,,6,0,
2166357,3015112,730151122027949,,7,0,
2166357,3045312,730453122027949,,7,0,
2166357,3045313,730453132027949,,7,0,
2166357,3045317,730453172027949,,7,0,
2166357,3015112,830151122027949,,8,0,
2166357,3045312,830453122027949,,8,0,
2166357,3045313,830453132027949,,8,0,
2166357,3045317,830453172027949,,8,0,
2166357,3015112,930151122027949,,9,0,
2166357,3045312,930453122027949,,9,0,
2166357,3045313,930453132027949,,9,0,
2166357,3045317,930453172027949,,9,0,
2166357,3015112,130151122027948,,1,0,
2166357,3045312,130453122027948,,1,0,
2166357,3045313,130453132027948,,1,0,
2166357,3045317,130453172027948,,1,0,
2166357,3015112,230151122027948,,2,0,
2166357,3045312,230453122027948,,2,0,
2166357,3045313,230453132027948,,2,0,
2166357,3045317,230453172027948,,2,0,
2166357,3015112,330151122027948,,3,0,
2166357,3045312,330453122027948,,3,0,
2166357,3045313,330453132027948,,3,0,
2166357,3045317,330453172027948,,3,0,
2166357,3015112,430151122027948,,4,0,
2166357,3045312,430453122027948,,4,0,
2166357,3045313,430453132027948,,4,0,
2166357,3045317,430453172027948,,4,0,
2166357,3015112,530151122027948,,5,0,
2166357,3045312,530453122027948,,5,0,
2166357,3045313,530453132027948,,5,0,
2166357,3045317,530453172027948,,5,0,
2166357,3015112,630151122027948,,6,0,
2166357,3045312,630453122027948,,6,0,
2166357,3045313,630453132027948,,6,0,
2166357,3045317,630453172027948,,6,0,
2166357,3045313,730453132027948,,7,0,
2166357,3045317,730453172027948,,7,0,
2166358,3015110,1030151102027945,,10,1,
2166358,3015112,1030151122027945,,10,1,
2166358,3045311,1030453112027945,,10,1,
2166358,3045312,1030453122027945,,10,1,
2166358,3045313,1030453132027945,,10,1,
2166358,3045314,1030453142027945,,10,1,
2166358,3045315,1030453152027945,,10,1,
2166358,3045316,1030453162027945,,10,1,
2166358,3045317,1030453172027945,,10,1,
2166358,3015110,1130151102027945,,11,1,
2166358,3015112,1130151122027945,,11,1,
2166358,3045311,1130453112027945,,11,1,
2166358,3045312,1130453122027945,,11,1,
2166358,3045313,1130453132027945,,11,1,
2166358,3045314,1130453142027945,,11,1,
2166358,3045315,1130453152027945,,11,1,
2166358,3045316,1130453162027945,,11,1,
2166358,3045317,1130453172027945,,11,1,
2166358,3015110,1230151102027945,,12,1,
2166358,3015112,1230151122027945,,12,1,
2166358,3045311,1230453112027945,,12,1,
2166358,3045312,1230453122027945,,12,1,
2166358,3045313,1230453132027945,,12,1,
2166358,3045314,1230453142027945,,12,1,
2166358,3045315,1230453152027945,,12,1,
2166358,3045316,1230453162027945,,12,1,
2166358,3045317,1230453172027945,,12,1,
2166358,3015110,130151102027945,,1,1,
2166358,3015112,130151122027945,,1,1,
2166358,3045311,130453112027945,,1,1,
2166358,3045312,130453122027945,,1,1,
2166358,3045313,130453132027945,,1,1,
2166358,3045314,130453142027945,,1,1,
2166358,3045315,130453152027945,,1,1,
2166358,3045316,130453162027945,,1,1,
2166358,3045317,130453172027945,,1,1,
2166358,3015110,1330151102027945,,13,1,
2166358,3015112,1330151122027945,,13,1,
2166358,3045311,1330453112027945,,13,1,
2166358,3045312,1330453122027945,,13,1,
2166358,3045313,1330453132027945,,13,1,
2166358,3045314,1330453142027945,,13,1,
2166358,3045315,1330453152027945,,13,1,
2166358,3045316,1330453162027945,,13,1,
2166358,3045317,1330453172027945,,13,1,
2166358,3015110,1430151102027945,,14,1,
2166358,3015112,1430151122027945,,14,1,
2166358,3045311,1430453112027945,,14,1,
2166358,3045312,1430453122027945,,14,1,
2166358,3045313,1430453132027945,,14,1,
2166358,3045314,1430453142027945,,14,1,
2166358,3045315,1430453152027945,,14,1,
2166358,3045316,1430453162027945,,14,1,
2166358,3045317,1430453172027945,,14,1,
2166358,3015110,1530151102027945,,15,1,
2166358,3015112,1530151122027945,,15,1,
2166358,3045311,1530453112027945,,15,1,
2166358,3045312,1530453122027945,,15,1,
2166358,3045313,1530453132027945,,15,1,
2166358,3045314,1530453142027945,,15,1,
2166358,3045315,1530453152027945,,15,1,
2166358,3045316,1530453162027945,,15,1,
2166358,3045317,1530453172027945,,15,1,
2166358,3015110,1630151102027945,,16,1,
2166358,3015112,1630151122027945,,16,1,
2166358,3045311,1630453112027945,,16,1,
2166358,3045312,1630453122027945,,16,1,
2166358,3045313,1630453132027945,,16,1,
2166358,3045314,1630453142027945,,16,1,
2166358,3045315,1630453152027945,,16,1,
2166358,3045316,1630453162027945,,16,1,
2166358,3045317,1630453172027945,,16,1,
2166358,3015110,1730151102027945,,17,1,
2166358,3015112,1730151122027945,,17,1,
2166358,3045311,1730453112027945,,17,1,
2166358,3045312,1730453122027945,,17,1,
2166358,3045313,1730453132027945,,17,1,
2166358,3045314,1730453142027945,,17,1,
2166358,3045315,1730453152027945,,17,1,
2166358,3045316,1730453162027945,,17,1,
2166358,3045317,1730453172027945,,17,1,
2166358,3015110,1830151102027945,,18,1,
2166358,3015112,1830151122027945,,18,1,
2166358,3045311,1830453112027945,,18,1,
2166358,3045312,1830453122027945,,18,1,
2166358,3045313,1830453132027945,,18,1,
2166358,3045314,1830453142027945,,18,1,
2166358,3045315,1830453152027945,,18,1,
2166358,3045316,1830453162027945,,18,1,
2166358,3045317,1830453172027945,,18,1,
2166358,3015110,1930151102027945,,19,1,
2166358,3015112,1930151122027945,,19,1,
2166358,3045311,1930453112027945,,19,1,
2166358,3045312,1930453122027945,,19,1,
2166358,3045313,1930453132027945,,19,1,
2166358,3045314,1930453142027945,,19,1,
2166358,3045315,1930453152027945,,19,1,
2166358,3045316,1930453162027945,,19,1,
2166358,3045317,1930453172027945,,19,1,
2166358,3015110,2030151102027945,,20,1,
2166358,3015112,2030151122027945,,20,1,
2166358,3045311,2030453112027945,,20,1,
2166358,3045312,2030453122027945,,20,1,
2166358,3045313,2030453132027945,,20,1,
2166358,3045314,2030453142027945,,20,1,
2166358,3045315,2030453152027945,,20,1,
2166358,3045316,2030453162027945,,20,1,
2166358,3045317,2030453172027945,,20,1,
2166358,3015110,2130151102027945,,21,1,
2166358,3015112,2130151122027945,,21,1,
2166358,3045311,2130453112027945,,21,1,
2166358,3045312,2130453122027945,,21,1,
2166358,3045313,2130453132027945,,21,1,
2166358,3045314,2130453142027945,,21,1,
2166358,3045315,2130453152027945,,21,1,
2166358,3045316,2130453162027945,,21,1,
2166358,3045317,2130453172027945,,21,1,
2166358,3015110,2230151102027945,,22,1,
2166358,3015112,2230151122027945,,22,1,
2166358,3045311,2230453112027945,,22,1,
2166358,3045312,2230453122027945,,22,1,
2166358,3045313,2230453132027945,,22,1,
2166358,3045314,2230453142027945,,22,1,
2166358,3045315,2230453152027945,,22,1,
2166358,3045316,2230453162027945,,22,1,
2166358,3045317,2230453172027945,,22,1,
2166358,3015110,230151102027945,,2,1,
2166358,3015112,230151122027945,,2,1,
2166358,3045311,230453112027945,,2,1,
2166358,3045312,230453122027945,,2,1,
2166358,3045313,230453132027945,,2,1,
2166358,3045314,230453142027945,,2,1,
2166358,3045315,230453152027945,,2,1,
2166358,3045316,230453162027945,,2,1,
2166358,3045317,230453172027945,,2,1,
2166358,3015110,2330151102027945,,23,1,
2166358,3015112,2330151122027945,,23,1,
2166358,3045311,2330453112027945,,23,1,
2166358,3045312,2330453122027945,,23,1,
2166358,3045313,2330453132027945,,23,1,
2166358,3045314,2330453142027945,,23,1,
2166358,3045315,2330453152027945,,23,1,
2166358,3045316,2330453162027945,,23,1,
2166358,3045317,2330453172027945,,23,1,
2166358,3015110,2430151102027945,,24,1,
2166358,3015112,2430151122027945,,24,1,
2166358,3045311,2430453112027945,,24,1,
2166358,3045312,2430453122027945,,24,1,
2166358,3045313,2430453132027945,,24,1,
2166358,3045314,2430453142027945,,24,1,
2166358,3045315,2430453152027945,,24,1,
2166358,3045316,2430453162027945,,24,1,
2166358,3045317,2430453172027945,,24,1,
2166358,3015110,2530151102027945,,25,1,
2166358,3015112,2530151122027945,,25,1,
2166358,3045311,2530453112027945,,25,1,
2166358,3045312,2530453122027945,,25,1,
2166358,3045313,2530453132027945,,25,1,
2166358,3045314,2530453142027945,,25,1,
2166358,3045315,2530453152027945,,25,1,
2166358,3045316,2530453162027945,,25,1,
2166358,3045317,2530453172027945,,25,1,
2166358,3015110,2630151102027945,,26,1,
2166358,3015112,2630151122027945,,26,1,
2166358,3045311,2630453112027945,,26,1,
2166358,3045312,2630453122027945,,26,1,
2166358,3045313,2630453132027945,,26,1,
2166358,3045314,2630453142027945,,26,1,
2166358,3045315,2630453152027945,,26,1,
2166358,3045316,2630453162027945,,26,1,
2166358,3045317,2630453172027945,,26,1,
2166358,3015110,2730151102027945,,27,1,
2166358,3015112,2730151122027945,,27,1,
2166358,3045311,2730453112027945,,27,1,
2166358,3045312,2730453122027945,,27,1,
2166358,3045313,2730453132027945,,27,1,
2166358,3045314,2730453142027945,,27,1,
2166358,3045315,2730453152027945,,27,1,
2166358,3045316,2730453162027945,,27,1,
2166358,3045317,2730453172027945,,27,1,
2166358,3015110,2830151102027945,,28,1,
2166358,3015112,2830151122027945,,28,1,
2166358,3045311,2830453112027945,,28,1,
2166358,3045312,2830453122027945,,28,1,
2166358,3045313,2830453132027945,,28,1,
2166358,3045314,2830453142027945,,28,1,
2166358,3045315,2830453152027945,,28,1,
2166358,3045316,2830453162027945,,28,1,
2166358,3045317,2830453172027945,,28,1,
2166358,3015110,2930151102027945,,29,1,
2166358,3015112,2930151122027945,,29,1,
2166358,3045311,2930453112027945,,29,1,
2166358,3045312,2930453122027945,,29,1,
2166358,3045313,2930453132027945,,29,1,
2166358,3045314,2930453142027945,,29,1,
2166358,3045315,2930453152027945,,29,1,
2166358,3045316,2930453162027945,,29,1,
2166358,3045317,2930453172027945,,29,1,
2166358,3015110,3030151102027945,,30,1,
2166358,3015112,3030151122027945,,30,1,
2166358,3045311,3030453112027945,,30,1,
2166358,3045312,3030453122027945,,30,1,
2166358,3045313,3030453132027945,,30,1,
2166358,3045314,3030453142027945,,30,1,
2166358,3045315,3030453152027945,,30,1,
2166358,3045316,3030453162027945,,30,1,
2166358,3045317,3030453172027945,,30,1,
2166358,3015110,3130151102027945,,31,1,
2166358,3015112,3130151122027945,,31,1,
2166358,3045311,3130453112027945,,31,1,
2166358,3045312,3130453122027945,,31,1,
2166358,3045313,3130453132027945,,31,1,
2166358,3045314,3130453142027945,,31,1,
2166358,3045315,3130453152027945,,31,1,
2166358,3045316,3130453162027945,,31,1,
2166358,3045317,3130453172027945,,31,1,
2166358,3015110,3230151102027945,,32,1,
2166358,3015112,3230151122027945,,32,1,
2166358,3045311,3230453112027945,,32,1,
2166358,3045312,3230453122027945,,32,1,
2166358,3045313,3230453132027945,,32,1,
2166358,3045314,3230453142027945,,32,1,
2166358,3045315,3230453152027945,,32,1,
2166358,3045316,3230453162027945,,32,1,
2166358,3045317,3230453172027945,,32,1,
2166358,3015110,330151102027945,,3,1,
2166358,3015112,330151122027945,,3,1,
2166358,3045311,330453112027945,,3,1,
2166358,3045312,330453122027945,,3,1,
2166358,3045313,330453132027945,,3,1,
2166358,3045314,330453142027945,,3,1,
2166358,3045315,330453152027945,,3,1,
2166358,3045316,330453162027945,,3,1,
2166358,3045317,330453172027945,,3,1,
2166358,3015110,3330151102027945,,33,1,
2166358,3015112,3330151122027945,,33,1,
2166358,3045311,3330453112027945,,33,1,
2166358,3045312,3330453122027945,,33,1,
2166358,3045313,3330453132027945,,33,1,
2166358,3045314,3330453142027945,,33,1,
2166358,3045315,3330453152027945,,33,1,
2166358,3045316,3330453162027945,,33,1,
2166358,3045317,3330453172027945,,33,1,
2166358,3015110,3430151102027945,,34,1,
2166358,3015112,3430151122027945,,34,1,
2166358,3045311,3430453112027945,,34,1,
2166358,3045312,3430453122027945,,34,1,
2166358,3045313,3430453132027945,,34,1,
2166358,3045314,3430453142027945,,34,1,
2166358,3045315,3430453152027945,,34,1,
2166358,3045316,3430453162027945,,34,1,
2166358,3045317,3430453172027945,,34,1,
2166358,3015110,3530151102027945,,35,1,
2166358,3015112,3530151122027945,,35,1,
2166358,3045311,3530453112027945,,35,1,
2166358,3045312,3530453122027945,,35,1,
2166358,3045313,3530453132027945,,35,1,
2166358,3045314,3530453142027945,,35,1,
2166358,3045315,3530453152027945,,35,1,
2166358,3045316,3530453162027945,,35,1,
2166358,3045317,3530453172027945,,35,1,
2166358,3015110,3630151102027945,,36,1,
2166358,3015112,3630151122027945,,36,1,
2166358,3045311,3630453112027945,,36,1,
2166358,3045312,3630453122027945,,36,1,
2166358,3045313,3630453132027945,,36,1,
2166358,3045314,3630453142027945,,36,1,
2166358,3045315,3630453152027945,,36,1,
2166358,3045316,3630453162027945,,36,1,
2166358,3045317,3630453172027945,,36,1,
2166358,3015110,3730151102027945,,37,1,
2166358,3015112,3730151122027945,,37,1,
2166358,3045311,3730453112027945,,37,1,
2166358,3045312,3730453122027945,,37,1,
2166358,3045313,3730453132027945,,37,1,
2166358,3045314,3730453142027945,,37,1,
2166358,3045315,3730453152027945,,37,1,
2166358,3045316,3730453162027945,,37,1,
2166358,3045317,3730453172027945,,37,1,
2166358,3015110,3830151102027945,,38,1,
2166358,3015112,3830151122027945,,38,1,
2166358,3045311,3830453112027945,,38,1,
2166358,3045312,3830453122027945,,38,1,
2166358,3045313,3830453132027945,,38,1,
2166358,3045314,3830453142027945,,38,1,
2166358,3045315,3830453152027945,,38,1,
2166358,3045316,3830453162027945,,38,1,
2166358,3045317,3830453172027945,,38,1,
2166358,3015110,3930151102027945,,39,1,
2166358,3015112,3930151122027945,,39,1,
2166358,3045311,3930453112027945,,39,1,
2166358,3045312,3930453122027945,,39,1,
2166358,3045313,3930453132027945,,39,1,
2166358,3045314,3930453142027945,,39,1,
2166358,3045315,3930453152027945,,39,1,
2166358,3045316,3930453162027945,,39,1,
2166358,3045317,3930453172027945,,39,1,
2166358,3015110,4030151102027945,,40,1,
2166358,3015112,4030151122027945,,40,1,
2166358,3045311,4030453112027945,,40,1,
2166358,3045312,4030453122027945,,40,1,
2166358,3045313,4030453132027945,,40,1,
2166358,3045314,4030453142027945,,40,1,
2166358,3045315,4030453152027945,,40,1,
2166358,3045316,4030453162027945,,40,1,
2166358,3045317,4030453172027945,,40,1,
2166358,3015110,4130151102027945,,41,1,
2166358,3015112,4130151122027945,,41,1,
2166358,3045311,4130453112027945,,41,1,
2166358,3045312,4130453122027945,,41,1,
2166358,3045313,4130453132027945,,41,1,
2166358,3045314,4130453142027945,,41,1,
2166358,3045315,4130453152027945,,41,1,
2166358,3045316,4130453162027945,,41,1,
2166358,3045317,4130453172027945,,41,1,
2166358,3015110,4230151102027945,,42,1,
2166358,3015112,4230151122027945,,42,1,
2166358,3045311,4230453112027945,,42,1,
2166358,3045312,4230453122027945,,42,1,
2166358,3045313,4230453132027945,,42,1,
2166358,3045314,4230453142027945,,42,1,
2166358,3045315,4230453152027945,,42,1,
2166358,3045316,4230453162027945,,42,1,
2166358,3045317,4230453172027945,,42,1,
2166358,3015110,430151102027945,,4,1,
2166358,3015112,430151122027945,,4,1,
2166358,3045311,430453112027945,,4,1,
2166358,3045312,430453122027945,,4,1,
2166358,3045313,430453132027945,,4,1,
2166358,3045314,430453142027945,,4,1,
2166358,3045315,430453152027945,,4,1,
2166358,3045316,430453162027945,,4,1,
2166358,3045317,430453172027945,,4,1,
2166358,3015110,4330151102027945,,43,1,
2166358,3015112,4330151122027945,,43,1,
2166358,3045311,4330453112027945,,43,1,
2166358,3045312,4330453122027945,,43,1,
2166358,3045313,4330453132027945,,43,1,
2166358,3045314,4330453142027945,,43,1,
2166358,3045315,4330453152027945,,43,1,
2166358,3045316,4330453162027945,,43,1,
2166358,3045317,4330453172027945,,43,1,
2166358,3015110,4430151102027945,,44,1,
2166358,3015112,4430151122027945,,44,1,
2166358,3045311,4430453112027945,,44,1,
2166358,3045312,4430453122027945,,44,1,
2166358,3045313,4430453132027945,,44,1,
2166358,3045314,4430453142027945,,44,1,
2166358,3045315,4430453152027945,,44,1,
2166358,3045316,4430453162027945,,44,1,
2166358,3045317,4430453172027945,,44,1,
2166358,3015110,4530151102027945,,45,1,
2166358,3015112,4530151122027945,,45,1,
2166358,3045311,4530453112027945,,45,1,
2166358,3045312,4530453122027945,,45,1,
2166358,3045313,4530453132027945,,45,1,
2166358,3045314,4530453142027945,,45,1,
2166358,3045315,4530453152027945,,45,1,
2166358,3045316,4530453162027945,,45,1,
2166358,3045317,4530453172027945,,45,1,
2166358,3015110,4630151102027945,,46,1,
2166358,3015112,4630151122027945,,46,1,
2166358,3045311,4630453112027945,,46,1,
2166358,3045312,4630453122027945,,46,1,
2166358,3045313,4630453132027945,,46,1,
2166358,3045314,4630453142027945,,46,1,
2166358,3045315,4630453152027945,,46,1,
2166358,3045316,4630453162027945,,46,1,
2166358,3045317,4630453172027945,,46,1,
2166358,3015110,4730151102027945,,47,1,
2166358,3015112,4730151122027945,,47,1,
2166358,3045311,4730453112027945,,47,1,
2166358,3045312,4730453122027945,,47,1,
2166358,3045313,4730453132027945,,47,1,
2166358,3045314,4730453142027945,,47,1,
2166358,3045315,4730453152027945,,47,1,
2166358,3045316,4730453162027945,,47,1,
2166358,3045317,4730453172027945,,47,1,
2166358,3015110,4830151102027945,,48,1,
2166358,3015112,4830151122027945,,48,1,
2166358,3045311,4830453112027945,,48,1,
2166358,3045312,4830453122027945,,48,1,
2166358,3045313,4830453132027945,,48,1,
2166358,3045314,4830453142027945,,48,1,
2166358,3045315,4830453152027945,,48,1,
2166358,3045316,4830453162027945,,48,1,
2166358,3045317,4830453172027945,,48,1,
2166358,3015110,4930151102027945,,49,1,
2166358,3015112,4930151122027945,,49,1,
2166358,3045311,4930453112027945,,49,1,
2166358,3045312,4930453122027945,,49,1,
2166358,3045313,4930453132027945,,49,1,
2166358,3045314,4930453142027945,,49,1,
2166358,3045315,4930453152027945,,49,1,
2166358,3045316,4930453162027945,,49,1,
2166358,3045317,4930453172027945,,49,1,
2166358,3015110,5030151102027945,,50,1,
2166358,3015112,5030151122027945,,50,1,
2166358,3045311,5030453112027945,,50,1,
2166358,3045312,5030453122027945,,50,1,
2166358,3045313,5030453132027945,,50,1,
2166358,3045314,5030453142027945,,50,1,
2166358,3045315,5030453152027945,,50,1,
2166358,3045316,5030453162027945,,50,1,
2166358,3045317,5030453172027945,,50,1,
2166358,3015110,5130151102027945,,51,1,
2166358,3015112,5130151122027945,,51,1,
2166358,3045311,5130453112027945,,51,1,
2166358,3045312,5130453122027945,,51,1,
2166358,3045313,5130453132027945,,51,1,
2166358,3045314,5130453142027945,,51,1,
2166358,3045315,5130453152027945,,51,1,
2166358,3045316,5130453162027945,,51,1,
2166358,3045317,5130453172027945,,51,1,
2166358,3015110,5230151102027945,,52,1,
2166358,3015112,5230151122027945,,52,1,
2166358,3045311,5230453112027945,,52,1,
2166358,3045312,5230453122027945,,52,1,
2166358,3045313,5230453132027945,,52,1,
2166358,3045314,5230453142027945,,52,1,
2166358,3045315,5230453152027945,,52,1,
2166358,3045316,5230453162027945,,52,1,
2166358,3045317,5230453172027945,,52,1,
2166358,3015110,530151102027945,,5,1,
2166358,3015112,530151122027945,,5,1,
2166358,3045311,530453112027945,,5,1,
2166358,3045312,530453122027945,,5,1,
2166358,3045313,530453132027945,,5,1,
2166358,3045314,530453142027945,,5,1,
2166358,3045315,530453152027945,,5,1,
2166358,3045316,530453162027945,,5,1,
2166358,3045317,530453172027945,,5,1,
2166358,3015110,5330151102027945,,53,1,
2166358,3015112,5330151122027945,,53,1,
2166358,3045311,5330453112027945,,53,1,
2166358,3045312,5330453122027945,,53,1,
2166358,3045313,5330453132027945,,53,1,
2166358,3045314,5330453142027945,,53,1,
2166358,3045315,5330453152027945,,53,1,
2166358,3045316,5330453162027945,,53,1,
2166358,3045317,5330453172027945,,53,1,
2166358,3015110,5430151102027945,,54,1,
2166358,3015112,5430151122027945,,54,1,
2166358,3045311,5430453112027945,,54,1,
2166358,3045312,5430453122027945,,54,1,
2166358,3045313,5430453132027945,,54,1,
2166358,3045314,5430453142027945,,54,1,
2166358,3045315,5430453152027945,,54,1,
2166358,3045316,5430453162027945,,54,1,
2166358,3045317,5430453172027945,,54,1,
2166358,3015110,5530151102027945,,55,1,
2166358,3015112,5530151122027945,,55,1,
2166358,3045311,5530453112027945,,55,1,
2166358,3045312,5530453122027945,,55,1,
2166358,3045313,5530453132027945,,55,1,
2166358,3045314,5530453142027945,,55,1,
2166358,3045315,5530453152027945,,55,1,
2166358,3045316,5530453162027945,,55,1,
2166358,3045317,5530453172027945,,55,1,
2166358,3015110,5630151102027945,,56,1,
2166358,3015112,5630151122027945,,56,1,
2166358,3045311,5630453112027945,,56,1,
2166358,3045312,5630453122027945,,56,1,
2166358,13045313,5630453132027945,,56,1,
2166358,3045314,5630453142027945,,56,1,
2166358,3045315,5630453152027945,,56,1,
2166358,3045316,5630453162027945,,56,1,
2166358,13045317,5630453172027945,,56,1,
2166358,3015110,5730151102027945,,57,1,
2166358,3015112,5730151122027945,,57,1,
2166358,13045311,5730453112027945,,57,1,
2166358,3045312,5730453122027945,,57,1,
2166358,13045313,5730453132027945,,57,1,
2166358,3045314,5730453142027945,,57,1,
2166358,13045315,5730453152027945,,57,1,
2166358,13045316,5730453162027945,,57,1,
2166358,13045317,5730453172027945,,57,1,
2166358,3015110,5830151102027945,,58,1,
2166358,3015112,5830151122027945,,58,1,
2166358,13045311,5830453112027945,,58,1,
2166358,3045312,5830453122027945,,58,1,
2166358,3045314,5830453142027945,,58,1,
2166358,13045315,5830453152027945,,58,1,
2166358,13045316,5830453162027945,,58,1,
2166358,13045317,5830453172027945,,58,1,
2166358,3015110,5930151102027945,,59,1,
2166358,3015112,5930151122027945,,59,1,
2166358,3045312,5930453122027945,,59,1,
2166358,3045314,5930453142027945,,59,1,
2166358,13045315,5930453152027945,,59,1,
2166358,13045316,5930453162027945,,59,1,
2166358,13045317,5930453172027945,,59,1,
2166358,3015110,6030151102027945,,60,1,
2166358,3015112,6030151122027945,,60,1,
2166358,3045312,6030453122027945,,60,1,
2166358,3045314,6030453142027945,,60,1,
2166358,13045315,6030453152027945,,60,1,
2166358,13045316,6030453162027945,,60,1,
2166358,13045317,6030453172027945,,60,1,
2166358,3015110,6130151102027945,,61,1,
2166358,3015112,6130151122027945,,61,1,
2166358,3045312,6130453122027945,,61,1,
2166358,3045314,6130453142027945,,61,1,
2166358,13045315,6130453152027945,,61,1,
2166358,13045316,6130453162027945,,61,1,
2166358,3015110,6230151102027945,,62,1,
2166358,3015112,6230151122027945,,62,1,
2166358,3045312,6230453122027945,,62,1,
2166358,3045314,6230453142027945,,62,1,
2166358,3015110,630151102027945,,6,1,
2166358,3015112,630151122027945,,6,1,
2166358,3045311,630453112027945,,6,1,
2166358,3045312,630453122027945,,6,1,
2166358,3045313,630453132027945,,6,1,
2166358,3045314,630453142027945,,6,1,
2166358,3045315,630453152027945,,6,1,
2166358,3045316,630453162027945,,6,1,
2166358,3045317,630453172027945,,6,1,
2166358,3015110,6330151102027945,,63,1,
2166358,13015112,6330151122027945,,63,1,
2166358,13045312,6330453122027945,,63,1,
2166358,3045314,6330453142027945,,63,1,
2166358,3015110,6430151102027945,,64,1,
2166358,13015112,6430151122027945,,64,1,
2166358,13045312,6430453122027945,,64,1,
2166358,3045314,6430453142027945,,64,1,
2166358,3015110,6530151102027945,,65,1,
2166358,13015112,6530151122027945,,65,1,
2166358,3045314,6530453142027945,,65,1,
2166358,3015110,6630151102027945,,66,1,
2166358,13015112,6630151122027945,,66,1,
2166358,3045314,6630453142027945,,66,1,
2166358,3015110,6730151102027945,,67,1,
2166358,13015112,6730151122027945,,67,1,
2166358,3045314,6730453142027945,,67,1,
2166358,3015110,6830151102027945,,68,1,
2166358,3045314,6830453142027945,,68,1,
2166358,3015110,6930151102027945,,69,1,
2166358,3045314,6930453142027945,,69,1,
2166358,3015110,7030151102027945,,70,1,
2166358,3045314,7030453142027945,,70,1,
2166358,3015110,7130151102027945,,71,1,
2166358,3045314,7130453142027945,,71,1,
2166358,3015110,7230151102027945,,72,1,
2166358,3045314,7230453142027945,,72,1,
2166358,3015110,730151102027945,,7,1,
2166358,3015112,730151122027945,,7,1,
2166358,3045311,730453112027945,,7,1,
2166358,3045312,730453122027945,,7,1,
2166358,3045313,730453132027945,,7,1,
2166358,3045314,730453142027945,,7,1,
2166358,3045315,730453152027945,,7,1,
2166358,3045316,730453162027945,,7,1,
2166358,3045317,730453172027945,,7,1,
2166358,3015110,7330151102027945,,73,1,
2166358,3045314,7330453142027945,,73,1,
2166358,3015110,7430151102027945,,74,1,
2166358,13045314,7430453142027945,,74,1,
2166358,13015110,7530151102027945,,75,1,
2166358,13045314,7530453142027945,,75,1,
2166358,13015110,7630151102027945,,76,1,
2166358,13045314,7630453142027945,,76,1,
2166358,13015110,7730151102027945,,77,1,
2166358,13045314,7730453142027945,,77,1,
2166358,13015110,7830151102027945,,78,1,
2166358,13045314,7830453142027945,,78,1,
2166358,13015110,7930151102027945,,79,1,
2166358,3015110,830151102027945,,8,1,
2166358,3015112,830151122027945,,8,1,
2166358,3045311,830453112027945,,8,1,
2166358,3045312,830453122027945,,8,1,
2166358,3045313,830453132027945,,8,1,
2166358,3045314,830453142027945,,8,1,
2166358,3045315,830453152027945,,8,1,
2166358,3045316,830453162027945,,8,1,
2166358,3045317,830453172027945,,8,1,
2166358,3015110,930151102027945,,9,1,
2166358,3015112,930151122027945,,9,1,
2166358,3045311,930453112027945,,9,1,
2166358,3045312,930453122027945,,9,1,
2166358,3045313,930453132027945,,9,1,
2166358,3045314,930453142027945,,9,1,
2166358,3045315,930453152027945,,9,1,
2166358,3045316,930453162027945,,9,1,
2166358,3045317,930453172027945,,9,1,
2166358,3015112,1030151122027950,,10,1,
2166358,3045312,1030453122027950,,10,1,
2166358,3045313,1030453132027950,,10,1,
2166358,3045317,1030453172027950,,10,1,
2166358,3015112,1130151122027950,,11,1,
2166358,3045312,1130453122027950,,11,1,
2166358,3045313,1130453132027950,,11,1,
2166358,3045317,1130453172027950,,11,1,
2166358,3015112,1230151122027950,,12,1,
2166358,3045312,1230453122027950,,12,1,
2166358,3045313,1230453132027950,,12,1,
2166358,3045317,1230453172027950,,12,1,
2166358,3015112,130151122027950,,1,1,
2166358,3045312,130453122027950,,1,1,
2166358,3045313,130453132027950,,1,1,
2166358,3045317,130453172027950,,1,1,
2166358,3015112,1330151122027950,,13,1,
2166358,3045312,1330453122027950,,13,1,
2166358,3045313,1330453132027950,,13,1,
2166358,3045317,1330453172027950,,13,1,
2166358,3015112,1430151122027950,,14,1,
2166358,3045312,1430453122027950,,14,1,
2166358,3045313,1430453132027950,,14,1,
2166358,3045317,1430453172027950,,14,1,
2166358,3015112,1530151122027950,,15,1,
2166358,3045312,1530453122027950,,15,1,
2166358,3045313,1530453132027950,,15,1,
2166358,3045317,1530453172027950,,15,1,
2166358,3015112,1630151122027950,,16,1,
2166358,3045312,1630453122027950,,16,1,
2166358,3045313,1630453132027950,,16,1,
2166358,3045317,1630453172027950,,16,1,
2166358,3015112,1730151122027950,,17,1,
2166358,3045312,1730453122027950,,17,1,
2166358,3045313,1730453132027950,,17,1,
2166358,3045317,1730453172027950,,17,1,
2166358,3015112,1830151122027950,,18,1,
2166358,3045312,1830453122027950,,18,1,
2166358,3045313,1830453132027950,,18,1,
2166358,3045317,1830453172027950,,18,1,
2166358,3015112,1930151122027950,,19,1,
2166358,3045312,1930453122027950,,19,1,
2166358,3045313,1930453132027950,,19,1,
2166358,3045317,1930453172027950,,19,1,
2166358,3015112,2030151122027950,,20,1,
2166358,3045312,2030453122027950,,20,1,
2166358,3045313,2030453132027950,,20,1,
2166358,3045317,2030453172027950,,20,1,
2166358,3015112,2130151122027950,,21,1,
2166358,3045312,2130453122027950,,21,1,
2166358,3045313,2130453132027950,,21,1,
2166358,3045317,2130453172027950,,21,1,
2166358,3015112,2230151122027950,,22,1,
2166358,3045312,2230453122027950,,22,1,
2166358,3045313,2230453132027950,,22,1,
2166358,3045317,2230453172027950,,22,1,
2166358,3015112,230151122027950,,2,1,
2166358,3045312,230453122027950,,2,1,
2166358,3045313,230453132027950,,2,1,
2166358,3045317,230453172027950,,2,1,
2166358,3015112,2330151122027950,,23,1,
2166358,3045312,2330453122027950,,23,1,
2166358,3045313,2330453132027950,,23,1,
2166358,3045317,2330453172027950,,23,1,
2166358,3015112,2430151122027950,,24,1,
2166358,3045312,2430453122027950,,24,1,
2166358,3045313,2430453132027950,,24,1,
2166358,3045317,2430453172027950,,24,1,
2166358,3015112,2530151122027950,,25,1,
2166358,3045312,2530453122027950,,25,1,
2166358,3045313,2530453132027950,,25,1,
2166358,3045317,2530453172027950,,25,1,
2166358,3015112,2630151122027950,,26,1,
2166358,3045312,2630453122027950,,26,1,
2166358,3045313,2630453132027950,,26,1,
2166358,3045317,2630453172027950,,26,1,
2166358,3015112,2730151122027950,,27,1,
2166358,3045312,2730453122027950,,27,1,
2166358,3045313,2730453132027950,,27,1,
2166358,3045317,2730453172027950,,27,1,
2166358,3015112,2830151122027950,,28,1,
2166358,3045312,2830453122027950,,28,1,
2166358,3045313,2830453132027950,,28,1,
2166358,3045317,2830453172027950,,28,1,
2166358,3015112,2930151122027950,,29,1,
2166358,3045312,2930453122027950,,29,1,
2166358,3045313,2930453132027950,,29,1,
2166358,3045317,2930453172027950,,29,1,
2166358,3015112,3030151122027950,,30,1,
2166358,3045312,3030453122027950,,30,1,
2166358,3045313,3030453132027950,,30,1,
2166358,3045317,3030453172027950,,30,1,
2166358,3015112,3130151122027950,,31,1,
2166358,3045312,3130453122027950,,31,1,
2166358,3045313,3130453132027950,,31,1,
2166358,3045317,3130453172027950,,31,1,
2166358,3015112,3230151122027950,,32,1,
2166358,3045312,3230453122027950,,32,1,
2166358,3045313,3230453132027950,,32,1,
2166358,3045317,3230453172027950,,32,1,
2166358,3015112,330151122027950,,3,1,
2166358,3045312,330453122027950,,3,1,
2166358,3045313,330453132027950,,3,1,
2166358,3045317,330453172027950,,3,1,
2166358,3015112,3330151122027950,,33,1,
2166358,3045312,3330453122027950,,33,1,
2166358,3045313,3330453132027950,,33,1,
2166358,3045317,3330453172027950,,33,1,
2166358,3015112,3430151122027950,,34,1,
2166358,3045312,3430453122027950,,34,1,
2166358,3045313,3430453132027950,,34,1,
2166358,3045317,3430453172027950,,34,1,
2166358,3015112,3530151122027950,,35,1,
2166358,3045312,3530453122027950,,35,1,
2166358,3045313,3530453132027950,,35,1,
2166358,3045317,3530453172027950,,35,1,
2166358,3015112,3630151122027950,,36,1,
2166358,3045312,3630453122027950,,36,1,
2166358,3045313,3630453132027950,,36,1,
2166358,3045317,3630453172027950,,36,1,
2166358,3015112,3730151122027950,,37,1,
2166358,3045312,3730453122027950,,37,1,
2166358,3045313,3730453132027950,,37,1,
2166358,3045317,3730453172027950,,37,1,
2166358,3015112,3830151122027950,,38,1,
2166358,3045312,3830453122027950,,38,1,
2166358,3045313,3830453132027950,,38,1,
2166358,3045317,3830453172027950,,38,1,
2166358,3015112,3930151122027950,,39,1,
2166358,3045312,3930453122027950,,39,1,
2166358,3045313,3930453132027950,,39,1,
2166358,3045317,3930453172027950,,39,1,
2166358,3015112,4030151122027950,,40,1,
2166358,3045312,4030453122027950,,40,1,
2166358,3045313,4030453132027950,,40,1,
2166358,3045317,4030453172027950,,40,1,
2166358,3015112,4130151122027950,,41,1,
2166358,3045312,4130453122027950,,41,1,
2166358,3045313,4130453132027950,,41,1,
2166358,3045317,4130453172027950,,41,1,
2166358,3015112,4230151122027950,,42,1,
2166358,3045312,4230453122027950,,42,1,
2166358,3045313,4230453132027950,,42,1,
2166358,3045317,4230453172027950,,42,1,
2166358,3015112,430151122027950,,4,1,
2166358,3045312,430453122027950,,4,1,
2166358,3045313,430453132027950,,4,1,
2166358,3045317,430453172027950,,4,1,
2166358,3015112,4330151122027950,,43,1,
2166358,3045312,4330453122027950,,43,1,
2166358,3045313,4330453132027950,,43,1,
2166358,3045317,4330453172027950,,43,1,
2166358,3015112,4430151122027950,,44,1,
2166358,3045312,4430453122027950,,44,1,
2166358,3045313,4430453132027950,,44,1,
2166358,3045317,4430453172027950,,44,1,
2166358,3015112,4530151122027950,,45,1,
2166358,3045312,4530453122027950,,45,1,
2166358,3015112,530151122027950,,5,1,
2166358,3045312,530453122027950,,5,1,
2166358,3045313,530453132027950,,5,1,
2166358,3045317,530453172027950,,5,1,
2166358,3015112,630151122027950,,6,1,
2166358,3045312,630453122027950,,6,1,
2166358,3045313,630453132027950,,6,1,
2166358,3045317,630453172027950,,6,1,
2166358,3015112,730151122027950,,7,1,
2166358,3045312,730453122027950,,7,1,
2166358,3045313,730453132027950,,7,1,
2166358,3045317,730453172027950,,7,1,
2166358,3015112,830151122027950,,8,1,
2166358,3045312,830453122027950,,8,1,
2166358,3045313,830453132027950,,8,1,
2166358,3045317,830453172027950,,8,1,
2166358,3015112,930151122027950,,9,1,
2166358,3045312,930453122027950,,9,1,
2166358,3045313,930453132027950,,9,1,
2166358,3045317,930453172027950,,9,1,
2166358,3045311,130453112027947,,1,1,
2166358,3045315,130453152027947,,1,1,
2166358,3045316,130453162027947,,1,1,
