from_stop_id,to_stop_id,transfer_type,min_transfer_time
5231661,3682820,2,76
3683023,3682854,2,75
3683018,3682850,2,4
3682885,3682814,2,41
4614569,3682821,2,48
3683018,3682851,2,69
3682882,3682809,2,26
3682882,3682808,2,75
5231562,3682815,2,49
4109757,3682811,2,139
4109757,3682812,2,134
3683019,3682840,2,95
3682881,3682832,2,90
3682881,3682833,2,56
3682940,3682810,2,43
3682945,3682837,2,136
3685966,3682858,2,10
3683011,3682810,2,83
3682881,3682834,2,43
3685966,3682857,2,45
4109757,3682810,2,57
4614664,3682829,2,55
4614664,3682827,2,39
3685966,3682856,2,6
4614785,3682825,2,54
5231657,3682812,2,23
3682891,3682820,2,108
3682834,1837,2,236
3682884,3682811,2,23
3682834,2304,2,236
4109757,3682808,2,107
4109757,3682809,2,90
3683018,3682840,2,63
3685960,3682819,2,114
3683028,3682860,2,144
3683018,3682841,2,63
4614666,3682830,2,14
3683024,3682828,2,39
3682891,3682819,2,54
3683024,3682829,2,17
4614566,3682820,2,114
4614659,3682824,2,113
3682832,2304,2,202
3683029,3682831,2,135
4614784,3682858,2,55
4614784,3682856,2,39
3682943,3682835,2,23
3682998,3682808,2,108
3682882,3682810,2,58
3682998,3682809,2,56
3685958,3682817,2,35
3683024,3682858,2,17
3682881,3682810,2,43
3683025,3682829,2,55
3683024,3682857,2,39
4109757,3682835,2,139
3683025,3682827,2,39
4109757,3682836,2,134
3682998,3682810,2,43
4109757,3682833,2,90
4109757,3682834,2,57
4109757,3682832,2,99
3682945,3682813,2,41
5231657,3682836,2,23
3683029,3682860,2,135
3683010,3682810,2,133
3682832,1837,2,202
4614661,3682826,2,54
3682883,3682812,2,23
3716668,3682827,2,6
3682948,3682818,2,35
3682884,3682835,2,23
3716668,3682829,2,10
3716668,3682828,2,45
3683027,3682859,2,14
3682948,3682815,2,143
3683019,3682851,2,101
3682940,3682809,2,56
3683019,3682850,2,68
4614572,3682855,2,75
4614657,3682822,2,48
3682940,3682808,2,108
3683010,3682808,2,8
3683010,3682809,2,62
3685967,3682858,2,102
4614783,3682830,2,14
4614785,3682855,2,61
4614664,3682856,2,39
3683011,3682808,2,53
4614664,3682858,2,55
4614785,3682854,2,54
3685967,3682856,2,95
3685967,3682857,2,108
3715233,3682840,2,63
4614662,3682825,2,54
3685967,3682829,2,102
3715233,3682841,2,63
4798810,3682832,2,99
4614567,3682819,2,109
4798810,3682833,2,90
4798810,3682834,2,57
4798810,3682836,2,134
3683010,3682832,2,27
3685959,3682820,2,122
4798810,3682835,2,139
3683010,3682834,2,133
3683010,3682833,2,62
3685967,3682828,2,108
4109756,3682809,2,18
3685967,3682827,2,95
4109756,3682808,2,64
3682887,3682816,2,49
3682887,3682817,2,143
4614571,3682823,2,113
3685961,3682819,2,58
3683013,3682836,2,23
3685966,3682829,2,10
3685966,3682828,2,45
3716670,3682831,2,98
3715233,3682851,2,69
3715233,3682850,2,4
3682809,2304,2,215
3682883,3682836,2,23
3682881,3682809,2,56
4614573,3682825,2,54
3683023,3682826,2,61
3683023,3682825,2,75
3685966,3682827,2,6
3682881,3682808,2,108
4614787,3682821,2,48
4109756,3682810,2,93
3716668,3682857,2,45
4614663,3682857,2,39
3716668,3682858,2,10
3716663,3682820,2,122
3716668,3682856,2,6
3716670,3682860,2,98
3683003,3682819,2,54
4798810,3682810,2,57
4798810,3682811,2,139
4798810,3682812,2,134
4614663,3682858,2,17
5231560,3682819,2,114
3716663,3682819,2,56
4614573,3682854,2,54
4614573,3682855,2,61
4614786,3682823,2,113
5231660,3682815,2,143
5231660,3682818,2,35
3683011,3682832,2,34
3683011,3682834,2,83
3683013,3682812,2,23
4614660,3682823,2,113
3683015,3682861,2,12
3682890,3682817,2,35
4614579,3682831,2,98
3683014,3682811,2,23
4798810,3682809,2,90
3682882,3682834,2,58
4798810,3682808,2,107
3682882,3682833,2,26
3682882,3682832,2,57
3682943,3682811,2,23
3683016,3682839,2,10
4109828,3682808,2,107
4109756,3682833,2,18
4109756,3682832,2,45
4109756,3682834,2,93
3683003,3682820,2,108
4614666,3682859,2,14
3685957,3682815,2,143
3685957,3682818,2,35
4109828,3682809,2,56
3682886,3682813,2,41
3682941,3682810,2,58
3682951,3682819,2,114
4614578,3682831,2,98
3683022,3682855,2,75
3683002,3682815,2,143
4109828,3682810,2,90
3683002,3682818,2,35
5231563,3682813,2,41
3682947,3682815,2,49
3683015,3682814,2,136
5231656,3682810,2,43
4614658,3682821,2,48
3683014,3682835,2,23
3682941,3682808,2,75
3683000,3682814,2,41
4614577,3682830,2,14
4109755,3682832,2,88
3682941,3682809,2,26
5231561,3682817,2,35
4109755,3682834,2,90
3682940,3682833,2,56
3682940,3682832,2,90
4109755,3682833,2,56
3682940,3682834,2,43
4614655,3682820,2,114
4614656,3682819,2,109
4614782,3682831,2,98
5231658,3682814,2,41
4614574,3682857,2,39
4614574,3682858,2,17
3685961,3682820,2,132
3682886,3682837,2,136
5231656,3682808,2,108
3682941,3682832,2,57
5231565,3682832,2,57
4614656,3682820,2,76
3682941,3682834,2,58
5231565,3682833,2,26
5231565,3682834,2,58
3682941,3682833,2,26
3682949,3682817,2,35
3682888,3682815,2,49
4109828,3682833,2,56
4614668,3682860,2,98
5231656,3682809,2,56
4109828,3682832,2,88
4614662,3682854,2,54
4109828,3682834,2,90
4614782,3682860,2,98
4614662,3682855,2,61
3682946,3682817,2,143
3682946,3682816,2,49
3682810,2304,2,236
5231564,3682811,2,23
4614667,3682860,2,98
3685959,3682819,2,56
5231659,3682817,2,143
4798809,3682808,2,107
3682892,3682819,2,114
4798809,3682809,2,56
5231659,3682816,2,49
4614575,3682829,2,55
3685954,3682838,2,102
3685954,3682839,2,92
4614663,3682829,2,17
4614579,3682860,2,98
3683017,3682838,2,10
3682944,3682814,2,41
4614577,3682859,2,14
4614578,3682860,2,98
4614663,3682828,2,39
4614575,3682827,2,39
4614567,3682820,2,76
5231563,3682837,2,136
3682808,2304,2,211
3682809,1837,2,215
5231565,3682810,2,58
4798809,3682810,2,90
4614784,3682829,2,55
3682942,3682836,2,23
3682833,2304,2,215
4614783,3682859,2,14
3683001,3682816,2,49
4614667,3682831,2,98
4614784,3682827,2,39
3683001,3682817,2,143
3683012,3682832,2,110
3682808,1837,2,211
4109755,3682808,2,107
3683012,3682833,2,83
4109755,3682809,2,56
4614575,3682856,2,39
3682999,3682836,2,23
3682950,3682820,2,108
4614575,3682858,2,55
3682833,1837,2,215
3683027,3682830,2,14
4614642,3682819,2,114
3682950,3682819,2,54
4614788,3682819,2,114
5231564,3682835,2,23
4614570,3682824,2,113
3682998,3682832,2,90
3683028,3682831,2,144
4614568,3682822,2,48
3682998,3682833,2,56
3682998,3682834,2,43
4614572,3682826,2,54
3682810,1837,2,236
3682942,3682812,2,23
4798809,3682834,2,90
4798809,3682833,2,56
4798809,3682832,2,88
3682999,3682812,2,23
5231661,3682819,2,109
5231656,3682832,2,90
5231656,3682833,2,56
3682889,3682815,2,143
3683025,3682856,2,39
5231656,3682834,2,43
4614661,3682855,2,75
3682889,3682818,2,35
4614574,3682829,2,17
4614574,3682828,2,39
3683053,3682837,2,12
3685953,3682839,2,73
3685953,3682838,2,84
4614668,3682831,2,98
3683025,3682858,2,55
3683022,3682826,2,54
5231565,3682808,2,75
4109755,3682810,2,90
5231565,3682809,2,26
3683012,3682809,2,83
3683012,3682808,2,126
