route_id,service_id,trip_id,trip_headsign,trip_short_name,direction_id,shape_id
2165747,2975867,1029758670869692,,10,0,
2165747,2975868,1029758680869692,,10,0,
2165747,2975870,1029758700869692,,10,0,
2165747,2975871,1029758710869692,,10,0,
2165747,2975872,1029758720869692,,10,0,
2165747,2975867,1129758670869692,,11,0,
2165747,2975868,1129758680869692,,11,0,
2165747,2975870,1129758700869692,,11,0,
2165747,2975871,1129758710869692,,11,0,
2165747,2975872,1129758720869692,,11,0,
2165747,2975867,1229758670869692,,12,0,
2165747,2975868,1229758680869692,,12,0,
2165747,2975870,1229758700869692,,12,0,
2165747,2975871,1229758710869692,,12,0,
2165747,2975872,1229758720869692,,12,0,
2165747,2975867,129758670869692,,1,0,
2165747,2975868,129758680869692,,1,0,
2165747,2975870,129758700869692,,1,0,
2165747,2975871,129758710869692,,1,0,
2165747,2975872,129758720869692,,1,0,
2165747,2975867,1329758670869692,,13,0,
2165747,2975868,1329758680869692,,13,0,
2165747,2975870,1329758700869692,,13,0,
2165747,2975871,1329758710869692,,13,0,
2165747,2975872,1329758720869692,,13,0,
2165747,2975867,1429758670869692,,14,0,
2165747,2975868,1429758680869692,,14,0,
2165747,2975870,1429758700869692,,14,0,
2165747,2975871,1429758710869692,,14,0,
2165747,2975872,1429758720869692,,14,0,
2165747,2975867,1529758670869692,,15,0,
2165747,2975868,1529758680869692,,15,0,
2165747,2975870,1529758700869692,,15,0,
2165747,2975871,1529758710869692,,15,0,
2165747,2975872,1529758720869692,,15,0,
2165747,2975867,1629758670869692,,16,0,
2165747,2975868,1629758680869692,,16,0,
2165747,2975870,1629758700869692,,16,0,
2165747,2975871,1629758710869692,,16,0,
2165747,2975872,1629758720869692,,16,0,
2165747,2975867,1729758670869692,,17,0,
2165747,2975868,1729758680869692,,17,0,
2165747,2975870,1729758700869692,,17,0,
2165747,2975871,1729758710869692,,17,0,
2165747,2975872,1729758720869692,,17,0,
2165747,2975867,1829758670869692,,18,0,
2165747,2975868,1829758680869692,,18,0,
2165747,2975870,1829758700869692,,18,0,
2165747,2975871,1829758710869692,,18,0,
2165747,2975872,1829758720869692,,18,0,
2165747,2975867,1929758670869692,,19,0,
2165747,2975868,1929758680869692,,19,0,
2165747,2975870,1929758700869692,,19,0,
2165747,2975871,1929758710869692,,19,0,
2165747,2975872,1929758720869692,,19,0,
2165747,2975867,2029758670869692,,20,0,
2165747,2975868,2029758680869692,,20,0,
2165747,2975870,2029758700869692,,20,0,
2165747,2975871,2029758710869692,,20,0,
2165747,2975872,2029758720869692,,20,0,
2165747,2975867,2129758670869692,,21,0,
2165747,2975868,2129758680869692,,21,0,
2165747,2975870,2129758700869692,,21,0,
2165747,2975871,2129758710869692,,21,0,
2165747,2975872,2129758720869692,,21,0,
2165747,2975867,2229758670869692,,22,0,
2165747,2975868,2229758680869692,,22,0,
2165747,2975870,2229758700869692,,22,0,
2165747,2975871,2229758710869692,,22,0,
2165747,2975872,2229758720869692,,22,0,
2165747,2975867,229758670869692,,2,0,
2165747,2975868,229758680869692,,2,0,
2165747,2975870,229758700869692,,2,0,
2165747,2975871,229758710869692,,2,0,
2165747,2975872,229758720869692,,2,0,
2165747,2975867,2329758670869692,,23,0,
2165747,2975868,2329758680869692,,23,0,
2165747,2975870,2329758700869692,,23,0,
2165747,2975871,2329758710869692,,23,0,
2165747,2975872,2329758720869692,,23,0,
2165747,2975867,2429758670869692,,24,0,
2165747,2975868,2429758680869692,,24,0,
2165747,2975870,2429758700869692,,24,0,
2165747,2975871,2429758710869692,,24,0,
2165747,2975872,2429758720869692,,24,0,
2165747,2975867,2529758670869692,,25,0,
2165747,2975868,2529758680869692,,25,0,
2165747,2975870,2529758700869692,,25,0,
2165747,2975871,2529758710869692,,25,0,
2165747,2975872,2529758720869692,,25,0,
2165747,2975867,2629758670869692,,26,0,
2165747,2975868,2629758680869692,,26,0,
2165747,2975870,2629758700869692,,26,0,
2165747,2975871,2629758710869692,,26,0,
2165747,2975872,2629758720869692,,26,0,
2165747,2975867,2729758670869692,,27,0,
2165747,2975868,2729758680869692,,27,0,
2165747,2975870,2729758700869692,,27,0,
2165747,2975871,2729758710869692,,27,0,
2165747,2975872,2729758720869692,,27,0,
2165747,2975867,2829758670869692,,28,0,
2165747,2975868,2829758680869692,,28,0,
2165747,2975870,2829758700869692,,28,0,
2165747,2975871,2829758710869692,,28,0,
2165747,2975872,2829758720869692,,28,0,
2165747,2975867,2929758670869692,,29,0,
2165747,2975868,2929758680869692,,29,0,
2165747,2975870,2929758700869692,,29,0,
2165747,2975871,2929758710869692,,29,0,
2165747,2975872,2929758720869692,,29,0,
2165747,2975867,3029758670869692,,30,0,
2165747,2975868,3029758680869692,,30,0,
2165747,2975870,3029758700869692,,30,0,
2165747,2975871,3029758710869692,,30,0,
2165747,2975872,3029758720869692,,30,0,
2165747,2975867,3129758670869692,,31,0,
2165747,2975868,3129758680869692,,31,0,
2165747,2975870,3129758700869692,,31,0,
2165747,2975871,3129758710869692,,31,0,
2165747,2975872,3129758720869692,,31,0,
2165747,2975867,3229758670869692,,32,0,
2165747,2975868,3229758680869692,,32,0,
2165747,2975870,3229758700869692,,32,0,
2165747,2975871,3229758710869692,,32,0,
2165747,2975872,3229758720869692,,32,0,
2165747,2975867,329758670869692,,3,0,
2165747,2975868,329758680869692,,3,0,
2165747,2975870,329758700869692,,3,0,
2165747,2975871,329758710869692,,3,0,
2165747,2975872,329758720869692,,3,0,
2165747,2975867,3329758670869692,,33,0,
2165747,2975868,3329758680869692,,33,0,
2165747,2975870,3329758700869692,,33,0,
2165747,2975871,3329758710869692,,33,0,
2165747,2975872,3329758720869692,,33,0,
2165747,2975867,3429758670869692,,34,0,
2165747,2975868,3429758680869692,,34,0,
2165747,2975870,3429758700869692,,34,0,
2165747,2975871,3429758710869692,,34,0,
2165747,2975872,3429758720869692,,34,0,
2165747,2975867,3529758670869692,,35,0,
2165747,2975868,3529758680869692,,35,0,
2165747,2975870,3529758700869692,,35,0,
2165747,2975871,3529758710869692,,35,0,
2165747,2975872,3529758720869692,,35,0,
2165747,2975867,3629758670869692,,36,0,
2165747,2975868,3629758680869692,,36,0,
2165747,2975870,3629758700869692,,36,0,
2165747,2975871,3629758710869692,,36,0,
2165747,2975872,3629758720869692,,36,0,
2165747,2975867,3729758670869692,,37,0,
2165747,2975868,3729758680869692,,37,0,
2165747,2975870,3729758700869692,,37,0,
2165747,2975871,3729758710869692,,37,0,
2165747,2975872,3729758720869692,,37,0,
2165747,2975867,3829758670869692,,38,0,
2165747,2975868,3829758680869692,,38,0,
2165747,2975870,3829758700869692,,38,0,
2165747,2975871,3829758710869692,,38,0,
2165747,2975872,3829758720869692,,38,0,
2165747,2975867,3929758670869692,,39,0,
2165747,2975868,3929758680869692,,39,0,
2165747,2975870,3929758700869692,,39,0,
2165747,2975871,3929758710869692,,39,0,
2165747,2975872,3929758720869692,,39,0,
2165747,2975867,4029758670869692,,40,0,
2165747,2975868,4029758680869692,,40,0,
2165747,2975870,4029758700869692,,40,0,
2165747,2975871,4029758710869692,,40,0,
2165747,2975872,4029758720869692,,40,0,
2165747,2975867,4129758670869692,,41,0,
2165747,2975868,4129758680869692,,41,0,
2165747,2975870,4129758700869692,,41,0,
2165747,2975871,4129758710869692,,41,0,
2165747,2975872,4129758720869692,,41,0,
2165747,2975867,4229758670869692,,42,0,
2165747,2975868,4229758680869692,,42,0,
2165747,2975870,4229758700869692,,42,0,
2165747,2975871,4229758710869692,,42,0,
2165747,2975872,4229758720869692,,42,0,
2165747,2975867,429758670869692,,4,0,
2165747,2975868,429758680869692,,4,0,
2165747,2975870,429758700869692,,4,0,
2165747,2975871,429758710869692,,4,0,
2165747,2975872,429758720869692,,4,0,
2165747,2975867,4329758670869692,,43,0,
2165747,2975868,4329758680869692,,43,0,
2165747,2975870,4329758700869692,,43,0,
2165747,2975871,4329758710869692,,43,0,
2165747,2975872,4329758720869692,,43,0,
2165747,2975870,4429758700869692,,44,0,
2165747,2975871,4429758710869692,,44,0,
2165747,2975872,4429758720869692,,44,0,
2165747,2975870,4529758700869692,,45,0,
2165747,2975871,4529758710869692,,45,0,
2165747,2975872,4529758720869692,,45,0,
2165747,2975870,4629758700869692,,46,0,
2165747,2975871,4629758710869692,,46,0,
2165747,2975872,4629758720869692,,46,0,
2165747,2975870,4729758700869692,,47,0,
2165747,2975871,4729758710869692,,47,0,
2165747,2975872,4729758720869692,,47,0,
2165747,2975870,4829758700869692,,48,0,
2165747,2975871,4829758710869692,,48,0,
2165747,2975872,4829758720869692,,48,0,
2165747,2975870,4929758700869692,,49,0,
2165747,2975871,4929758710869692,,49,0,
2165747,2975872,4929758720869692,,49,0,
2165747,2975870,5029758700869692,,50,0,
2165747,2975871,5029758710869692,,50,0,
2165747,2975872,5029758720869692,,50,0,
2165747,2975870,5129758700869692,,51,0,
2165747,2975871,5129758710869692,,51,0,
2165747,2975872,5129758720869692,,51,0,
2165747,2975870,5229758700869692,,52,0,
2165747,2975871,5229758710869692,,52,0,
2165747,2975872,5229758720869692,,52,0,
2165747,2975867,529758670869692,,5,0,
2165747,2975868,529758680869692,,5,0,
2165747,2975870,529758700869692,,5,0,
2165747,2975871,529758710869692,,5,0,
2165747,2975872,529758720869692,,5,0,
2165747,2975870,5329758700869692,,53,0,
2165747,2975871,5329758710869692,,53,0,
2165747,2975872,5329758720869692,,53,0,
2165747,2975870,5429758700869692,,54,0,
2165747,2975871,5429758710869692,,54,0,
2165747,2975872,5429758720869692,,54,0,
2165747,2975870,5529758700869692,,55,0,
2165747,2975871,5529758710869692,,55,0,
2165747,2975872,5529758720869692,,55,0,
2165747,2975870,5629758700869692,,56,0,
2165747,2975871,5629758710869692,,56,0,
2165747,2975870,5729758700869692,,57,0,
2165747,2975871,5729758710869692,,57,0,
2165747,2975870,5829758700869692,,58,0,
2165747,2975871,5829758710869692,,58,0,
2165747,2975870,5929758700869692,,59,0,
2165747,2975871,5929758710869692,,59,0,
2165747,2975870,6029758700869692,,60,0,
2165747,2975871,6029758710869692,,60,0,
2165747,2975870,6129758700869692,,61,0,
2165747,2975871,6129758710869692,,61,0,
2165747,2975870,6229758700869692,,62,0,
2165747,2975871,6229758710869692,,62,0,
2165747,2975867,629758670869692,,6,0,
2165747,2975868,629758680869692,,6,0,
2165747,2975870,629758700869692,,6,0,
2165747,2975871,629758710869692,,6,0,
2165747,2975872,629758720869692,,6,0,
2165747,2975870,6329758700869692,,63,0,
2165747,2975871,6329758710869692,,63,0,
2165747,2975870,6429758700869692,,64,0,
2165747,2975871,6429758710869692,,64,0,
2165747,2975870,6529758700869692,,65,0,
2165747,2975871,6529758710869692,,65,0,
2165747,2975870,6629758700869692,,66,0,
2165747,2975871,6629758710869692,,66,0,
2165747,2975870,6729758700869692,,67,0,
2165747,2975871,6729758710869692,,67,0,
2165747,2975870,6829758700869692,,68,0,
2165747,2975871,6829758710869692,,68,0,
2165747,2975870,6929758700869692,,69,0,
2165747,2975871,6929758710869692,,69,0,
2165747,2975870,7029758700869692,,70,0,
2165747,2975871,7029758710869692,,70,0,
2165747,2975870,7129758700869692,,71,0,
2165747,2975871,7129758710869692,,71,0,
2165747,2975870,7229758700869692,,72,0,
2165747,2975871,7229758710869692,,72,0,
2165747,2975867,729758670869692,,7,0,
2165747,2975868,729758680869692,,7,0,
2165747,2975870,729758700869692,,7,0,
2165747,2975871,729758710869692,,7,0,
2165747,2975872,729758720869692,,7,0,
2165747,2975870,7329758700869692,,73,0,
2165747,2975871,7329758710869692,,73,0,
2165747,2975870,7429758700869692,,74,0,
2165747,2975871,7429758710869692,,74,0,
2165747,2975870,7529758700869692,,75,0,
2165747,2975871,7529758710869692,,75,0,
2165747,2975870,7629758700869692,,76,0,
2165747,2975871,7629758710869692,,76,0,
2165747,2975870,7729758700869692,,77,0,
2165747,2975871,7729758710869692,,77,0,
2165747,2975870,7829758700869692,,78,0,
2165747,2975871,7829758710869692,,78,0,
2165747,2975870,7929758700869692,,79,0,
2165747,2975871,7929758710869692,,79,0,
2165747,2975870,8029758700869692,,80,0,
2165747,2975871,8029758710869692,,80,0,
2165747,2975870,8129758700869692,,81,0,
2165747,2975871,8129758710869692,,81,0,
2165747,2975870,8229758700869692,,82,0,
2165747,2975871,8229758710869692,,82,0,
2165747,2975867,829758670869692,,8,0,
2165747,2975868,829758680869692,,8,0,
2165747,2975870,829758700869692,,8,0,
2165747,2975871,829758710869692,,8,0,
2165747,2975872,829758720869692,,8,0,
2165747,2975870,8329758700869692,,83,0,
2165747,2975871,8329758710869692,,83,0,
2165747,2975870,8429758700869692,,84,0,
2165747,2975871,8429758710869692,,84,0,
2165747,2975870,8529758700869692,,85,0,
2165747,2975871,8529758710869692,,85,0,
2165747,2975870,8629758700869692,,86,0,
2165747,2975871,8629758710869692,,86,0,
2165747,2975870,8729758700869692,,87,0,
2165747,2975871,8729758710869692,,87,0,
2165747,2975870,8829758700869692,,88,0,
2165747,2975870,8929758700869692,,89,0,
2165747,2975870,9029758700869692,,90,0,
2165747,2975867,929758670869692,,9,0,
2165747,2975868,929758680869692,,9,0,
2165747,2975870,929758700869692,,9,0,
2165747,2975871,929758710869692,,9,0,
2165747,2975872,929758720869692,,9,0,
2165747,2975870,129758700869694,,1,0,
2165747,2975871,129758710869694,,1,0,
2165747,2975872,129758720869694,,1,0,
2165747,2975870,229758700869694,,2,0,
2165747,2975871,229758710869694,,2,0,
2165747,2975872,229758720869694,,2,0,
2165747,2975870,329758700869694,,3,0,
2165747,2975871,329758710869694,,3,0,
2165747,2975870,429758700869694,,4,0,
2165747,2975870,529758700869694,,5,0,
2165748,2975870,10029758700869693,,100,1,
2165748,2975871,10029758710869693,,100,1,
2165748,2975870,10129758700869693,,101,1,
2165748,2975871,10129758710869693,,101,1,
2165748,2975870,10229758700869693,,102,1,
2165748,2975871,10229758710869693,,102,1,
2165748,2975867,1029758670869693,,10,1,
2165748,2975868,1029758680869693,,10,1,
2165748,2975870,1029758700869693,,10,1,
2165748,2975871,1029758710869693,,10,1,
2165748,2975872,1029758720869693,,10,1,
2165748,2975870,10329758700869693,,103,1,
2165748,2975871,10329758710869693,,103,1,
2165748,2975870,10429758700869693,,104,1,
2165748,2975870,10529758700869693,,105,1,
2165748,2975870,10629758700869693,,106,1,
2165748,2975870,10729758700869693,,107,1,
2165748,2975870,10829758700869693,,108,1,
2165748,2975870,10929758700869693,,109,1,
2165748,2975867,1129758670869693,,11,1,
2165748,2975868,1129758680869693,,11,1,
2165748,2975870,1129758700869693,,11,1,
2165748,2975871,1129758710869693,,11,1,
2165748,2975872,1129758720869693,,11,1,
2165748,2975867,1229758670869693,,12,1,
2165748,2975868,1229758680869693,,12,1,
2165748,2975870,1229758700869693,,12,1,
2165748,2975871,1229758710869693,,12,1,
2165748,2975872,1229758720869693,,12,1,
2165748,2975867,129758670869693,,1,1,
2165748,2975868,129758680869693,,1,1,
2165748,2975870,129758700869693,,1,1,
2165748,2975871,129758710869693,,1,1,
2165748,2975872,129758720869693,,1,1,
2165748,2975867,1329758670869693,,13,1,
2165748,2975868,1329758680869693,,13,1,
2165748,2975870,1329758700869693,,13,1,
2165748,2975871,1329758710869693,,13,1,
2165748,2975872,1329758720869693,,13,1,
2165748,2975867,1429758670869693,,14,1,
2165748,2975868,1429758680869693,,14,1,
2165748,2975870,1429758700869693,,14,1,
2165748,2975871,1429758710869693,,14,1,
2165748,2975872,1429758720869693,,14,1,
2165748,2975867,1529758670869693,,15,1,
2165748,2975868,1529758680869693,,15,1,
2165748,2975870,1529758700869693,,15,1,
2165748,2975871,1529758710869693,,15,1,
2165748,2975872,1529758720869693,,15,1,
2165748,2975867,1629758670869693,,16,1,
2165748,2975868,1629758680869693,,16,1,
2165748,2975870,1629758700869693,,16,1,
2165748,2975871,1629758710869693,,16,1,
2165748,2975872,1629758720869693,,16,1,
2165748,2975867,1729758670869693,,17,1,
2165748,2975868,1729758680869693,,17,1,
2165748,2975870,1729758700869693,,17,1,
2165748,2975871,1729758710869693,,17,1,
2165748,2975872,1729758720869693,,17,1,
2165748,2975867,1829758670869693,,18,1,
2165748,2975868,1829758680869693,,18,1,
2165748,2975870,1829758700869693,,18,1,
2165748,2975871,1829758710869693,,18,1,
2165748,2975872,1829758720869693,,18,1,
2165748,2975867,1929758670869693,,19,1,
2165748,2975868,1929758680869693,,19,1,
2165748,2975870,1929758700869693,,19,1,
2165748,2975871,1929758710869693,,19,1,
2165748,2975872,1929758720869693,,19,1,
2165748,2975867,2029758670869693,,20,1,
2165748,2975868,2029758680869693,,20,1,
2165748,2975870,2029758700869693,,20,1,
2165748,2975871,2029758710869693,,20,1,
2165748,2975872,2029758720869693,,20,1,
2165748,2975867,2129758670869693,,21,1,
2165748,2975868,2129758680869693,,21,1,
2165748,2975870,2129758700869693,,21,1,
2165748,2975871,2129758710869693,,21,1,
2165748,2975872,2129758720869693,,21,1,
2165748,2975867,2229758670869693,,22,1,
2165748,2975868,2229758680869693,,22,1,
2165748,2975870,2229758700869693,,22,1,
2165748,2975871,2229758710869693,,22,1,
2165748,2975872,2229758720869693,,22,1,
2165748,2975867,229758670869693,,2,1,
2165748,2975868,229758680869693,,2,1,
2165748,2975870,229758700869693,,2,1,
2165748,2975871,229758710869693,,2,1,
2165748,2975872,229758720869693,,2,1,
2165748,2975867,2329758670869693,,23,1,
2165748,2975868,2329758680869693,,23,1,
2165748,2975870,2329758700869693,,23,1,
2165748,2975871,2329758710869693,,23,1,
2165748,2975872,2329758720869693,,23,1,
2165748,2975867,2429758670869693,,24,1,
2165748,2975868,2429758680869693,,24,1,
2165748,2975870,2429758700869693,,24,1,
2165748,2975871,2429758710869693,,24,1,
2165748,2975872,2429758720869693,,24,1,
2165748,2975867,2529758670869693,,25,1,
2165748,2975868,2529758680869693,,25,1,
2165748,2975870,2529758700869693,,25,1,
2165748,2975871,2529758710869693,,25,1,
2165748,2975872,2529758720869693,,25,1,
2165748,2975867,2629758670869693,,26,1,
2165748,2975868,2629758680869693,,26,1,
2165748,2975870,2629758700869693,,26,1,
2165748,2975871,2629758710869693,,26,1,
2165748,2975872,2629758720869693,,26,1,
2165748,2975867,2729758670869693,,27,1,
2165748,2975868,2729758680869693,,27,1,
2165748,2975870,2729758700869693,,27,1,
2165748,2975871,2729758710869693,,27,1,
2165748,2975872,2729758720869693,,27,1,
2165748,2975867,2829758670869693,,28,1,
2165748,2975868,2829758680869693,,28,1,
2165748,2975870,2829758700869693,,28,1,
2165748,2975871,2829758710869693,,28,1,
2165748,2975872,2829758720869693,,28,1,
2165748,2975867,2929758670869693,,29,1,
2165748,2975868,2929758680869693,,29,1,
2165748,2975870,2929758700869693,,29,1,
2165748,2975871,2929758710869693,,29,1,
2165748,2975872,2929758720869693,,29,1,
2165748,2975867,3029758670869693,,30,1,
2165748,2975868,3029758680869693,,30,1,
2165748,2975870,3029758700869693,,30,1,
2165748,2975871,3029758710869693,,30,1,
2165748,2975872,3029758720869693,,30,1,
2165748,2975867,3129758670869693,,31,1,
2165748,2975868,3129758680869693,,31,1,
2165748,2975870,3129758700869693,,31,1,
2165748,2975871,3129758710869693,,31,1,
2165748,2975872,3129758720869693,,31,1,
2165748,2975867,3229758670869693,,32,1,
2165748,2975868,3229758680869693,,32,1,
2165748,2975870,3229758700869693,,32,1,
2165748,2975871,3229758710869693,,32,1,
2165748,2975872,3229758720869693,,32,1,
2165748,2975867,329758670869693,,3,1,
2165748,2975868,329758680869693,,3,1,
2165748,2975870,329758700869693,,3,1,
2165748,2975871,329758710869693,,3,1,
2165748,2975872,329758720869693,,3,1,
2165748,2975867,3329758670869693,,33,1,
2165748,2975868,3329758680869693,,33,1,
2165748,2975870,3329758700869693,,33,1,
2165748,2975871,3329758710869693,,33,1,
2165748,2975872,3329758720869693,,33,1,
2165748,2975867,3429758670869693,,34,1,
2165748,2975868,3429758680869693,,34,1,
2165748,2975870,3429758700869693,,34,1,
2165748,2975871,3429758710869693,,34,1,
2165748,2975872,3429758720869693,,34,1,
2165748,2975867,3529758670869693,,35,1,
2165748,2975868,3529758680869693,,35,1,
2165748,2975870,3529758700869693,,35,1,
2165748,2975871,3529758710869693,,35,1,
2165748,2975872,3529758720869693,,35,1,
2165748,2975867,3629758670869693,,36,1,
2165748,2975868,3629758680869693,,36,1,
2165748,2975870,3629758700869693,,36,1,
2165748,2975871,3629758710869693,,36,1,
2165748,2975872,3629758720869693,,36,1,
2165748,2975867,3729758670869693,,37,1,
2165748,2975868,3729758680869693,,37,1,
2165748,2975870,3729758700869693,,37,1,
2165748,2975871,3729758710869693,,37,1,
2165748,2975872,3729758720869693,,37,1,
2165748,2975867,3829758670869693,,38,1,
2165748,2975868,3829758680869693,,38,1,
2165748,2975870,3829758700869693,,38,1,
2165748,2975871,3829758710869693,,38,1,
2165748,2975872,3829758720869693,,38,1,
2165748,2975867,3929758670869693,,39,1,
2165748,2975868,3929758680869693,,39,1,
2165748,2975870,3929758700869693,,39,1,
2165748,2975871,3929758710869693,,39,1,
2165748,2975872,3929758720869693,,39,1,
2165748,2975867,4029758670869693,,40,1,
2165748,2975868,4029758680869693,,40,1,
2165748,2975870,4029758700869693,,40,1,
2165748,2975871,4029758710869693,,40,1,
2165748,2975872,4029758720869693,,40,1,
2165748,2975867,4129758670869693,,41,1,
2165748,2975868,4129758680869693,,41,1,
2165748,2975870,4129758700869693,,41,1,
2165748,2975871,4129758710869693,,41,1,
2165748,2975872,4129758720869693,,41,1,
2165748,2975867,4229758670869693,,42,1,
2165748,2975868,4229758680869693,,42,1,
2165748,2975870,4229758700869693,,42,1,
2165748,2975871,4229758710869693,,42,1,
2165748,2975872,4229758720869693,,42,1,
2165748,2975867,429758670869693,,4,1,
2165748,2975868,429758680869693,,4,1,
2165748,2975870,429758700869693,,4,1,
2165748,2975871,429758710869693,,4,1,
2165748,2975872,429758720869693,,4,1,
2165748,2975867,4329758670869693,,43,1,
2165748,2975868,4329758680869693,,43,1,
2165748,2975870,4329758700869693,,43,1,
2165748,2975871,4329758710869693,,43,1,
2165748,2975872,4329758720869693,,43,1,
2165748,2975870,4429758700869693,,44,1,
2165748,2975871,4429758710869693,,44,1,
2165748,2975872,4429758720869693,,44,1,
2165748,2975870,4529758700869693,,45,1,
2165748,2975871,4529758710869693,,45,1,
2165748,2975872,4529758720869693,,45,1,
2165748,2975870,4629758700869693,,46,1,
2165748,2975871,4629758710869693,,46,1,
2165748,2975872,4629758720869693,,46,1,
2165748,2975870,4729758700869693,,47,1,
2165748,2975871,4729758710869693,,47,1,
2165748,2975872,4729758720869693,,47,1,
2165748,2975870,4829758700869693,,48,1,
2165748,2975871,4829758710869693,,48,1,
2165748,2975872,4829758720869693,,48,1,
2165748,2975870,4929758700869693,,49,1,
2165748,2975871,4929758710869693,,49,1,
2165748,2975872,4929758720869693,,49,1,
2165748,2975870,5029758700869693,,50,1,
2165748,2975871,5029758710869693,,50,1,
2165748,2975872,5029758720869693,,50,1,
2165748,2975870,5129758700869693,,51,1,
2165748,2975871,5129758710869693,,51,1,
2165748,2975872,5129758720869693,,51,1,
2165748,2975870,5229758700869693,,52,1,
2165748,2975871,5229758710869693,,52,1,
2165748,2975872,5229758720869693,,52,1,
2165748,2975867,529758670869693,,5,1,
2165748,2975868,529758680869693,,5,1,
2165748,2975870,529758700869693,,5,1,
2165748,2975871,529758710869693,,5,1,
2165748,2975872,529758720869693,,5,1,
2165748,2975870,5329758700869693,,53,1,
2165748,2975871,5329758710869693,,53,1,
2165748,2975872,5329758720869693,,53,1,
2165748,2975870,5429758700869693,,54,1,
2165748,2975871,5429758710869693,,54,1,
2165748,2975872,5429758720869693,,54,1,
2165748,2975870,5529758700869693,,55,1,
2165748,2975871,5529758710869693,,55,1,
2165748,2975872,5529758720869693,,55,1,
2165748,2975870,5629758700869693,,56,1,
2165748,2975871,5629758710869693,,56,1,
2165748,2975872,5629758720869693,,56,1,
2165748,2975870,5729758700869693,,57,1,
2165748,2975871,5729758710869693,,57,1,
2165748,2975872,5729758720869693,,57,1,
2165748,2975870,5829758700869693,,58,1,
2165748,2975871,5829758710869693,,58,1,
2165748,2975870,5929758700869693,,59,1,
2165748,2975871,5929758710869693,,59,1,
2165748,2975870,6029758700869693,,60,1,
2165748,2975871,6029758710869693,,60,1,
2165748,2975870,6129758700869693,,61,1,
2165748,2975871,6129758710869693,,61,1,
2165748,2975870,6229758700869693,,62,1,
2165748,2975871,6229758710869693,,62,1,
2165748,2975867,629758670869693,,6,1,
2165748,2975868,629758680869693,,6,1,
2165748,2975870,629758700869693,,6,1,
2165748,2975871,629758710869693,,6,1,
2165748,2975872,629758720869693,,6,1,
2165748,2975870,6329758700869693,,63,1,
2165748,2975871,6329758710869693,,63,1,
2165748,2975870,6429758700869693,,64,1,
2165748,2975871,6429758710869693,,64,1,
2165748,2975870,6529758700869693,,65,1,
2165748,2975871,6529758710869693,,65,1,
2165748,2975870,6629758700869693,,66,1,
2165748,2975871,6629758710869693,,66,1,
2165748,2975870,6729758700869693,,67,1,
2165748,2975871,6729758710869693,,67,1,
2165748,2975870,6829758700869693,,68,1,
2165748,2975871,6829758710869693,,68,1,
2165748,2975870,6929758700869693,,69,1,
2165748,2975871,6929758710869693,,69,1,
2165748,2975870,7029758700869693,,70,1,
2165748,2975871,7029758710869693,,70,1,
2165748,2975870,7129758700869693,,71,1,
2165748,2975871,7129758710869693,,71,1,
2165748,2975870,7229758700869693,,72,1,
2165748,2975871,7229758710869693,,72,1,
2165748,2975867,729758670869693,,7,1,
2165748,2975868,729758680869693,,7,1,
2165748,2975870,729758700869693,,7,1,
2165748,2975871,729758710869693,,7,1,
2165748,2975872,729758720869693,,7,1,
2165748,2975870,7329758700869693,,73,1,
2165748,2975871,7329758710869693,,73,1,
2165748,2975870,7429758700869693,,74,1,
2165748,2975871,7429758710869693,,74,1,
2165748,2975870,7529758700869693,,75,1,
2165748,2975871,7529758710869693,,75,1,
2165748,2975870,7629758700869693,,76,1,
2165748,2975871,7629758710869693,,76,1,
2165748,2975870,7729758700869693,,77,1,
2165748,2975871,7729758710869693,,77,1,
2165748,2975870,7829758700869693,,78,1,
2165748,2975871,7829758710869693,,78,1,
2165748,2975870,7929758700869693,,79,1,
2165748,2975871,7929758710869693,,79,1,
2165748,2975870,8029758700869693,,80,1,
2165748,2975871,8029758710869693,,80,1,
2165748,2975870,8129758700869693,,81,1,
2165748,2975871,8129758710869693,,81,1,
2165748,2975870,8229758700869693,,82,1,
2165748,2975871,8229758710869693,,82,1,
2165748,2975867,829758670869693,,8,1,
2165748,2975868,829758680869693,,8,1,
2165748,2975870,829758700869693,,8,1,
2165748,2975871,829758710869693,,8,1,
2165748,2975872,829758720869693,,8,1,
2165748,2975870,8329758700869693,,83,1,
2165748,2975871,8329758710869693,,83,1,
2165748,2975870,8429758700869693,,84,1,
2165748,2975871,8429758710869693,,84,1,
2165748,2975870,8529758700869693,,85,1,
2165748,2975871,8529758710869693,,85,1,
2165748,2975870,8629758700869693,,86,1,
2165748,2975871,8629758710869693,,86,1,
2165748,2975870,8729758700869693,,87,1,
2165748,2975871,8729758710869693,,87,1,
2165748,2975870,8829758700869693,,88,1,
2165748,2975871,8829758710869693,,88,1,
2165748,2975870,8929758700869693,,89,1,
2165748,2975871,8929758710869693,,89,1,
2165748,2975870,9029758700869693,,90,1,
2165748,2975871,9029758710869693,,90,1,
2165748,2975870,9129758700869693,,91,1,
2165748,2975871,9129758710869693,,91,1,
2165748,2975870,9229758700869693,,92,1,
2165748,2975871,9229758710869693,,92,1,
2165748,2975867,929758670869693,,9,1,
2165748,2975868,929758680869693,,9,1,
2165748,2975870,929758700869693,,9,1,
2165748,2975871,929758710869693,,9,1,
2165748,2975872,929758720869693,,9,1,
2165748,2975870,9329758700869693,,93,1,
2165748,2975871,9329758710869693,,93,1,
2165748,2975870,9429758700869693,,94,1,
2165748,2975871,9429758710869693,,94,1,
2165748,2975870,9529758700869693,,95,1,
2165748,2975871,9529758710869693,,95,1,
2165748,2975870,9629758700869693,,96,1,
2165748,2975871,9629758710869693,,96,1,
2165748,2975870,9729758700869693,,97,1,
2165748,2975871,9729758710869693,,97,1,
2165748,2975870,9829758700869693,,98,1,
2165748,2975871,9829758710869693,,98,1,
2165748,2975870,9929758700869693,,99,1,
2165748,2975871,9929758710869693,,99,1,
2165748,2975870,129758700869695,,1,1,
2165748,2975870,229758700869695,,2,1,
2165748,2975870,329758700869695,,3,1,
2165748,2975870,429758700869695,,4,1,
2165748,2975870,529758700869695,,5,1,
2165749,2975874,1029758741372283,,10,0,
2165749,2975875,1029758751372283,,10,0,
2165749,2975874,1129758741372283,,11,0,
2165749,2975875,1129758751372283,,11,0,
2165749,2975874,1229758741372283,,12,0,
2165749,2975875,1229758751372283,,12,0,
2165749,2975874,129758741372283,,1,0,
2165749,2975875,129758751372283,,1,0,
2165749,2975874,1329758741372283,,13,0,
2165749,2975875,1329758751372283,,13,0,
2165749,2975874,1429758741372283,,14,0,
2165749,2975875,1429758751372283,,14,0,
2165749,2975874,1529758741372283,,15,0,
2165749,2975875,1529758751372283,,15,0,
2165749,2975874,1629758741372283,,16,0,
2165749,2975875,1629758751372283,,16,0,
2165749,2975874,1729758741372283,,17,0,
2165749,2975875,1729758751372283,,17,0,
2165749,2975874,1829758741372283,,18,0,
2165749,2975875,1829758751372283,,18,0,
2165749,2975874,1929758741372283,,19,0,
2165749,2975875,1929758751372283,,19,0,
2165749,2975874,2029758741372283,,20,0,
2165749,2975875,2029758751372283,,20,0,
2165749,2975874,2129758741372283,,21,0,
2165749,2975875,2129758751372283,,21,0,
2165749,2975874,2229758741372283,,22,0,
2165749,2975875,2229758751372283,,22,0,
2165749,2975874,229758741372283,,2,0,
2165749,2975875,229758751372283,,2,0,
2165749,2975874,2329758741372283,,23,0,
2165749,2975875,2329758751372283,,23,0,
2165749,2975874,2429758741372283,,24,0,
2165749,2975875,2429758751372283,,24,0,
2165749,2975874,2529758741372283,,25,0,
2165749,2975874,2629758741372283,,26,0,
2165749,2975874,329758741372283,,3,0,
2165749,2975875,329758751372283,,3,0,
2165749,2975874,429758741372283,,4,0,
2165749,2975875,429758751372283,,4,0,
2165749,2975874,529758741372283,,5,0,
2165749,2975875,529758751372283,,5,0,
2165749,2975874,629758741372283,,6,0,
2165749,2975875,629758751372283,,6,0,
2165749,2975874,729758741372283,,7,0,
2165749,2975875,729758751372283,,7,0,
2165749,2975874,829758741372283,,8,0,
2165749,2975875,829758751372283,,8,0,
2165749,2975874,929758741372283,,9,0,
2165749,2975875,929758751372283,,9,0,
2165750,2975874,1029758740869696,,10,1,
2165750,2975875,1029758750869696,,10,1,
2165750,2975874,1129758740869696,,11,1,
2165750,2975875,1129758750869696,,11,1,
2165750,2975874,1229758740869696,,12,1,
2165750,2975874,129758740869696,,1,1,
2165750,2975875,129758750869696,,1,1,
2165750,2975874,229758740869696,,2,1,
2165750,2975875,229758750869696,,2,1,
2165750,2975874,329758740869696,,3,1,
2165750,2975875,329758750869696,,3,1,
2165750,2975874,429758740869696,,4,1,
2165750,2975875,429758750869696,,4,1,
2165750,2975874,529758740869696,,5,1,
2165750,2975875,529758750869696,,5,1,
2165750,2975874,629758740869696,,6,1,
2165750,2975875,629758750869696,,6,1,
2165750,2975874,729758740869696,,7,1,
2165750,2975875,729758750869696,,7,1,
2165750,2975874,829758740869696,,8,1,
2165750,2975875,829758750869696,,8,1,
2165750,2975874,929758740869696,,9,1,
2165750,2975875,929758750869696,,9,1,
2165750,2975874,129758740869697,,1,1,
2165750,2975875,129758750869697,,1,1,
2165750,2975874,229758740869697,,2,1,
2165750,2975875,229758750869697,,2,1,
2165750,2975874,329758740869697,,3,1,
2165750,2975875,329758750869697,,3,1,
2165750,2975874,429758740869697,,4,1,
2165750,2975875,429758750869697,,4,1,
