route_id,service_id,trip_id,trip_headsign,trip_short_name,direction_id,shape_id
2166389,3045489,1030454892128309,,10,0,
2166389,3045490,1030454902128309,,10,0,
2166389,3045491,1030454912128309,,10,0,
2166389,3045492,1030454922128309,,10,0,
2166389,3045493,1030454932128309,,10,0,
2166389,3045494,1030454942128309,,10,0,
2166389,3045495,1030454952128309,,10,0,
2166389,3045496,1030454962128309,,10,0,
2166389,3045489,1130454892128309,,11,0,
2166389,3045490,1130454902128309,,11,0,
2166389,3045491,1130454912128309,,11,0,
2166389,3045492,1130454922128309,,11,0,
2166389,3045493,1130454932128309,,11,0,
2166389,3045494,1130454942128309,,11,0,
2166389,3045495,1130454952128309,,11,0,
2166389,3045496,1130454962128309,,11,0,
2166389,3045489,1230454892128309,,12,0,
2166389,3045490,1230454902128309,,12,0,
2166389,3045491,1230454912128309,,12,0,
2166389,3045492,1230454922128309,,12,0,
2166389,3045493,1230454932128309,,12,0,
2166389,3045494,1230454942128309,,12,0,
2166389,3045495,1230454952128309,,12,0,
2166389,3045496,1230454962128309,,12,0,
2166389,3045489,130454892128309,,1,0,
2166389,3045490,130454902128309,,1,0,
2166389,3045491,130454912128309,,1,0,
2166389,3045492,130454922128309,,1,0,
2166389,3045493,130454932128309,,1,0,
2166389,3045494,130454942128309,,1,0,
2166389,3045495,130454952128309,,1,0,
2166389,3045496,130454962128309,,1,0,
2166389,3045489,1330454892128309,,13,0,
2166389,3045490,1330454902128309,,13,0,
2166389,3045491,1330454912128309,,13,0,
2166389,3045492,1330454922128309,,13,0,
2166389,3045493,1330454932128309,,13,0,
2166389,3045494,1330454942128309,,13,0,
2166389,3045495,1330454952128309,,13,0,
2166389,3045496,1330454962128309,,13,0,
2166389,3045489,1430454892128309,,14,0,
2166389,3045490,1430454902128309,,14,0,
2166389,3045491,1430454912128309,,14,0,
2166389,3045492,1430454922128309,,14,0,
2166389,3045493,1430454932128309,,14,0,
2166389,3045494,1430454942128309,,14,0,
2166389,3045495,1430454952128309,,14,0,
2166389,3045496,1430454962128309,,14,0,
2166389,3045489,1530454892128309,,15,0,
2166389,3045490,1530454902128309,,15,0,
2166389,3045491,1530454912128309,,15,0,
2166389,3045492,1530454922128309,,15,0,
2166389,3045493,1530454932128309,,15,0,
2166389,3045494,1530454942128309,,15,0,
2166389,3045495,1530454952128309,,15,0,
2166389,3045496,1530454962128309,,15,0,
2166389,3045489,1630454892128309,,16,0,
2166389,3045490,1630454902128309,,16,0,
2166389,3045491,1630454912128309,,16,0,
2166389,3045492,1630454922128309,,16,0,
2166389,3045493,1630454932128309,,16,0,
2166389,3045494,1630454942128309,,16,0,
2166389,3045495,1630454952128309,,16,0,
2166389,3045496,1630454962128309,,16,0,
2166389,3045489,1730454892128309,,17,0,
2166389,3045490,1730454902128309,,17,0,
2166389,3045491,1730454912128309,,17,0,
2166389,3045492,1730454922128309,,17,0,
2166389,3045493,1730454932128309,,17,0,
2166389,3045494,1730454942128309,,17,0,
2166389,3045495,1730454952128309,,17,0,
2166389,3045496,1730454962128309,,17,0,
2166389,3045489,1830454892128309,,18,0,
2166389,3045490,1830454902128309,,18,0,
2166389,3045491,1830454912128309,,18,0,
2166389,3045492,1830454922128309,,18,0,
2166389,3045493,1830454932128309,,18,0,
2166389,3045494,1830454942128309,,18,0,
2166389,3045495,1830454952128309,,18,0,
2166389,3045496,1830454962128309,,18,0,
2166389,3045489,1930454892128309,,19,0,
2166389,3045490,1930454902128309,,19,0,
2166389,3045491,1930454912128309,,19,0,
2166389,3045492,1930454922128309,,19,0,
2166389,3045493,1930454932128309,,19,0,
2166389,3045494,1930454942128309,,19,0,
2166389,3045495,1930454952128309,,19,0,
2166389,3045496,1930454962128309,,19,0,
2166389,3045489,2030454892128309,,20,0,
2166389,3045490,2030454902128309,,20,0,
2166389,3045491,2030454912128309,,20,0,
2166389,3045492,2030454922128309,,20,0,
2166389,3045493,2030454932128309,,20,0,
2166389,3045494,2030454942128309,,20,0,
2166389,3045495,2030454952128309,,20,0,
2166389,3045496,2030454962128309,,20,0,
2166389,3045489,2130454892128309,,21,0,
2166389,3045490,2130454902128309,,21,0,
2166389,3045491,2130454912128309,,21,0,
2166389,3045492,2130454922128309,,21,0,
2166389,3045493,2130454932128309,,21,0,
2166389,3045494,2130454942128309,,21,0,
2166389,3045495,2130454952128309,,21,0,
2166389,3045496,2130454962128309,,21,0,
2166389,3045489,2230454892128309,,22,0,
2166389,3045490,2230454902128309,,22,0,
2166389,3045491,2230454912128309,,22,0,
2166389,3045492,2230454922128309,,22,0,
2166389,3045493,2230454932128309,,22,0,
2166389,3045494,2230454942128309,,22,0,
2166389,3045495,2230454952128309,,22,0,
2166389,3045496,2230454962128309,,22,0,
2166389,3045489,230454892128309,,2,0,
2166389,3045490,230454902128309,,2,0,
2166389,3045491,230454912128309,,2,0,
2166389,3045492,230454922128309,,2,0,
2166389,3045493,230454932128309,,2,0,
2166389,3045494,230454942128309,,2,0,
2166389,3045495,230454952128309,,2,0,
2166389,3045496,230454962128309,,2,0,
2166389,3045489,2330454892128309,,23,0,
2166389,3045490,2330454902128309,,23,0,
2166389,3045491,2330454912128309,,23,0,
2166389,3045492,2330454922128309,,23,0,
2166389,3045493,2330454932128309,,23,0,
2166389,3045494,2330454942128309,,23,0,
2166389,3045495,2330454952128309,,23,0,
2166389,3045496,2330454962128309,,23,0,
2166389,3045489,2430454892128309,,24,0,
2166389,3045490,2430454902128309,,24,0,
2166389,3045491,2430454912128309,,24,0,
2166389,3045492,2430454922128309,,24,0,
2166389,3045493,2430454932128309,,24,0,
2166389,3045494,2430454942128309,,24,0,
2166389,3045495,2430454952128309,,24,0,
2166389,3045496,2430454962128309,,24,0,
2166389,3045489,2530454892128309,,25,0,
2166389,3045490,2530454902128309,,25,0,
2166389,3045491,2530454912128309,,25,0,
2166389,3045492,2530454922128309,,25,0,
2166389,3045493,2530454932128309,,25,0,
2166389,3045494,2530454942128309,,25,0,
2166389,3045495,2530454952128309,,25,0,
2166389,3045496,2530454962128309,,25,0,
2166389,3045489,2630454892128309,,26,0,
2166389,3045490,2630454902128309,,26,0,
2166389,3045491,2630454912128309,,26,0,
2166389,3045492,2630454922128309,,26,0,
2166389,3045493,2630454932128309,,26,0,
2166389,3045494,2630454942128309,,26,0,
2166389,3045495,2630454952128309,,26,0,
2166389,3045496,2630454962128309,,26,0,
2166389,3045489,2730454892128309,,27,0,
2166389,3045490,2730454902128309,,27,0,
2166389,3045491,2730454912128309,,27,0,
2166389,3045492,2730454922128309,,27,0,
2166389,3045493,2730454932128309,,27,0,
2166389,3045494,2730454942128309,,27,0,
2166389,3045495,2730454952128309,,27,0,
2166389,3045496,2730454962128309,,27,0,
2166389,3045489,2830454892128309,,28,0,
2166389,3045490,2830454902128309,,28,0,
2166389,3045491,2830454912128309,,28,0,
2166389,3045492,2830454922128309,,28,0,
2166389,3045493,2830454932128309,,28,0,
2166389,3045494,2830454942128309,,28,0,
2166389,3045495,2830454952128309,,28,0,
2166389,3045496,2830454962128309,,28,0,
2166389,3045489,2930454892128309,,29,0,
2166389,3045490,2930454902128309,,29,0,
2166389,3045491,2930454912128309,,29,0,
2166389,3045492,2930454922128309,,29,0,
2166389,3045493,2930454932128309,,29,0,
2166389,3045494,2930454942128309,,29,0,
2166389,3045495,2930454952128309,,29,0,
2166389,3045496,2930454962128309,,29,0,
2166389,3045489,3030454892128309,,30,0,
2166389,3045490,3030454902128309,,30,0,
2166389,3045491,3030454912128309,,30,0,
2166389,3045492,3030454922128309,,30,0,
2166389,3045493,3030454932128309,,30,0,
2166389,3045494,3030454942128309,,30,0,
2166389,3045495,3030454952128309,,30,0,
2166389,3045496,3030454962128309,,30,0,
2166389,3045489,3130454892128309,,31,0,
2166389,3045490,3130454902128309,,31,0,
2166389,3045491,3130454912128309,,31,0,
2166389,3045492,3130454922128309,,31,0,
2166389,3045493,3130454932128309,,31,0,
2166389,3045494,3130454942128309,,31,0,
2166389,3045495,3130454952128309,,31,0,
2166389,3045496,3130454962128309,,31,0,
2166389,3045489,3230454892128309,,32,0,
2166389,3045490,3230454902128309,,32,0,
2166389,3045491,3230454912128309,,32,0,
2166389,3045492,3230454922128309,,32,0,
2166389,3045493,3230454932128309,,32,0,
2166389,3045494,3230454942128309,,32,0,
2166389,3045495,3230454952128309,,32,0,
2166389,3045496,3230454962128309,,32,0,
2166389,3045489,330454892128309,,3,0,
2166389,3045490,330454902128309,,3,0,
2166389,3045491,330454912128309,,3,0,
2166389,3045492,330454922128309,,3,0,
2166389,3045493,330454932128309,,3,0,
2166389,3045494,330454942128309,,3,0,
2166389,3045495,330454952128309,,3,0,
2166389,3045496,330454962128309,,3,0,
2166389,3045489,3330454892128309,,33,0,
2166389,3045490,3330454902128309,,33,0,
2166389,3045491,3330454912128309,,33,0,
2166389,3045492,3330454922128309,,33,0,
2166389,3045493,3330454932128309,,33,0,
2166389,3045494,3330454942128309,,33,0,
2166389,3045495,3330454952128309,,33,0,
2166389,3045496,3330454962128309,,33,0,
2166389,3045489,3430454892128309,,34,0,
2166389,3045490,3430454902128309,,34,0,
2166389,3045491,3430454912128309,,34,0,
2166389,3045492,3430454922128309,,34,0,
2166389,3045493,3430454932128309,,34,0,
2166389,3045494,3430454942128309,,34,0,
2166389,3045495,3430454952128309,,34,0,
2166389,3045496,3430454962128309,,34,0,
2166389,3045489,3530454892128309,,35,0,
2166389,3045490,3530454902128309,,35,0,
2166389,3045491,3530454912128309,,35,0,
2166389,3045492,3530454922128309,,35,0,
2166389,3045493,3530454932128309,,35,0,
2166389,3045494,3530454942128309,,35,0,
2166389,3045495,3530454952128309,,35,0,
2166389,3045496,3530454962128309,,35,0,
2166389,3045489,3630454892128309,,36,0,
2166389,3045490,3630454902128309,,36,0,
2166389,3045491,3630454912128309,,36,0,
2166389,3045492,3630454922128309,,36,0,
2166389,3045493,3630454932128309,,36,0,
2166389,3045494,3630454942128309,,36,0,
2166389,3045495,3630454952128309,,36,0,
2166389,3045496,3630454962128309,,36,0,
2166389,3045489,3730454892128309,,37,0,
2166389,3045490,3730454902128309,,37,0,
2166389,3045491,3730454912128309,,37,0,
2166389,3045492,3730454922128309,,37,0,
2166389,3045493,3730454932128309,,37,0,
2166389,3045494,3730454942128309,,37,0,
2166389,3045495,3730454952128309,,37,0,
2166389,3045496,3730454962128309,,37,0,
2166389,3045489,3830454892128309,,38,0,
2166389,3045490,3830454902128309,,38,0,
2166389,3045491,3830454912128309,,38,0,
2166389,3045492,3830454922128309,,38,0,
2166389,3045493,3830454932128309,,38,0,
2166389,3045494,3830454942128309,,38,0,
2166389,3045495,3830454952128309,,38,0,
2166389,3045496,3830454962128309,,38,0,
2166389,3045489,3930454892128309,,39,0,
2166389,3045490,3930454902128309,,39,0,
2166389,3045491,3930454912128309,,39,0,
2166389,3045492,3930454922128309,,39,0,
2166389,3045493,3930454932128309,,39,0,
2166389,3045494,3930454942128309,,39,0,
2166389,3045495,3930454952128309,,39,0,
2166389,3045496,3930454962128309,,39,0,
2166389,3045489,4030454892128309,,40,0,
2166389,3045490,4030454902128309,,40,0,
2166389,3045491,4030454912128309,,40,0,
2166389,3045492,4030454922128309,,40,0,
2166389,3045493,4030454932128309,,40,0,
2166389,3045494,4030454942128309,,40,0,
2166389,3045495,4030454952128309,,40,0,
2166389,3045496,4030454962128309,,40,0,
2166389,3045489,4130454892128309,,41,0,
2166389,3045490,4130454902128309,,41,0,
2166389,3045491,4130454912128309,,41,0,
2166389,3045492,4130454922128309,,41,0,
2166389,3045493,4130454932128309,,41,0,
2166389,3045494,4130454942128309,,41,0,
2166389,3045495,4130454952128309,,41,0,
2166389,3045496,4130454962128309,,41,0,
2166389,3045489,4230454892128309,,42,0,
2166389,3045490,4230454902128309,,42,0,
2166389,3045491,4230454912128309,,42,0,
2166389,3045492,4230454922128309,,42,0,
2166389,3045493,4230454932128309,,42,0,
2166389,3045494,4230454942128309,,42,0,
2166389,3045495,4230454952128309,,42,0,
2166389,3045496,4230454962128309,,42,0,
2166389,3045489,430454892128309,,4,0,
2166389,3045490,430454902128309,,4,0,
2166389,3045491,430454912128309,,4,0,
2166389,3045492,430454922128309,,4,0,
2166389,3045493,430454932128309,,4,0,
2166389,3045494,430454942128309,,4,0,
2166389,3045495,430454952128309,,4,0,
2166389,3045496,430454962128309,,4,0,
2166389,3045489,4330454892128309,,43,0,
2166389,3045490,4330454902128309,,43,0,
2166389,3045491,4330454912128309,,43,0,
2166389,3045492,4330454922128309,,43,0,
2166389,3045493,4330454932128309,,43,0,
2166389,3045494,4330454942128309,,43,0,
2166389,3045495,4330454952128309,,43,0,
2166389,3045496,4330454962128309,,43,0,
2166389,3045489,4430454892128309,,44,0,
2166389,3045490,4430454902128309,,44,0,
2166389,3045491,4430454912128309,,44,0,
2166389,3045492,4430454922128309,,44,0,
2166389,3045493,4430454932128309,,44,0,
2166389,3045494,4430454942128309,,44,0,
2166389,3045495,4430454952128309,,44,0,
2166389,3045496,4430454962128309,,44,0,
2166389,3045489,4530454892128309,,45,0,
2166389,3045490,4530454902128309,,45,0,
2166389,3045491,4530454912128309,,45,0,
2166389,3045492,4530454922128309,,45,0,
2166389,3045493,4530454932128309,,45,0,
2166389,3045494,4530454942128309,,45,0,
2166389,3045495,4530454952128309,,45,0,
2166389,3045496,4530454962128309,,45,0,
2166389,3045489,4630454892128309,,46,0,
2166389,3045490,4630454902128309,,46,0,
2166389,3045491,4630454912128309,,46,0,
2166389,3045492,4630454922128309,,46,0,
2166389,3045493,4630454932128309,,46,0,
2166389,3045494,4630454942128309,,46,0,
2166389,3045495,4630454952128309,,46,0,
2166389,3045496,4630454962128309,,46,0,
2166389,3045489,4730454892128309,,47,0,
2166389,3045490,4730454902128309,,47,0,
2166389,3045491,4730454912128309,,47,0,
2166389,3045492,4730454922128309,,47,0,
2166389,3045493,4730454932128309,,47,0,
2166389,3045494,4730454942128309,,47,0,
2166389,3045495,4730454952128309,,47,0,
2166389,3045496,4730454962128309,,47,0,
2166389,3045489,4830454892128309,,48,0,
2166389,3045490,4830454902128309,,48,0,
2166389,3045491,4830454912128309,,48,0,
2166389,3045492,4830454922128309,,48,0,
2166389,3045493,4830454932128309,,48,0,
2166389,3045494,4830454942128309,,48,0,
2166389,3045495,4830454952128309,,48,0,
2166389,3045496,4830454962128309,,48,0,
2166389,13045489,4930454892128309,,49,0,
2166389,13045490,4930454902128309,,49,0,
2166389,3045491,4930454912128309,,49,0,
2166389,3045492,4930454922128309,,49,0,
2166389,3045493,4930454932128309,,49,0,
2166389,3045494,4930454942128309,,49,0,
2166389,3045495,4930454952128309,,49,0,
2166389,3045496,4930454962128309,,49,0,
2166389,13045489,5030454892128309,,50,0,
2166389,13045490,5030454902128309,,50,0,
2166389,3045491,5030454912128309,,50,0,
2166389,3045492,5030454922128309,,50,0,
2166389,3045493,5030454932128309,,50,0,
2166389,3045494,5030454942128309,,50,0,
2166389,3045495,5030454952128309,,50,0,
2166389,3045496,5030454962128309,,50,0,
2166389,13045489,5130454892128309,,51,0,
2166389,13045490,5130454902128309,,51,0,
2166389,3045491,5130454912128309,,51,0,
2166389,3045492,5130454922128309,,51,0,
2166389,3045493,5130454932128309,,51,0,
2166389,3045494,5130454942128309,,51,0,
2166389,3045495,5130454952128309,,51,0,
2166389,3045496,5130454962128309,,51,0,
2166389,13045489,5230454892128309,,52,0,
2166389,3045491,5230454912128309,,52,0,
2166389,3045492,5230454922128309,,52,0,
2166389,3045493,5230454932128309,,52,0,
2166389,3045494,5230454942128309,,52,0,
2166389,3045495,5230454952128309,,52,0,
2166389,3045496,5230454962128309,,52,0,
2166389,3045489,530454892128309,,5,0,
2166389,3045490,530454902128309,,5,0,
2166389,3045491,530454912128309,,5,0,
2166389,3045492,530454922128309,,5,0,
2166389,3045493,530454932128309,,5,0,
2166389,3045494,530454942128309,,5,0,
2166389,3045495,530454952128309,,5,0,
2166389,3045496,530454962128309,,5,0,
2166389,13045489,5330454892128309,,53,0,
2166389,3045491,5330454912128309,,53,0,
2166389,3045492,5330454922128309,,53,0,
2166389,3045493,5330454932128309,,53,0,
2166389,3045494,5330454942128309,,53,0,
2166389,3045495,5330454952128309,,53,0,
2166389,3045496,5330454962128309,,53,0,
2166389,13045489,5430454892128309,,54,0,
2166389,3045491,5430454912128309,,54,0,
2166389,3045492,5430454922128309,,54,0,
2166389,3045493,5430454932128309,,54,0,
2166389,3045494,5430454942128309,,54,0,
2166389,3045495,5430454952128309,,54,0,
2166389,3045496,5430454962128309,,54,0,
2166389,3045491,5530454912128309,,55,0,
2166389,3045492,5530454922128309,,55,0,
2166389,3045493,5530454932128309,,55,0,
2166389,3045494,5530454942128309,,55,0,
2166389,3045495,5530454952128309,,55,0,
2166389,3045496,5530454962128309,,55,0,
2166389,3045491,5630454912128309,,56,0,
2166389,3045492,5630454922128309,,56,0,
2166389,3045493,5630454932128309,,56,0,
2166389,3045494,5630454942128309,,56,0,
2166389,3045495,5630454952128309,,56,0,
2166389,3045496,5630454962128309,,56,0,
2166389,3045491,5730454912128309,,57,0,
2166389,3045492,5730454922128309,,57,0,
2166389,3045493,5730454932128309,,57,0,
2166389,3045494,5730454942128309,,57,0,
2166389,3045495,5730454952128309,,57,0,
2166389,3045496,5730454962128309,,57,0,
2166389,3045491,5830454912128309,,58,0,
2166389,3045492,5830454922128309,,58,0,
2166389,3045493,5830454932128309,,58,0,
2166389,3045494,5830454942128309,,58,0,
2166389,3045495,5830454952128309,,58,0,
2166389,3045496,5830454962128309,,58,0,
2166389,3045491,5930454912128309,,59,0,
2166389,3045492,5930454922128309,,59,0,
2166389,3045493,5930454932128309,,59,0,
2166389,3045494,5930454942128309,,59,0,
2166389,3045495,5930454952128309,,59,0,
2166389,3045496,5930454962128309,,59,0,
2166389,3045491,6030454912128309,,60,0,
2166389,3045492,6030454922128309,,60,0,
2166389,3045493,6030454932128309,,60,0,
2166389,3045494,6030454942128309,,60,0,
2166389,3045495,6030454952128309,,60,0,
2166389,3045496,6030454962128309,,60,0,
2166389,3045491,6130454912128309,,61,0,
2166389,3045492,6130454922128309,,61,0,
2166389,3045493,6130454932128309,,61,0,
2166389,13045494,6130454942128309,,61,0,
2166389,3045495,6130454952128309,,61,0,
2166389,3045496,6130454962128309,,61,0,
2166389,3045491,6230454912128309,,62,0,
2166389,3045492,6230454922128309,,62,0,
2166389,3045493,6230454932128309,,62,0,
2166389,13045494,6230454942128309,,62,0,
2166389,3045495,6230454952128309,,62,0,
2166389,3045496,6230454962128309,,62,0,
2166389,3045489,630454892128309,,6,0,
2166389,3045490,630454902128309,,6,0,
2166389,3045491,630454912128309,,6,0,
2166389,3045492,630454922128309,,6,0,
2166389,3045493,630454932128309,,6,0,
2166389,3045494,630454942128309,,6,0,
2166389,3045495,630454952128309,,6,0,
2166389,3045496,630454962128309,,6,0,
2166389,3045491,6330454912128309,,63,0,
2166389,3045492,6330454922128309,,63,0,
2166389,3045493,6330454932128309,,63,0,
2166389,13045494,6330454942128309,,63,0,
2166389,3045495,6330454952128309,,63,0,
2166389,3045496,6330454962128309,,63,0,
2166389,3045491,6430454912128309,,64,0,
2166389,3045492,6430454922128309,,64,0,
2166389,3045493,6430454932128309,,64,0,
2166389,13045494,6430454942128309,,64,0,
2166389,3045495,6430454952128309,,64,0,
2166389,3045496,6430454962128309,,64,0,
2166389,3045491,6530454912128309,,65,0,
2166389,3045492,6530454922128309,,65,0,
2166389,3045493,6530454932128309,,65,0,
2166389,13045494,6530454942128309,,65,0,
2166389,3045495,6530454952128309,,65,0,
2166389,3045496,6530454962128309,,65,0,
2166389,3045491,6630454912128309,,66,0,
2166389,3045492,6630454922128309,,66,0,
2166389,3045493,6630454932128309,,66,0,
2166389,13045494,6630454942128309,,66,0,
2166389,3045495,6630454952128309,,66,0,
2166389,3045496,6630454962128309,,66,0,
2166389,3045491,6730454912128309,,67,0,
2166389,3045492,6730454922128309,,67,0,
2166389,3045493,6730454932128309,,67,0,
2166389,3045495,6730454952128309,,67,0,
2166389,3045496,6730454962128309,,67,0,
2166389,3045491,6830454912128309,,68,0,
2166389,3045492,6830454922128309,,68,0,
2166389,3045493,6830454932128309,,68,0,
2166389,3045495,6830454952128309,,68,0,
2166389,3045496,6830454962128309,,68,0,
2166389,3045491,6930454912128309,,69,0,
2166389,3045492,6930454922128309,,69,0,
2166389,3045493,6930454932128309,,69,0,
2166389,3045495,6930454952128309,,69,0,
2166389,3045496,6930454962128309,,69,0,
2166389,3045491,7030454912128309,,70,0,
2166389,3045492,7030454922128309,,70,0,
2166389,3045493,7030454932128309,,70,0,
2166389,3045495,7030454952128309,,70,0,
2166389,3045496,7030454962128309,,70,0,
2166389,3045491,7130454912128309,,71,0,
2166389,3045492,7130454922128309,,71,0,
2166389,3045493,7130454932128309,,71,0,
2166389,3045495,7130454952128309,,71,0,
2166389,3045496,7130454962128309,,71,0,
2166389,3045491,7230454912128309,,72,0,
2166389,3045492,7230454922128309,,72,0,
2166389,3045493,7230454932128309,,72,0,
2166389,3045495,7230454952128309,,72,0,
2166389,3045496,7230454962128309,,72,0,
2166389,3045489,730454892128309,,7,0,
2166389,3045490,730454902128309,,7,0,
2166389,3045491,730454912128309,,7,0,
2166389,3045492,730454922128309,,7,0,
2166389,3045493,730454932128309,,7,0,
2166389,3045494,730454942128309,,7,0,
2166389,3045495,730454952128309,,7,0,
2166389,3045496,730454962128309,,7,0,
2166389,3045491,7330454912128309,,73,0,
2166389,3045492,7330454922128309,,73,0,
2166389,3045493,7330454932128309,,73,0,
2166389,3045495,7330454952128309,,73,0,
2166389,3045496,7330454962128309,,73,0,
2166389,3045491,7430454912128309,,74,0,
2166389,3045492,7430454922128309,,74,0,
2166389,3045493,7430454932128309,,74,0,
2166389,3045495,7430454952128309,,74,0,
2166389,3045496,7430454962128309,,74,0,
2166389,3045491,7530454912128309,,75,0,
2166389,3045492,7530454922128309,,75,0,
2166389,3045493,7530454932128309,,75,0,
2166389,3045495,7530454952128309,,75,0,
2166389,3045496,7530454962128309,,75,0,
2166389,3045491,7630454912128309,,76,0,
2166389,3045492,7630454922128309,,76,0,
2166389,3045493,7630454932128309,,76,0,
2166389,3045495,7630454952128309,,76,0,
2166389,3045496,7630454962128309,,76,0,
2166389,3045491,7730454912128309,,77,0,
2166389,3045492,7730454922128309,,77,0,
2166389,3045493,7730454932128309,,77,0,
2166389,3045495,7730454952128309,,77,0,
2166389,3045496,7730454962128309,,77,0,
2166389,3045491,7830454912128309,,78,0,
2166389,3045492,7830454922128309,,78,0,
2166389,3045493,7830454932128309,,78,0,
2166389,3045495,7830454952128309,,78,0,
2166389,3045496,7830454962128309,,78,0,
2166389,13045491,7930454912128309,,79,0,
2166389,3045492,7930454922128309,,79,0,
2166389,3045493,7930454932128309,,79,0,
2166389,3045495,7930454952128309,,79,0,
2166389,13045496,7930454962128309,,79,0,
2166389,13045491,8030454912128309,,80,0,
2166389,13045492,8030454922128309,,80,0,
2166389,13045493,8030454932128309,,80,0,
2166389,13045495,8030454952128309,,80,0,
2166389,13045496,8030454962128309,,80,0,
2166389,13045491,8130454912128309,,81,0,
2166389,13045492,8130454922128309,,81,0,
2166389,13045493,8130454932128309,,81,0,
2166389,13045495,8130454952128309,,81,0,
2166389,13045496,8130454962128309,,81,0,
2166389,13045492,8230454922128309,,82,0,
2166389,13045493,8230454932128309,,82,0,
2166389,13045495,8230454952128309,,82,0,
2166389,13045496,8230454962128309,,82,0,
2166389,3045489,830454892128309,,8,0,
2166389,3045490,830454902128309,,8,0,
2166389,3045491,830454912128309,,8,0,
2166389,3045492,830454922128309,,8,0,
2166389,3045493,830454932128309,,8,0,
2166389,3045494,830454942128309,,8,0,
2166389,3045495,830454952128309,,8,0,
2166389,3045496,830454962128309,,8,0,
2166389,13045495,8330454952128309,,83,0,
2166389,13045496,8330454962128309,,83,0,
2166389,13045495,8430454952128309,,84,0,
2166389,13045496,8430454962128309,,84,0,
2166389,13045495,8530454952128309,,85,0,
2166389,3045489,930454892128309,,9,0,
2166389,3045490,930454902128309,,9,0,
2166389,3045491,930454912128309,,9,0,
2166389,3045492,930454922128309,,9,0,
2166389,3045493,930454932128309,,9,0,
2166389,3045494,930454942128309,,9,0,
2166389,3045495,930454952128309,,9,0,
2166389,3045496,930454962128309,,9,0,
2166389,3045492,1030454922128311,,10,0,
2166389,3045493,1030454932128311,,10,0,
2166389,3045495,1030454952128311,,10,0,
2166389,3045492,1130454922128311,,11,0,
2166389,3045493,1130454932128311,,11,0,
2166389,3045495,1130454952128311,,11,0,
2166389,3045491,130454912128311,,1,0,
2166389,3045492,130454922128311,,1,0,
2166389,3045493,130454932128311,,1,0,
2166389,3045494,130454942128311,,1,0,
2166389,3045495,130454952128311,,1,0,
2166389,3045496,130454962128311,,1,0,
2166389,3045491,230454912128311,,2,0,
2166389,3045492,230454922128311,,2,0,
2166389,3045493,230454932128311,,2,0,
2166389,3045494,230454942128311,,2,0,
2166389,3045495,230454952128311,,2,0,
2166389,3045496,230454962128311,,2,0,
2166389,3045492,330454922128311,,3,0,
2166389,3045493,330454932128311,,3,0,
2166389,3045495,330454952128311,,3,0,
2166389,3045492,430454922128311,,4,0,
2166389,3045493,430454932128311,,4,0,
2166389,3045495,430454952128311,,4,0,
2166389,3045492,530454922128311,,5,0,
2166389,3045493,530454932128311,,5,0,
2166389,3045495,530454952128311,,5,0,
2166389,3045492,630454922128311,,6,0,
2166389,3045493,630454932128311,,6,0,
2166389,3045495,630454952128311,,6,0,
2166389,3045492,730454922128311,,7,0,
2166389,3045493,730454932128311,,7,0,
2166389,3045495,730454952128311,,7,0,
2166389,3045492,830454922128311,,8,0,
2166389,3045493,830454932128311,,8,0,
2166389,3045495,830454952128311,,8,0,
2166389,3045492,930454922128311,,9,0,
2166389,3045493,930454932128311,,9,0,
2166389,3045495,930454952128311,,9,0,
2166390,3045489,1030454892128308,,10,1,
2166390,3045490,1030454902128308,,10,1,
2166390,3045491,1030454912128308,,10,1,
2166390,3045492,1030454922128308,,10,1,
2166390,3045493,1030454932128308,,10,1,
2166390,3045494,1030454942128308,,10,1,
2166390,3045495,1030454952128308,,10,1,
2166390,3045496,1030454962128308,,10,1,
2166390,3045489,1130454892128308,,11,1,
2166390,3045490,1130454902128308,,11,1,
2166390,3045491,1130454912128308,,11,1,
2166390,3045492,1130454922128308,,11,1,
2166390,3045493,1130454932128308,,11,1,
2166390,3045494,1130454942128308,,11,1,
2166390,3045495,1130454952128308,,11,1,
2166390,3045496,1130454962128308,,11,1,
2166390,3045489,1230454892128308,,12,1,
2166390,3045490,1230454902128308,,12,1,
2166390,3045491,1230454912128308,,12,1,
2166390,3045492,1230454922128308,,12,1,
2166390,3045493,1230454932128308,,12,1,
2166390,3045494,1230454942128308,,12,1,
2166390,3045495,1230454952128308,,12,1,
2166390,3045496,1230454962128308,,12,1,
2166390,3045489,130454892128308,,1,1,
2166390,3045490,130454902128308,,1,1,
2166390,3045491,130454912128308,,1,1,
2166390,3045492,130454922128308,,1,1,
2166390,3045493,130454932128308,,1,1,
2166390,3045494,130454942128308,,1,1,
2166390,3045495,130454952128308,,1,1,
2166390,3045496,130454962128308,,1,1,
2166390,3045489,1330454892128308,,13,1,
2166390,3045490,1330454902128308,,13,1,
2166390,3045491,1330454912128308,,13,1,
2166390,3045492,1330454922128308,,13,1,
2166390,3045493,1330454932128308,,13,1,
2166390,3045494,1330454942128308,,13,1,
2166390,3045495,1330454952128308,,13,1,
2166390,3045496,1330454962128308,,13,1,
2166390,3045489,1430454892128308,,14,1,
2166390,3045490,1430454902128308,,14,1,
2166390,3045491,1430454912128308,,14,1,
2166390,3045492,1430454922128308,,14,1,
2166390,3045493,1430454932128308,,14,1,
2166390,3045494,1430454942128308,,14,1,
2166390,3045495,1430454952128308,,14,1,
2166390,3045496,1430454962128308,,14,1,
2166390,3045489,1530454892128308,,15,1,
2166390,3045490,1530454902128308,,15,1,
2166390,3045491,1530454912128308,,15,1,
2166390,3045492,1530454922128308,,15,1,
2166390,3045493,1530454932128308,,15,1,
2166390,3045494,1530454942128308,,15,1,
2166390,3045495,1530454952128308,,15,1,
2166390,3045496,1530454962128308,,15,1,
2166390,3045489,1630454892128308,,16,1,
2166390,3045490,1630454902128308,,16,1,
2166390,3045491,1630454912128308,,16,1,
2166390,3045492,1630454922128308,,16,1,
2166390,3045493,1630454932128308,,16,1,
2166390,3045494,1630454942128308,,16,1,
2166390,3045495,1630454952128308,,16,1,
2166390,3045496,1630454962128308,,16,1,
2166390,3045489,1730454892128308,,17,1,
2166390,3045490,1730454902128308,,17,1,
2166390,3045491,1730454912128308,,17,1,
2166390,3045492,1730454922128308,,17,1,
2166390,3045493,1730454932128308,,17,1,
2166390,3045494,1730454942128308,,17,1,
2166390,3045495,1730454952128308,,17,1,
2166390,3045496,1730454962128308,,17,1,
2166390,3045489,1830454892128308,,18,1,
2166390,3045490,1830454902128308,,18,1,
2166390,3045491,1830454912128308,,18,1,
2166390,3045492,1830454922128308,,18,1,
2166390,3045493,1830454932128308,,18,1,
2166390,3045494,1830454942128308,,18,1,
2166390,3045495,1830454952128308,,18,1,
2166390,3045496,1830454962128308,,18,1,
2166390,3045489,1930454892128308,,19,1,
2166390,3045490,1930454902128308,,19,1,
2166390,3045491,1930454912128308,,19,1,
2166390,3045492,1930454922128308,,19,1,
2166390,3045493,1930454932128308,,19,1,
2166390,3045494,1930454942128308,,19,1,
2166390,3045495,1930454952128308,,19,1,
2166390,3045496,1930454962128308,,19,1,
2166390,3045489,2030454892128308,,20,1,
2166390,3045490,2030454902128308,,20,1,
2166390,3045491,2030454912128308,,20,1,
2166390,3045492,2030454922128308,,20,1,
2166390,3045493,2030454932128308,,20,1,
2166390,3045494,2030454942128308,,20,1,
2166390,3045495,2030454952128308,,20,1,
2166390,3045496,2030454962128308,,20,1,
2166390,3045489,2130454892128308,,21,1,
2166390,3045490,2130454902128308,,21,1,
2166390,3045491,2130454912128308,,21,1,
2166390,3045492,2130454922128308,,21,1,
2166390,3045493,2130454932128308,,21,1,
2166390,3045494,2130454942128308,,21,1,
2166390,3045495,2130454952128308,,21,1,
2166390,3045496,2130454962128308,,21,1,
2166390,3045489,2230454892128308,,22,1,
2166390,3045490,2230454902128308,,22,1,
2166390,3045491,2230454912128308,,22,1,
2166390,3045492,2230454922128308,,22,1,
2166390,3045493,2230454932128308,,22,1,
2166390,3045494,2230454942128308,,22,1,
2166390,3045495,2230454952128308,,22,1,
2166390,3045496,2230454962128308,,22,1,
2166390,3045489,230454892128308,,2,1,
2166390,3045490,230454902128308,,2,1,
2166390,3045491,230454912128308,,2,1,
2166390,3045492,230454922128308,,2,1,
2166390,3045493,230454932128308,,2,1,
2166390,3045494,230454942128308,,2,1,
2166390,3045495,230454952128308,,2,1,
2166390,3045496,230454962128308,,2,1,
2166390,3045489,2330454892128308,,23,1,
2166390,3045490,2330454902128308,,23,1,
2166390,3045491,2330454912128308,,23,1,
2166390,3045492,2330454922128308,,23,1,
2166390,3045493,2330454932128308,,23,1,
2166390,3045494,2330454942128308,,23,1,
2166390,3045495,2330454952128308,,23,1,
2166390,3045496,2330454962128308,,23,1,
2166390,3045489,2430454892128308,,24,1,
2166390,3045490,2430454902128308,,24,1,
2166390,3045491,2430454912128308,,24,1,
2166390,3045492,2430454922128308,,24,1,
2166390,3045493,2430454932128308,,24,1,
2166390,3045494,2430454942128308,,24,1,
2166390,3045495,2430454952128308,,24,1,
2166390,3045496,2430454962128308,,24,1,
2166390,3045489,2530454892128308,,25,1,
2166390,3045490,2530454902128308,,25,1,
2166390,3045491,2530454912128308,,25,1,
2166390,3045492,2530454922128308,,25,1,
2166390,3045493,2530454932128308,,25,1,
2166390,3045494,2530454942128308,,25,1,
2166390,3045495,2530454952128308,,25,1,
2166390,3045496,2530454962128308,,25,1,
2166390,3045489,2630454892128308,,26,1,
2166390,3045490,2630454902128308,,26,1,
2166390,3045491,2630454912128308,,26,1,
2166390,3045492,2630454922128308,,26,1,
2166390,3045493,2630454932128308,,26,1,
2166390,3045494,2630454942128308,,26,1,
2166390,3045495,2630454952128308,,26,1,
2166390,3045496,2630454962128308,,26,1,
2166390,3045489,2730454892128308,,27,1,
2166390,3045490,2730454902128308,,27,1,
2166390,3045491,2730454912128308,,27,1,
2166390,3045492,2730454922128308,,27,1,
2166390,3045493,2730454932128308,,27,1,
2166390,3045494,2730454942128308,,27,1,
2166390,3045495,2730454952128308,,27,1,
2166390,3045496,2730454962128308,,27,1,
2166390,3045489,2830454892128308,,28,1,
2166390,3045490,2830454902128308,,28,1,
2166390,3045491,2830454912128308,,28,1,
2166390,3045492,2830454922128308,,28,1,
2166390,3045493,2830454932128308,,28,1,
2166390,3045494,2830454942128308,,28,1,
2166390,3045495,2830454952128308,,28,1,
2166390,3045496,2830454962128308,,28,1,
2166390,3045489,2930454892128308,,29,1,
2166390,3045490,2930454902128308,,29,1,
2166390,3045491,2930454912128308,,29,1,
2166390,3045492,2930454922128308,,29,1,
2166390,3045493,2930454932128308,,29,1,
2166390,3045494,2930454942128308,,29,1,
2166390,3045495,2930454952128308,,29,1,
2166390,3045496,2930454962128308,,29,1,
2166390,3045489,3030454892128308,,30,1,
2166390,3045490,3030454902128308,,30,1,
2166390,3045491,3030454912128308,,30,1,
2166390,3045492,3030454922128308,,30,1,
2166390,3045493,3030454932128308,,30,1,
2166390,3045494,3030454942128308,,30,1,
2166390,3045495,3030454952128308,,30,1,
2166390,3045496,3030454962128308,,30,1,
2166390,3045489,3130454892128308,,31,1,
2166390,3045490,3130454902128308,,31,1,
2166390,3045491,3130454912128308,,31,1,
2166390,3045492,3130454922128308,,31,1,
2166390,3045493,3130454932128308,,31,1,
2166390,3045494,3130454942128308,,31,1,
2166390,3045495,3130454952128308,,31,1,
2166390,3045496,3130454962128308,,31,1,
2166390,3045489,3230454892128308,,32,1,
2166390,3045490,3230454902128308,,32,1,
2166390,3045491,3230454912128308,,32,1,
2166390,3045492,3230454922128308,,32,1,
2166390,3045493,3230454932128308,,32,1,
2166390,3045494,3230454942128308,,32,1,
2166390,3045495,3230454952128308,,32,1,
2166390,3045496,3230454962128308,,32,1,
2166390,3045489,330454892128308,,3,1,
2166390,3045490,330454902128308,,3,1,
2166390,3045491,330454912128308,,3,1,
2166390,3045492,330454922128308,,3,1,
2166390,3045493,330454932128308,,3,1,
2166390,3045494,330454942128308,,3,1,
2166390,3045495,330454952128308,,3,1,
2166390,3045496,330454962128308,,3,1,
2166390,3045489,3330454892128308,,33,1,
2166390,3045490,3330454902128308,,33,1,
2166390,3045491,3330454912128308,,33,1,
2166390,3045492,3330454922128308,,33,1,
2166390,3045493,3330454932128308,,33,1,
2166390,3045494,3330454942128308,,33,1,
2166390,3045495,3330454952128308,,33,1,
2166390,3045496,3330454962128308,,33,1,
2166390,3045489,3430454892128308,,34,1,
2166390,3045490,3430454902128308,,34,1,
2166390,3045491,3430454912128308,,34,1,
2166390,3045492,3430454922128308,,34,1,
2166390,3045493,3430454932128308,,34,1,
2166390,3045494,3430454942128308,,34,1,
2166390,3045495,3430454952128308,,34,1,
2166390,3045496,3430454962128308,,34,1,
2166390,3045489,3530454892128308,,35,1,
2166390,3045490,3530454902128308,,35,1,
2166390,3045491,3530454912128308,,35,1,
2166390,3045492,3530454922128308,,35,1,
2166390,3045493,3530454932128308,,35,1,
2166390,3045494,3530454942128308,,35,1,
2166390,3045495,3530454952128308,,35,1,
2166390,3045496,3530454962128308,,35,1,
2166390,3045489,3630454892128308,,36,1,
2166390,3045490,3630454902128308,,36,1,
2166390,3045491,3630454912128308,,36,1,
2166390,3045492,3630454922128308,,36,1,
2166390,3045493,3630454932128308,,36,1,
2166390,3045494,3630454942128308,,36,1,
2166390,3045495,3630454952128308,,36,1,
2166390,3045496,3630454962128308,,36,1,
2166390,3045489,3730454892128308,,37,1,
2166390,3045490,3730454902128308,,37,1,
2166390,3045491,3730454912128308,,37,1,
2166390,3045492,3730454922128308,,37,1,
2166390,3045493,3730454932128308,,37,1,
2166390,3045494,3730454942128308,,37,1,
2166390,3045495,3730454952128308,,37,1,
2166390,3045496,3730454962128308,,37,1,
2166390,3045489,3830454892128308,,38,1,
2166390,3045490,3830454902128308,,38,1,
2166390,3045491,3830454912128308,,38,1,
2166390,3045492,3830454922128308,,38,1,
2166390,3045493,3830454932128308,,38,1,
2166390,3045494,3830454942128308,,38,1,
2166390,3045495,3830454952128308,,38,1,
2166390,3045496,3830454962128308,,38,1,
2166390,3045489,3930454892128308,,39,1,
2166390,3045490,3930454902128308,,39,1,
2166390,3045491,3930454912128308,,39,1,
2166390,3045492,3930454922128308,,39,1,
2166390,3045493,3930454932128308,,39,1,
2166390,3045494,3930454942128308,,39,1,
2166390,3045495,3930454952128308,,39,1,
2166390,3045496,3930454962128308,,39,1,
2166390,3045489,4030454892128308,,40,1,
2166390,3045490,4030454902128308,,40,1,
2166390,3045491,4030454912128308,,40,1,
2166390,3045492,4030454922128308,,40,1,
2166390,3045493,4030454932128308,,40,1,
2166390,3045494,4030454942128308,,40,1,
2166390,3045495,4030454952128308,,40,1,
2166390,3045496,4030454962128308,,40,1,
2166390,3045489,4130454892128308,,41,1,
2166390,3045490,4130454902128308,,41,1,
2166390,3045491,4130454912128308,,41,1,
2166390,3045492,4130454922128308,,41,1,
2166390,3045493,4130454932128308,,41,1,
2166390,3045494,4130454942128308,,41,1,
2166390,3045495,4130454952128308,,41,1,
2166390,3045496,4130454962128308,,41,1,
2166390,3045489,4230454892128308,,42,1,
2166390,3045490,4230454902128308,,42,1,
2166390,3045491,4230454912128308,,42,1,
2166390,3045492,4230454922128308,,42,1,
2166390,3045493,4230454932128308,,42,1,
2166390,3045494,4230454942128308,,42,1,
2166390,3045495,4230454952128308,,42,1,
2166390,3045496,4230454962128308,,42,1,
2166390,3045489,430454892128308,,4,1,
2166390,3045490,430454902128308,,4,1,
2166390,3045491,430454912128308,,4,1,
2166390,3045492,430454922128308,,4,1,
2166390,3045493,430454932128308,,4,1,
2166390,3045494,430454942128308,,4,1,
2166390,3045495,430454952128308,,4,1,
2166390,3045496,430454962128308,,4,1,
2166390,3045489,4330454892128308,,43,1,
2166390,3045490,4330454902128308,,43,1,
2166390,3045491,4330454912128308,,43,1,
2166390,3045492,4330454922128308,,43,1,
2166390,3045493,4330454932128308,,43,1,
2166390,3045494,4330454942128308,,43,1,
2166390,3045495,4330454952128308,,43,1,
2166390,3045496,4330454962128308,,43,1,
2166390,3045489,4430454892128308,,44,1,
2166390,3045490,4430454902128308,,44,1,
2166390,3045491,4430454912128308,,44,1,
2166390,3045492,4430454922128308,,44,1,
2166390,3045493,4430454932128308,,44,1,
2166390,3045494,4430454942128308,,44,1,
2166390,3045495,4430454952128308,,44,1,
2166390,3045496,4430454962128308,,44,1,
2166390,3045489,4530454892128308,,45,1,
2166390,3045490,4530454902128308,,45,1,
2166390,3045491,4530454912128308,,45,1,
2166390,3045492,4530454922128308,,45,1,
2166390,3045493,4530454932128308,,45,1,
2166390,3045494,4530454942128308,,45,1,
2166390,3045495,4530454952128308,,45,1,
2166390,3045496,4530454962128308,,45,1,
2166390,3045489,4630454892128308,,46,1,
2166390,3045490,4630454902128308,,46,1,
2166390,3045491,4630454912128308,,46,1,
2166390,3045492,4630454922128308,,46,1,
2166390,3045493,4630454932128308,,46,1,
2166390,3045494,4630454942128308,,46,1,
2166390,3045495,4630454952128308,,46,1,
2166390,3045496,4630454962128308,,46,1,
2166390,3045489,4730454892128308,,47,1,
2166390,3045490,4730454902128308,,47,1,
2166390,3045491,4730454912128308,,47,1,
2166390,3045492,4730454922128308,,47,1,
2166390,3045493,4730454932128308,,47,1,
2166390,3045494,4730454942128308,,47,1,
2166390,3045495,4730454952128308,,47,1,
2166390,3045496,4730454962128308,,47,1,
2166390,3045489,4830454892128308,,48,1,
2166390,3045490,4830454902128308,,48,1,
2166390,3045491,4830454912128308,,48,1,
2166390,3045492,4830454922128308,,48,1,
2166390,3045493,4830454932128308,,48,1,
2166390,3045494,4830454942128308,,48,1,
2166390,3045495,4830454952128308,,48,1,
2166390,3045496,4830454962128308,,48,1,
2166390,3045489,4930454892128308,,49,1,
2166390,3045490,4930454902128308,,49,1,
2166390,3045491,4930454912128308,,49,1,
2166390,3045492,4930454922128308,,49,1,
2166390,3045493,4930454932128308,,49,1,
2166390,3045494,4930454942128308,,49,1,
2166390,3045495,4930454952128308,,49,1,
2166390,3045496,4930454962128308,,49,1,
2166390,13045489,5030454892128308,,50,1,
2166390,13045490,5030454902128308,,50,1,
2166390,3045491,5030454912128308,,50,1,
2166390,3045492,5030454922128308,,50,1,
2166390,3045493,5030454932128308,,50,1,
2166390,3045494,5030454942128308,,50,1,
2166390,3045495,5030454952128308,,50,1,
2166390,3045496,5030454962128308,,50,1,
2166390,13045489,5130454892128308,,51,1,
2166390,13045490,5130454902128308,,51,1,
2166390,3045491,5130454912128308,,51,1,
2166390,3045492,5130454922128308,,51,1,
2166390,3045493,5130454932128308,,51,1,
2166390,3045494,5130454942128308,,51,1,
2166390,3045495,5130454952128308,,51,1,
2166390,3045496,5130454962128308,,51,1,
2166390,13045489,5230454892128308,,52,1,
2166390,13045490,5230454902128308,,52,1,
2166390,3045491,5230454912128308,,52,1,
2166390,3045492,5230454922128308,,52,1,
2166390,3045493,5230454932128308,,52,1,
2166390,3045494,5230454942128308,,52,1,
2166390,3045495,5230454952128308,,52,1,
2166390,3045496,5230454962128308,,52,1,
2166390,3045489,530454892128308,,5,1,
2166390,3045490,530454902128308,,5,1,
2166390,3045491,530454912128308,,5,1,
2166390,3045492,530454922128308,,5,1,
2166390,3045493,530454932128308,,5,1,
2166390,3045494,530454942128308,,5,1,
2166390,3045495,530454952128308,,5,1,
2166390,3045496,530454962128308,,5,1,
2166390,13045489,5330454892128308,,53,1,
2166390,3045491,5330454912128308,,53,1,
2166390,3045492,5330454922128308,,53,1,
2166390,3045493,5330454932128308,,53,1,
2166390,3045494,5330454942128308,,53,1,
2166390,3045495,5330454952128308,,53,1,
2166390,3045496,5330454962128308,,53,1,
2166390,13045489,5430454892128308,,54,1,
2166390,3045491,5430454912128308,,54,1,
2166390,3045492,5430454922128308,,54,1,
2166390,3045493,5430454932128308,,54,1,
2166390,3045494,5430454942128308,,54,1,
2166390,3045495,5430454952128308,,54,1,
2166390,3045496,5430454962128308,,54,1,
2166390,3045491,5530454912128308,,55,1,
2166390,3045492,5530454922128308,,55,1,
2166390,3045493,5530454932128308,,55,1,
2166390,3045494,5530454942128308,,55,1,
2166390,3045495,5530454952128308,,55,1,
2166390,3045496,5530454962128308,,55,1,
2166390,3045491,5630454912128308,,56,1,
2166390,3045492,5630454922128308,,56,1,
2166390,3045493,5630454932128308,,56,1,
2166390,3045494,5630454942128308,,56,1,
2166390,3045495,5630454952128308,,56,1,
2166390,3045496,5630454962128308,,56,1,
2166390,3045491,5730454912128308,,57,1,
2166390,3045492,5730454922128308,,57,1,
2166390,3045493,5730454932128308,,57,1,
2166390,3045494,5730454942128308,,57,1,
2166390,3045495,5730454952128308,,57,1,
2166390,3045496,5730454962128308,,57,1,
2166390,3045491,5830454912128308,,58,1,
2166390,3045492,5830454922128308,,58,1,
2166390,3045493,5830454932128308,,58,1,
2166390,3045494,5830454942128308,,58,1,
2166390,3045495,5830454952128308,,58,1,
2166390,3045496,5830454962128308,,58,1,
2166390,3045491,5930454912128308,,59,1,
2166390,3045492,5930454922128308,,59,1,
2166390,3045493,5930454932128308,,59,1,
2166390,3045494,5930454942128308,,59,1,
2166390,3045495,5930454952128308,,59,1,
2166390,3045496,5930454962128308,,59,1,
2166390,3045491,6030454912128308,,60,1,
2166390,3045492,6030454922128308,,60,1,
2166390,3045493,6030454932128308,,60,1,
2166390,3045494,6030454942128308,,60,1,
2166390,3045495,6030454952128308,,60,1,
2166390,3045496,6030454962128308,,60,1,
2166390,3045491,6130454912128308,,61,1,
2166390,3045492,6130454922128308,,61,1,
2166390,3045493,6130454932128308,,61,1,
2166390,3045494,6130454942128308,,61,1,
2166390,3045495,6130454952128308,,61,1,
2166390,3045496,6130454962128308,,61,1,
2166390,3045491,6230454912128308,,62,1,
2166390,3045492,6230454922128308,,62,1,
2166390,3045493,6230454932128308,,62,1,
2166390,3045494,6230454942128308,,62,1,
2166390,3045495,6230454952128308,,62,1,
2166390,3045496,6230454962128308,,62,1,
2166390,3045489,630454892128308,,6,1,
2166390,3045490,630454902128308,,6,1,
2166390,3045491,630454912128308,,6,1,
2166390,3045492,630454922128308,,6,1,
2166390,3045493,630454932128308,,6,1,
2166390,3045494,630454942128308,,6,1,
2166390,3045495,630454952128308,,6,1,
2166390,3045496,630454962128308,,6,1,
2166390,3045491,6330454912128308,,63,1,
2166390,3045492,6330454922128308,,63,1,
2166390,3045493,6330454932128308,,63,1,
2166390,3045494,6330454942128308,,63,1,
2166390,3045495,6330454952128308,,63,1,
2166390,3045496,6330454962128308,,63,1,
2166390,3045491,6430454912128308,,64,1,
2166390,3045492,6430454922128308,,64,1,
2166390,3045493,6430454932128308,,64,1,
2166390,13045494,6430454942128308,,64,1,
2166390,3045495,6430454952128308,,64,1,
2166390,3045496,6430454962128308,,64,1,
2166390,3045491,6530454912128308,,65,1,
2166390,3045492,6530454922128308,,65,1,
2166390,3045493,6530454932128308,,65,1,
2166390,13045494,6530454942128308,,65,1,
2166390,3045495,6530454952128308,,65,1,
2166390,3045496,6530454962128308,,65,1,
2166390,3045491,6630454912128308,,66,1,
2166390,3045492,6630454922128308,,66,1,
2166390,3045493,6630454932128308,,66,1,
2166390,13045494,6630454942128308,,66,1,
2166390,3045495,6630454952128308,,66,1,
2166390,3045496,6630454962128308,,66,1,
2166390,3045491,6730454912128308,,67,1,
2166390,3045492,6730454922128308,,67,1,
2166390,3045493,6730454932128308,,67,1,
2166390,13045494,6730454942128308,,67,1,
2166390,3045495,6730454952128308,,67,1,
2166390,3045496,6730454962128308,,67,1,
2166390,3045491,6830454912128308,,68,1,
2166390,3045492,6830454922128308,,68,1,
2166390,3045493,6830454932128308,,68,1,
2166390,13045494,6830454942128308,,68,1,
2166390,3045495,6830454952128308,,68,1,
2166390,3045496,6830454962128308,,68,1,
2166390,3045491,6930454912128308,,69,1,
2166390,3045492,6930454922128308,,69,1,
2166390,3045493,6930454932128308,,69,1,
2166390,3045495,6930454952128308,,69,1,
2166390,3045496,6930454962128308,,69,1,
2166390,3045491,7030454912128308,,70,1,
2166390,3045492,7030454922128308,,70,1,
2166390,3045493,7030454932128308,,70,1,
2166390,3045495,7030454952128308,,70,1,
2166390,3045496,7030454962128308,,70,1,
2166390,3045491,7130454912128308,,71,1,
2166390,3045492,7130454922128308,,71,1,
2166390,3045493,7130454932128308,,71,1,
2166390,3045495,7130454952128308,,71,1,
2166390,3045496,7130454962128308,,71,1,
2166390,3045491,7230454912128308,,72,1,
2166390,3045492,7230454922128308,,72,1,
2166390,3045493,7230454932128308,,72,1,
2166390,3045495,7230454952128308,,72,1,
2166390,3045496,7230454962128308,,72,1,
2166390,3045489,730454892128308,,7,1,
2166390,3045490,730454902128308,,7,1,
2166390,3045491,730454912128308,,7,1,
2166390,3045492,730454922128308,,7,1,
2166390,3045493,730454932128308,,7,1,
2166390,3045494,730454942128308,,7,1,
2166390,3045495,730454952128308,,7,1,
2166390,3045496,730454962128308,,7,1,
2166390,3045491,7330454912128308,,73,1,
2166390,3045492,7330454922128308,,73,1,
2166390,3045493,7330454932128308,,73,1,
2166390,3045495,7330454952128308,,73,1,
2166390,3045496,7330454962128308,,73,1,
2166390,3045491,7430454912128308,,74,1,
2166390,3045492,7430454922128308,,74,1,
2166390,3045493,7430454932128308,,74,1,
2166390,3045495,7430454952128308,,74,1,
2166390,3045496,7430454962128308,,74,1,
2166390,3045491,7530454912128308,,75,1,
2166390,3045492,7530454922128308,,75,1,
2166390,3045493,7530454932128308,,75,1,
2166390,3045495,7530454952128308,,75,1,
2166390,3045496,7530454962128308,,75,1,
2166390,3045491,7630454912128308,,76,1,
2166390,3045492,7630454922128308,,76,1,
2166390,3045493,7630454932128308,,76,1,
2166390,3045495,7630454952128308,,76,1,
2166390,3045496,7630454962128308,,76,1,
2166390,3045491,7730454912128308,,77,1,
2166390,3045492,7730454922128308,,77,1,
2166390,3045493,7730454932128308,,77,1,
2166390,3045495,7730454952128308,,77,1,
2166390,3045496,7730454962128308,,77,1,
2166390,3045491,7830454912128308,,78,1,
2166390,3045492,7830454922128308,,78,1,
2166390,3045493,7830454932128308,,78,1,
2166390,3045495,7830454952128308,,78,1,
2166390,3045496,7830454962128308,,78,1,
2166390,3045491,7930454912128308,,79,1,
2166390,13045492,7930454922128308,,79,1,
2166390,13045493,7930454932128308,,79,1,
2166390,13045495,7930454952128308,,79,1,
2166390,3045496,7930454962128308,,79,1,
2166390,13045491,8030454912128308,,80,1,
2166390,13045492,8030454922128308,,80,1,
2166390,13045493,8030454932128308,,80,1,
2166390,13045495,8030454952128308,,80,1,
2166390,13045496,8030454962128308,,80,1,
2166390,13045491,8130454912128308,,81,1,
2166390,13045492,8130454922128308,,81,1,
2166390,13045493,8130454932128308,,81,1,
2166390,13045495,8130454952128308,,81,1,
2166390,13045496,8130454962128308,,81,1,
2166390,13045491,8230454912128308,,82,1,
2166390,13045495,8230454952128308,,82,1,
2166390,13045496,8230454962128308,,82,1,
2166390,3045489,830454892128308,,8,1,
2166390,3045490,830454902128308,,8,1,
2166390,3045491,830454912128308,,8,1,
2166390,3045492,830454922128308,,8,1,
2166390,3045493,830454932128308,,8,1,
2166390,3045494,830454942128308,,8,1,
2166390,3045495,830454952128308,,8,1,
2166390,3045496,830454962128308,,8,1,
2166390,13045495,8330454952128308,,83,1,
2166390,13045496,8330454962128308,,83,1,
2166390,13045496,8430454962128308,,84,1,
2166390,3045489,930454892128308,,9,1,
2166390,3045490,930454902128308,,9,1,
2166390,3045491,930454912128308,,9,1,
2166390,3045492,930454922128308,,9,1,
2166390,3045493,930454932128308,,9,1,
2166390,3045494,930454942128308,,9,1,
2166390,3045495,930454952128308,,9,1,
2166390,3045496,930454962128308,,9,1,
2166390,3045492,1030454922128310,,10,1,
2166390,3045493,1030454932128310,,10,1,
2166390,3045495,1030454952128310,,10,1,
2166390,3045492,1130454922128310,,11,1,
2166390,3045493,1130454932128310,,11,1,
2166390,3045495,1130454952128310,,11,1,
2166390,3045492,1230454922128310,,12,1,
2166390,3045493,1230454932128310,,12,1,
2166390,3045495,1230454952128310,,12,1,
2166390,3045491,130454912128310,,1,1,
2166390,3045492,130454922128310,,1,1,
2166390,3045493,130454932128310,,1,1,
2166390,3045494,130454942128310,,1,1,
2166390,3045495,130454952128310,,1,1,
2166390,3045496,130454962128310,,1,1,
2166390,3045492,1330454922128310,,13,1,
2166390,3045493,1330454932128310,,13,1,
2166390,3045495,1330454952128310,,13,1,
2166390,3045491,230454912128310,,2,1,
2166390,3045492,230454922128310,,2,1,
2166390,3045493,230454932128310,,2,1,
2166390,3045494,230454942128310,,2,1,
2166390,3045495,230454952128310,,2,1,
2166390,3045496,230454962128310,,2,1,
2166390,3045492,330454922128310,,3,1,
2166390,3045493,330454932128310,,3,1,
2166390,3045495,330454952128310,,3,1,
2166390,3045492,430454922128310,,4,1,
2166390,3045493,430454932128310,,4,1,
2166390,3045495,430454952128310,,4,1,
2166390,3045492,530454922128310,,5,1,
2166390,3045493,530454932128310,,5,1,
2166390,3045495,530454952128310,,5,1,
2166390,3045492,630454922128310,,6,1,
2166390,3045493,630454932128310,,6,1,
2166390,3045495,630454952128310,,6,1,
2166390,3045492,730454922128310,,7,1,
2166390,3045493,730454932128310,,7,1,
2166390,3045495,730454952128310,,7,1,
2166390,3045492,830454922128310,,8,1,
2166390,3045493,830454932128310,,8,1,
2166390,3045495,830454952128310,,8,1,
2166390,3045492,930454922128310,,9,1,
2166390,3045493,930454932128310,,9,1,
2166390,3045495,930454952128310,,9,1,
