route_id,service_id,trip_id,trip_headsign,trip_short_name,direction_id,shape_id
2137752,3052613,10030526132137044,,100,1,
2137752,3052614,10030526142137044,,100,1,
2137752,3052615,10030526152137044,,100,1,
2137752,3052613,10130526132137044,,101,1,
2137752,3052614,10130526142137044,,101,1,
2137752,3052615,10130526152137044,,101,1,
2137752,3052613,10230526132137044,,102,1,
2137752,3052614,10230526142137044,,102,1,
2137752,3052615,10230526152137044,,102,1,
2137752,3052611,1030526112137044,,10,1,
2137752,3052612,1030526122137044,,10,1,
2137752,3052613,1030526132137044,,10,1,
2137752,3052614,1030526142137044,,10,1,
2137752,3052615,1030526152137044,,10,1,
2137752,3052616,1030526162137044,,10,1,
2137752,3052617,1030526172137044,,10,1,
2137752,3052613,10330526132137044,,103,1,
2137752,3052614,10330526142137044,,103,1,
2137752,3052615,10330526152137044,,103,1,
2137752,3052613,10430526132137044,,104,1,
2137752,3052614,10430526142137044,,104,1,
2137752,3052615,10430526152137044,,104,1,
2137752,3052613,10530526132137044,,105,1,
2137752,3052614,10530526142137044,,105,1,
2137752,3052615,10530526152137044,,105,1,
2137752,3052613,10630526132137044,,106,1,
2137752,3052614,10630526142137044,,106,1,
2137752,3052615,10630526152137044,,106,1,
2137752,3052613,10730526132137044,,107,1,
2137752,3052614,10730526142137044,,107,1,
2137752,3052615,10730526152137044,,107,1,
2137752,3052613,10830526132137044,,108,1,
2137752,3052614,10830526142137044,,108,1,
2137752,3052615,10830526152137044,,108,1,
2137752,3052613,10930526132137044,,109,1,
2137752,3052614,10930526142137044,,109,1,
2137752,3052615,10930526152137044,,109,1,
2137752,3052613,11030526132137044,,110,1,
2137752,3052614,11030526142137044,,110,1,
2137752,3052615,11030526152137044,,110,1,
2137752,3052613,11130526132137044,,111,1,
2137752,3052614,11130526142137044,,111,1,
2137752,3052615,11130526152137044,,111,1,
2137752,3052613,11230526132137044,,112,1,
2137752,3052614,11230526142137044,,112,1,
2137752,3052615,11230526152137044,,112,1,
2137752,3052611,1130526112137044,,11,1,
2137752,3052612,1130526122137044,,11,1,
2137752,3052613,1130526132137044,,11,1,
2137752,3052614,1130526142137044,,11,1,
2137752,3052615,1130526152137044,,11,1,
2137752,3052616,1130526162137044,,11,1,
2137752,3052617,1130526172137044,,11,1,
2137752,3052613,11330526132137044,,113,1,
2137752,3052614,11330526142137044,,113,1,
2137752,3052615,11330526152137044,,113,1,
2137752,3052613,11430526132137044,,114,1,
2137752,3052614,11430526142137044,,114,1,
2137752,3052615,11430526152137044,,114,1,
2137752,3052613,11530526132137044,,115,1,
2137752,3052614,11530526142137044,,115,1,
2137752,3052615,11530526152137044,,115,1,
2137752,3052613,11630526132137044,,116,1,
2137752,3052614,11630526142137044,,116,1,
2137752,3052615,11630526152137044,,116,1,
2137752,3052613,11730526132137044,,117,1,
2137752,3052614,11730526142137044,,117,1,
2137752,3052615,11730526152137044,,117,1,
2137752,3052613,11830526132137044,,118,1,
2137752,3052614,11830526142137044,,118,1,
2137752,3052615,11830526152137044,,118,1,
2137752,3052613,11930526132137044,,119,1,
2137752,3052614,11930526142137044,,119,1,
2137752,3052615,11930526152137044,,119,1,
2137752,3052613,12030526132137044,,120,1,
2137752,3052614,12030526142137044,,120,1,
2137752,3052615,12030526152137044,,120,1,
2137752,3052613,12130526132137044,,121,1,
2137752,3052614,12130526142137044,,121,1,
2137752,3052615,12130526152137044,,121,1,
2137752,3052613,12230526132137044,,122,1,
2137752,3052614,12230526142137044,,122,1,
2137752,3052615,12230526152137044,,122,1,
2137752,3052611,1230526112137044,,12,1,
2137752,3052612,1230526122137044,,12,1,
2137752,3052613,1230526132137044,,12,1,
2137752,3052614,1230526142137044,,12,1,
2137752,3052615,1230526152137044,,12,1,
2137752,3052616,1230526162137044,,12,1,
2137752,3052617,1230526172137044,,12,1,
2137752,13052613,12330526132137044,,123,1,
2137752,3052614,12330526142137044,,123,1,
2137752,3052615,12330526152137044,,123,1,
2137752,13052613,12430526132137044,,124,1,
2137752,3052614,12430526142137044,,124,1,
2137752,3052615,12430526152137044,,124,1,
2137752,13052613,12530526132137044,,125,1,
2137752,13052614,12530526142137044,,125,1,
2137752,3052615,12530526152137044,,125,1,
2137752,13052614,12630526142137044,,126,1,
2137752,3052615,12630526152137044,,126,1,
2137752,13052614,12730526142137044,,127,1,
2137752,3052615,12730526152137044,,127,1,
2137752,3052615,12830526152137044,,128,1,
2137752,3052615,12930526152137044,,129,1,
2137752,3052615,13030526152137044,,130,1,
2137752,3052611,130526112137044,,1,1,
2137752,3052612,130526122137044,,1,1,
2137752,3052613,130526132137044,,1,1,
2137752,3052614,130526142137044,,1,1,
2137752,3052615,130526152137044,,1,1,
2137752,3052616,130526162137044,,1,1,
2137752,3052617,130526172137044,,1,1,
2137752,3052615,13130526152137044,,131,1,
2137752,3052615,13230526152137044,,132,1,
2137752,3052611,1330526112137044,,13,1,
2137752,3052612,1330526122137044,,13,1,
2137752,3052613,1330526132137044,,13,1,
2137752,3052614,1330526142137044,,13,1,
2137752,3052615,1330526152137044,,13,1,
2137752,3052616,1330526162137044,,13,1,
2137752,3052617,1330526172137044,,13,1,
2137752,3052615,13330526152137044,,133,1,
2137752,3052615,13430526152137044,,134,1,
2137752,3052615,13530526152137044,,135,1,
2137752,3052615,13630526152137044,,136,1,
2137752,13052615,13730526152137044,,137,1,
2137752,13052615,13830526152137044,,138,1,
2137752,13052615,13930526152137044,,139,1,
2137752,3052611,1430526112137044,,14,1,
2137752,3052612,1430526122137044,,14,1,
2137752,3052613,1430526132137044,,14,1,
2137752,3052614,1430526142137044,,14,1,
2137752,3052615,1430526152137044,,14,1,
2137752,3052616,1430526162137044,,14,1,
2137752,3052617,1430526172137044,,14,1,
2137752,3052611,1530526112137044,,15,1,
2137752,3052612,1530526122137044,,15,1,
2137752,3052613,1530526132137044,,15,1,
2137752,3052614,1530526142137044,,15,1,
2137752,3052615,1530526152137044,,15,1,
2137752,3052616,1530526162137044,,15,1,
2137752,3052617,1530526172137044,,15,1,
2137752,3052611,1630526112137044,,16,1,
2137752,3052612,1630526122137044,,16,1,
2137752,3052613,1630526132137044,,16,1,
2137752,3052614,1630526142137044,,16,1,
2137752,3052615,1630526152137044,,16,1,
2137752,3052616,1630526162137044,,16,1,
2137752,3052617,1630526172137044,,16,1,
2137752,3052611,1730526112137044,,17,1,
2137752,3052612,1730526122137044,,17,1,
2137752,3052613,1730526132137044,,17,1,
2137752,3052614,1730526142137044,,17,1,
2137752,3052615,1730526152137044,,17,1,
2137752,3052616,1730526162137044,,17,1,
2137752,3052617,1730526172137044,,17,1,
2137752,3052611,1830526112137044,,18,1,
2137752,3052612,1830526122137044,,18,1,
2137752,3052613,1830526132137044,,18,1,
2137752,3052614,1830526142137044,,18,1,
2137752,3052615,1830526152137044,,18,1,
2137752,3052616,1830526162137044,,18,1,
2137752,3052617,1830526172137044,,18,1,
2137752,3052611,1930526112137044,,19,1,
2137752,3052612,1930526122137044,,19,1,
2137752,3052613,1930526132137044,,19,1,
2137752,3052614,1930526142137044,,19,1,
2137752,3052615,1930526152137044,,19,1,
2137752,3052616,1930526162137044,,19,1,
2137752,3052617,1930526172137044,,19,1,
2137752,3052611,2030526112137044,,20,1,
2137752,3052612,2030526122137044,,20,1,
2137752,3052613,2030526132137044,,20,1,
2137752,3052614,2030526142137044,,20,1,
2137752,3052615,2030526152137044,,20,1,
2137752,3052616,2030526162137044,,20,1,
2137752,3052617,2030526172137044,,20,1,
2137752,3052611,2130526112137044,,21,1,
2137752,3052612,2130526122137044,,21,1,
2137752,3052613,2130526132137044,,21,1,
2137752,3052614,2130526142137044,,21,1,
2137752,3052615,2130526152137044,,21,1,
2137752,3052616,2130526162137044,,21,1,
2137752,3052617,2130526172137044,,21,1,
2137752,3052611,2230526112137044,,22,1,
2137752,3052612,2230526122137044,,22,1,
2137752,3052613,2230526132137044,,22,1,
2137752,3052614,2230526142137044,,22,1,
2137752,3052615,2230526152137044,,22,1,
2137752,3052616,2230526162137044,,22,1,
2137752,3052617,2230526172137044,,22,1,
2137752,3052611,230526112137044,,2,1,
2137752,3052612,230526122137044,,2,1,
2137752,3052613,230526132137044,,2,1,
2137752,3052614,230526142137044,,2,1,
2137752,3052615,230526152137044,,2,1,
2137752,3052616,230526162137044,,2,1,
2137752,3052617,230526172137044,,2,1,
2137752,3052611,2330526112137044,,23,1,
2137752,3052612,2330526122137044,,23,1,
2137752,3052613,2330526132137044,,23,1,
2137752,3052614,2330526142137044,,23,1,
2137752,3052615,2330526152137044,,23,1,
2137752,3052616,2330526162137044,,23,1,
2137752,3052617,2330526172137044,,23,1,
2137752,3052611,2430526112137044,,24,1,
2137752,3052612,2430526122137044,,24,1,
2137752,3052613,2430526132137044,,24,1,
2137752,3052614,2430526142137044,,24,1,
2137752,3052615,2430526152137044,,24,1,
2137752,3052616,2430526162137044,,24,1,
2137752,3052617,2430526172137044,,24,1,
2137752,3052611,2530526112137044,,25,1,
2137752,3052612,2530526122137044,,25,1,
2137752,3052613,2530526132137044,,25,1,
2137752,3052614,2530526142137044,,25,1,
2137752,3052615,2530526152137044,,25,1,
2137752,3052616,2530526162137044,,25,1,
2137752,3052617,2530526172137044,,25,1,
2137752,3052611,2630526112137044,,26,1,
2137752,3052612,2630526122137044,,26,1,
2137752,3052613,2630526132137044,,26,1,
2137752,3052614,2630526142137044,,26,1,
2137752,3052615,2630526152137044,,26,1,
2137752,3052616,2630526162137044,,26,1,
2137752,3052617,2630526172137044,,26,1,
2137752,3052611,2730526112137044,,27,1,
2137752,3052612,2730526122137044,,27,1,
2137752,3052613,2730526132137044,,27,1,
2137752,3052614,2730526142137044,,27,1,
2137752,3052615,2730526152137044,,27,1,
2137752,3052616,2730526162137044,,27,1,
2137752,3052617,2730526172137044,,27,1,
2137752,3052611,2830526112137044,,28,1,
2137752,3052612,2830526122137044,,28,1,
2137752,3052613,2830526132137044,,28,1,
2137752,3052614,2830526142137044,,28,1,
2137752,3052615,2830526152137044,,28,1,
2137752,3052616,2830526162137044,,28,1,
2137752,3052617,2830526172137044,,28,1,
2137752,3052611,2930526112137044,,29,1,
2137752,3052612,2930526122137044,,29,1,
2137752,3052613,2930526132137044,,29,1,
2137752,3052614,2930526142137044,,29,1,
2137752,3052615,2930526152137044,,29,1,
2137752,3052616,2930526162137044,,29,1,
2137752,3052617,2930526172137044,,29,1,
2137752,3052611,3030526112137044,,30,1,
2137752,3052612,3030526122137044,,30,1,
2137752,3052613,3030526132137044,,30,1,
2137752,3052614,3030526142137044,,30,1,
2137752,3052615,3030526152137044,,30,1,
2137752,3052616,3030526162137044,,30,1,
2137752,3052617,3030526172137044,,30,1,
2137752,3052611,3130526112137044,,31,1,
2137752,3052612,3130526122137044,,31,1,
2137752,3052613,3130526132137044,,31,1,
2137752,3052614,3130526142137044,,31,1,
2137752,3052615,3130526152137044,,31,1,
2137752,3052616,3130526162137044,,31,1,
2137752,3052617,3130526172137044,,31,1,
2137752,3052611,3230526112137044,,32,1,
2137752,3052612,3230526122137044,,32,1,
2137752,3052613,3230526132137044,,32,1,
2137752,3052614,3230526142137044,,32,1,
2137752,3052615,3230526152137044,,32,1,
2137752,3052616,3230526162137044,,32,1,
2137752,3052617,3230526172137044,,32,1,
2137752,3052611,330526112137044,,3,1,
2137752,3052612,330526122137044,,3,1,
2137752,3052613,330526132137044,,3,1,
2137752,3052614,330526142137044,,3,1,
2137752,3052615,330526152137044,,3,1,
2137752,3052616,330526162137044,,3,1,
2137752,3052617,330526172137044,,3,1,
2137752,3052611,3330526112137044,,33,1,
2137752,3052612,3330526122137044,,33,1,
2137752,3052613,3330526132137044,,33,1,
2137752,3052614,3330526142137044,,33,1,
2137752,3052615,3330526152137044,,33,1,
2137752,3052616,3330526162137044,,33,1,
2137752,3052617,3330526172137044,,33,1,
2137752,3052611,3430526112137044,,34,1,
2137752,3052612,3430526122137044,,34,1,
2137752,3052613,3430526132137044,,34,1,
2137752,3052614,3430526142137044,,34,1,
2137752,3052615,3430526152137044,,34,1,
2137752,3052616,3430526162137044,,34,1,
2137752,3052617,3430526172137044,,34,1,
2137752,3052611,3530526112137044,,35,1,
2137752,3052612,3530526122137044,,35,1,
2137752,3052613,3530526132137044,,35,1,
2137752,3052614,3530526142137044,,35,1,
2137752,3052615,3530526152137044,,35,1,
2137752,3052616,3530526162137044,,35,1,
2137752,3052617,3530526172137044,,35,1,
2137752,3052611,3630526112137044,,36,1,
2137752,3052612,3630526122137044,,36,1,
2137752,3052613,3630526132137044,,36,1,
2137752,3052614,3630526142137044,,36,1,
2137752,3052615,3630526152137044,,36,1,
2137752,3052616,3630526162137044,,36,1,
2137752,3052617,3630526172137044,,36,1,
2137752,3052611,3730526112137044,,37,1,
2137752,3052612,3730526122137044,,37,1,
2137752,3052613,3730526132137044,,37,1,
2137752,3052614,3730526142137044,,37,1,
2137752,3052615,3730526152137044,,37,1,
2137752,3052616,3730526162137044,,37,1,
2137752,3052617,3730526172137044,,37,1,
2137752,3052611,3830526112137044,,38,1,
2137752,3052612,3830526122137044,,38,1,
2137752,3052613,3830526132137044,,38,1,
2137752,3052614,3830526142137044,,38,1,
2137752,3052615,3830526152137044,,38,1,
2137752,3052616,3830526162137044,,38,1,
2137752,3052617,3830526172137044,,38,1,
2137752,3052611,3930526112137044,,39,1,
2137752,13052612,3930526122137044,,39,1,
2137752,3052613,3930526132137044,,39,1,
2137752,3052614,3930526142137044,,39,1,
2137752,3052615,3930526152137044,,39,1,
2137752,3052616,3930526162137044,,39,1,
2137752,3052617,3930526172137044,,39,1,
2137752,3052611,4030526112137044,,40,1,
2137752,13052612,4030526122137044,,40,1,
2137752,3052613,4030526132137044,,40,1,
2137752,3052614,4030526142137044,,40,1,
2137752,3052615,4030526152137044,,40,1,
2137752,3052616,4030526162137044,,40,1,
2137752,3052617,4030526172137044,,40,1,
2137752,13052611,4130526112137044,,41,1,
2137752,13052612,4130526122137044,,41,1,
2137752,3052613,4130526132137044,,41,1,
2137752,3052614,4130526142137044,,41,1,
2137752,3052615,4130526152137044,,41,1,
2137752,3052616,4130526162137044,,41,1,
2137752,3052617,4130526172137044,,41,1,
2137752,13052611,4230526112137044,,42,1,
2137752,3052613,4230526132137044,,42,1,
2137752,3052614,4230526142137044,,42,1,
2137752,3052615,4230526152137044,,42,1,
2137752,3052616,4230526162137044,,42,1,
2137752,3052617,4230526172137044,,42,1,
2137752,3052611,430526112137044,,4,1,
2137752,3052612,430526122137044,,4,1,
2137752,3052613,430526132137044,,4,1,
2137752,3052614,430526142137044,,4,1,
2137752,3052615,430526152137044,,4,1,
2137752,3052616,430526162137044,,4,1,
2137752,3052617,430526172137044,,4,1,
2137752,13052611,4330526112137044,,43,1,
2137752,3052613,4330526132137044,,43,1,
2137752,3052614,4330526142137044,,43,1,
2137752,3052615,4330526152137044,,43,1,
2137752,3052616,4330526162137044,,43,1,
2137752,3052617,4330526172137044,,43,1,
2137752,3052613,4430526132137044,,44,1,
2137752,3052614,4430526142137044,,44,1,
2137752,3052615,4430526152137044,,44,1,
2137752,3052616,4430526162137044,,44,1,
2137752,3052617,4430526172137044,,44,1,
2137752,3052613,4530526132137044,,45,1,
2137752,3052614,4530526142137044,,45,1,
2137752,3052615,4530526152137044,,45,1,
2137752,3052616,4530526162137044,,45,1,
2137752,3052617,4530526172137044,,45,1,
2137752,3052613,4630526132137044,,46,1,
2137752,3052614,4630526142137044,,46,1,
2137752,3052615,4630526152137044,,46,1,
2137752,3052616,4630526162137044,,46,1,
2137752,13052617,4630526172137044,,46,1,
2137752,3052613,4730526132137044,,47,1,
2137752,3052614,4730526142137044,,47,1,
2137752,3052615,4730526152137044,,47,1,
2137752,3052616,4730526162137044,,47,1,
2137752,13052617,4730526172137044,,47,1,
2137752,3052613,4830526132137044,,48,1,
2137752,3052614,4830526142137044,,48,1,
2137752,3052615,4830526152137044,,48,1,
2137752,3052616,4830526162137044,,48,1,
2137752,13052617,4830526172137044,,48,1,
2137752,3052613,4930526132137044,,49,1,
2137752,3052614,4930526142137044,,49,1,
2137752,3052615,4930526152137044,,49,1,
2137752,3052616,4930526162137044,,49,1,
2137752,3052613,5030526132137044,,50,1,
2137752,3052614,5030526142137044,,50,1,
2137752,3052615,5030526152137044,,50,1,
2137752,3052616,5030526162137044,,50,1,
2137752,3052613,5130526132137044,,51,1,
2137752,3052614,5130526142137044,,51,1,
2137752,3052615,5130526152137044,,51,1,
2137752,3052616,5130526162137044,,51,1,
2137752,3052613,5230526132137044,,52,1,
2137752,3052614,5230526142137044,,52,1,
2137752,3052615,5230526152137044,,52,1,
2137752,3052616,5230526162137044,,52,1,
2137752,3052611,530526112137044,,5,1,
2137752,3052612,530526122137044,,5,1,
2137752,3052613,530526132137044,,5,1,
2137752,3052614,530526142137044,,5,1,
2137752,3052615,530526152137044,,5,1,
2137752,3052616,530526162137044,,5,1,
2137752,3052617,530526172137044,,5,1,
2137752,3052613,5330526132137044,,53,1,
2137752,3052614,5330526142137044,,53,1,
2137752,3052615,5330526152137044,,53,1,
2137752,3052616,5330526162137044,,53,1,
2137752,3052613,5430526132137044,,54,1,
2137752,3052614,5430526142137044,,54,1,
2137752,3052615,5430526152137044,,54,1,
2137752,3052616,5430526162137044,,54,1,
2137752,3052613,5530526132137044,,55,1,
2137752,3052614,5530526142137044,,55,1,
2137752,3052615,5530526152137044,,55,1,
2137752,13052616,5530526162137044,,55,1,
2137752,3052613,5630526132137044,,56,1,
2137752,3052614,5630526142137044,,56,1,
2137752,3052615,5630526152137044,,56,1,
2137752,13052616,5630526162137044,,56,1,
2137752,3052613,5730526132137044,,57,1,
2137752,3052614,5730526142137044,,57,1,
2137752,3052615,5730526152137044,,57,1,
2137752,13052616,5730526162137044,,57,1,
2137752,3052613,5830526132137044,,58,1,
2137752,3052614,5830526142137044,,58,1,
2137752,3052615,5830526152137044,,58,1,
2137752,3052613,5930526132137044,,59,1,
2137752,3052614,5930526142137044,,59,1,
2137752,3052615,5930526152137044,,59,1,
2137752,3052613,6030526132137044,,60,1,
2137752,3052614,6030526142137044,,60,1,
2137752,3052615,6030526152137044,,60,1,
2137752,3052613,6130526132137044,,61,1,
2137752,3052614,6130526142137044,,61,1,
2137752,3052615,6130526152137044,,61,1,
2137752,3052613,6230526132137044,,62,1,
2137752,3052614,6230526142137044,,62,1,
2137752,3052615,6230526152137044,,62,1,
2137752,3052611,630526112137044,,6,1,
2137752,3052612,630526122137044,,6,1,
2137752,3052613,630526132137044,,6,1,
2137752,3052614,630526142137044,,6,1,
2137752,3052615,630526152137044,,6,1,
2137752,3052616,630526162137044,,6,1,
2137752,3052617,630526172137044,,6,1,
2137752,3052613,6330526132137044,,63,1,
2137752,3052614,6330526142137044,,63,1,
2137752,3052615,6330526152137044,,63,1,
2137752,3052613,6430526132137044,,64,1,
2137752,3052614,6430526142137044,,64,1,
2137752,3052615,6430526152137044,,64,1,
2137752,3052613,6530526132137044,,65,1,
2137752,3052614,6530526142137044,,65,1,
2137752,3052615,6530526152137044,,65,1,
2137752,3052613,6630526132137044,,66,1,
2137752,3052614,6630526142137044,,66,1,
2137752,3052615,6630526152137044,,66,1,
2137752,3052613,6730526132137044,,67,1,
2137752,3052614,6730526142137044,,67,1,
2137752,3052615,6730526152137044,,67,1,
2137752,3052613,6830526132137044,,68,1,
2137752,3052614,6830526142137044,,68,1,
2137752,3052615,6830526152137044,,68,1,
2137752,3052613,6930526132137044,,69,1,
2137752,3052614,6930526142137044,,69,1,
2137752,3052615,6930526152137044,,69,1,
2137752,3052613,7030526132137044,,70,1,
2137752,3052614,7030526142137044,,70,1,
2137752,3052615,7030526152137044,,70,1,
2137752,3052613,7130526132137044,,71,1,
2137752,3052614,7130526142137044,,71,1,
2137752,3052615,7130526152137044,,71,1,
2137752,3052613,7230526132137044,,72,1,
2137752,3052614,7230526142137044,,72,1,
2137752,3052615,7230526152137044,,72,1,
2137752,3052611,730526112137044,,7,1,
2137752,3052612,730526122137044,,7,1,
2137752,3052613,730526132137044,,7,1,
2137752,3052614,730526142137044,,7,1,
2137752,3052615,730526152137044,,7,1,
2137752,3052616,730526162137044,,7,1,
2137752,3052617,730526172137044,,7,1,
2137752,3052613,7330526132137044,,73,1,
2137752,3052614,7330526142137044,,73,1,
2137752,3052615,7330526152137044,,73,1,
2137752,3052613,7430526132137044,,74,1,
2137752,3052614,7430526142137044,,74,1,
2137752,3052615,7430526152137044,,74,1,
2137752,3052613,7530526132137044,,75,1,
2137752,3052614,7530526142137044,,75,1,
2137752,3052615,7530526152137044,,75,1,
2137752,3052613,7630526132137044,,76,1,
2137752,3052614,7630526142137044,,76,1,
2137752,3052615,7630526152137044,,76,1,
2137752,3052613,7730526132137044,,77,1,
2137752,3052614,7730526142137044,,77,1,
2137752,3052615,7730526152137044,,77,1,
2137752,3052613,7830526132137044,,78,1,
2137752,3052614,7830526142137044,,78,1,
2137752,3052615,7830526152137044,,78,1,
2137752,3052613,7930526132137044,,79,1,
2137752,3052614,7930526142137044,,79,1,
2137752,3052615,7930526152137044,,79,1,
2137752,3052613,8030526132137044,,80,1,
2137752,3052614,8030526142137044,,80,1,
2137752,3052615,8030526152137044,,80,1,
2137752,3052613,8130526132137044,,81,1,
2137752,3052614,8130526142137044,,81,1,
2137752,3052615,8130526152137044,,81,1,
2137752,3052613,8230526132137044,,82,1,
2137752,3052614,8230526142137044,,82,1,
2137752,3052615,8230526152137044,,82,1,
2137752,3052611,830526112137044,,8,1,
2137752,3052612,830526122137044,,8,1,
2137752,3052613,830526132137044,,8,1,
2137752,3052614,830526142137044,,8,1,
2137752,3052615,830526152137044,,8,1,
2137752,3052616,830526162137044,,8,1,
2137752,3052617,830526172137044,,8,1,
2137752,3052613,8330526132137044,,83,1,
2137752,3052614,8330526142137044,,83,1,
2137752,3052615,8330526152137044,,83,1,
2137752,3052613,8430526132137044,,84,1,
2137752,3052614,8430526142137044,,84,1,
2137752,3052615,8430526152137044,,84,1,
2137752,3052613,8530526132137044,,85,1,
2137752,3052614,8530526142137044,,85,1,
2137752,3052615,8530526152137044,,85,1,
2137752,3052613,8630526132137044,,86,1,
2137752,3052614,8630526142137044,,86,1,
2137752,3052615,8630526152137044,,86,1,
2137752,3052613,8730526132137044,,87,1,
2137752,3052614,8730526142137044,,87,1,
2137752,3052615,8730526152137044,,87,1,
2137752,3052613,8830526132137044,,88,1,
2137752,3052614,8830526142137044,,88,1,
2137752,3052615,8830526152137044,,88,1,
2137752,3052613,8930526132137044,,89,1,
2137752,3052614,8930526142137044,,89,1,
2137752,3052615,8930526152137044,,89,1,
2137752,3052613,9030526132137044,,90,1,
2137752,3052614,9030526142137044,,90,1,
2137752,3052615,9030526152137044,,90,1,
2137752,3052613,9130526132137044,,91,1,
2137752,3052614,9130526142137044,,91,1,
2137752,3052615,9130526152137044,,91,1,
2137752,3052613,9230526132137044,,92,1,
2137752,3052614,9230526142137044,,92,1,
2137752,3052615,9230526152137044,,92,1,
2137752,3052611,930526112137044,,9,1,
2137752,3052612,930526122137044,,9,1,
2137752,3052613,930526132137044,,9,1,
2137752,3052614,930526142137044,,9,1,
2137752,3052615,930526152137044,,9,1,
2137752,3052616,930526162137044,,9,1,
2137752,3052617,930526172137044,,9,1,
2137752,3052613,9330526132137044,,93,1,
2137752,3052614,9330526142137044,,93,1,
2137752,3052615,9330526152137044,,93,1,
2137752,3052613,9430526132137044,,94,1,
2137752,3052614,9430526142137044,,94,1,
2137752,3052615,9430526152137044,,94,1,
2137752,3052613,9530526132137044,,95,1,
2137752,3052614,9530526142137044,,95,1,
2137752,3052615,9530526152137044,,95,1,
2137752,3052613,9630526132137044,,96,1,
2137752,3052614,9630526142137044,,96,1,
2137752,3052615,9630526152137044,,96,1,
2137752,3052613,9730526132137044,,97,1,
2137752,3052614,9730526142137044,,97,1,
2137752,3052615,9730526152137044,,97,1,
2137752,3052613,9830526132137044,,98,1,
2137752,3052614,9830526142137044,,98,1,
2137752,3052615,9830526152137044,,98,1,
2137752,3052613,9930526132137044,,99,1,
2137752,3052614,9930526142137044,,99,1,
2137752,3052615,9930526152137044,,99,1,
2137752,3052611,1030526112137045,,10,1,
2137752,3052612,1030526122137045,,10,1,
2137752,3052616,1030526162137045,,10,1,
2137752,3052617,1030526172137045,,10,1,
2137752,3052611,1130526112137045,,11,1,
2137752,3052612,1130526122137045,,11,1,
2137752,3052616,1130526162137045,,11,1,
2137752,3052617,1130526172137045,,11,1,
2137752,3052611,1230526112137045,,12,1,
2137752,3052612,1230526122137045,,12,1,
2137752,3052616,1230526162137045,,12,1,
2137752,3052617,1230526172137045,,12,1,
2137752,3052611,130526112137045,,1,1,
2137752,3052612,130526122137045,,1,1,
2137752,3052616,130526162137045,,1,1,
2137752,3052617,130526172137045,,1,1,
2137752,3052611,1330526112137045,,13,1,
2137752,3052612,1330526122137045,,13,1,
2137752,3052616,1330526162137045,,13,1,
2137752,3052617,1330526172137045,,13,1,
2137752,3052611,1430526112137045,,14,1,
2137752,3052612,1430526122137045,,14,1,
2137752,3052616,1430526162137045,,14,1,
2137752,3052617,1430526172137045,,14,1,
2137752,3052611,1530526112137045,,15,1,
2137752,3052612,1530526122137045,,15,1,
2137752,3052616,1530526162137045,,15,1,
2137752,3052617,1530526172137045,,15,1,
2137752,3052611,1630526112137045,,16,1,
2137752,3052612,1630526122137045,,16,1,
2137752,3052616,1630526162137045,,16,1,
2137752,3052617,1630526172137045,,16,1,
2137752,3052611,1730526112137045,,17,1,
2137752,3052612,1730526122137045,,17,1,
2137752,3052616,1730526162137045,,17,1,
2137752,3052617,1730526172137045,,17,1,
2137752,3052611,1830526112137045,,18,1,
2137752,3052612,1830526122137045,,18,1,
2137752,3052616,1830526162137045,,18,1,
2137752,3052617,1830526172137045,,18,1,
2137752,3052611,1930526112137045,,19,1,
2137752,3052612,1930526122137045,,19,1,
2137752,3052616,1930526162137045,,19,1,
2137752,3052617,1930526172137045,,19,1,
2137752,3052611,2030526112137045,,20,1,
2137752,3052612,2030526122137045,,20,1,
2137752,3052616,2030526162137045,,20,1,
2137752,3052617,2030526172137045,,20,1,
2137752,3052611,2130526112137045,,21,1,
2137752,3052612,2130526122137045,,21,1,
2137752,3052616,2130526162137045,,21,1,
2137752,3052617,2130526172137045,,21,1,
2137752,3052611,2230526112137045,,22,1,
2137752,3052612,2230526122137045,,22,1,
2137752,3052616,2230526162137045,,22,1,
2137752,3052617,2230526172137045,,22,1,
2137752,3052611,230526112137045,,2,1,
2137752,3052612,230526122137045,,2,1,
2137752,3052616,230526162137045,,2,1,
2137752,3052617,230526172137045,,2,1,
2137752,3052611,2330526112137045,,23,1,
2137752,3052612,2330526122137045,,23,1,
2137752,3052616,2330526162137045,,23,1,
2137752,3052617,2330526172137045,,23,1,
2137752,3052611,2430526112137045,,24,1,
2137752,3052612,2430526122137045,,24,1,
2137752,3052616,2430526162137045,,24,1,
2137752,3052617,2430526172137045,,24,1,
2137752,3052611,2530526112137045,,25,1,
2137752,3052612,2530526122137045,,25,1,
2137752,3052616,2530526162137045,,25,1,
2137752,3052617,2530526172137045,,25,1,
2137752,3052611,2630526112137045,,26,1,
2137752,3052612,2630526122137045,,26,1,
2137752,3052616,2630526162137045,,26,1,
2137752,3052617,2630526172137045,,26,1,
2137752,3052611,2730526112137045,,27,1,
2137752,3052612,2730526122137045,,27,1,
2137752,3052616,2730526162137045,,27,1,
2137752,3052617,2730526172137045,,27,1,
2137752,3052611,2830526112137045,,28,1,
2137752,3052612,2830526122137045,,28,1,
2137752,3052616,2830526162137045,,28,1,
2137752,3052617,2830526172137045,,28,1,
2137752,3052611,2930526112137045,,29,1,
2137752,3052612,2930526122137045,,29,1,
2137752,3052616,2930526162137045,,29,1,
2137752,3052617,2930526172137045,,29,1,
2137752,3052611,3030526112137045,,30,1,
2137752,3052612,3030526122137045,,30,1,
2137752,3052616,3030526162137045,,30,1,
2137752,3052617,3030526172137045,,30,1,
2137752,3052611,3130526112137045,,31,1,
2137752,3052612,3130526122137045,,31,1,
2137752,3052616,3130526162137045,,31,1,
2137752,3052617,3130526172137045,,31,1,
2137752,3052611,3230526112137045,,32,1,
2137752,3052612,3230526122137045,,32,1,
2137752,3052616,3230526162137045,,32,1,
2137752,3052617,3230526172137045,,32,1,
2137752,3052611,330526112137045,,3,1,
2137752,3052612,330526122137045,,3,1,
2137752,3052616,330526162137045,,3,1,
2137752,3052617,330526172137045,,3,1,
2137752,3052611,3330526112137045,,33,1,
2137752,3052612,3330526122137045,,33,1,
2137752,3052616,3330526162137045,,33,1,
2137752,3052617,3330526172137045,,33,1,
2137752,3052611,3430526112137045,,34,1,
2137752,3052612,3430526122137045,,34,1,
2137752,3052616,3430526162137045,,34,1,
2137752,3052617,3430526172137045,,34,1,
2137752,3052611,3530526112137045,,35,1,
2137752,3052612,3530526122137045,,35,1,
2137752,3052616,3530526162137045,,35,1,
2137752,3052617,3530526172137045,,35,1,
2137752,3052611,3630526112137045,,36,1,
2137752,3052612,3630526122137045,,36,1,
2137752,3052616,3630526162137045,,36,1,
2137752,3052617,3630526172137045,,36,1,
2137752,3052611,3730526112137045,,37,1,
2137752,3052612,3730526122137045,,37,1,
2137752,3052616,3730526162137045,,37,1,
2137752,3052617,3730526172137045,,37,1,
2137752,3052611,3830526112137045,,38,1,
2137752,3052612,3830526122137045,,38,1,
2137752,3052616,3830526162137045,,38,1,
2137752,3052617,3830526172137045,,38,1,
2137752,3052611,3930526112137045,,39,1,
2137752,3052612,3930526122137045,,39,1,
2137752,3052616,3930526162137045,,39,1,
2137752,3052617,3930526172137045,,39,1,
2137752,3052611,4030526112137045,,40,1,
2137752,3052612,4030526122137045,,40,1,
2137752,3052616,4030526162137045,,40,1,
2137752,3052617,4030526172137045,,40,1,
2137752,3052611,4130526112137045,,41,1,
2137752,3052612,4130526122137045,,41,1,
2137752,3052616,4130526162137045,,41,1,
2137752,3052617,4130526172137045,,41,1,
2137752,3052611,4230526112137045,,42,1,
2137752,3052612,4230526122137045,,42,1,
2137752,3052616,4230526162137045,,42,1,
2137752,3052617,4230526172137045,,42,1,
2137752,3052611,430526112137045,,4,1,
2137752,3052612,430526122137045,,4,1,
2137752,3052616,430526162137045,,4,1,
2137752,3052617,430526172137045,,4,1,
2137752,3052611,4330526112137045,,43,1,
2137752,3052612,4330526122137045,,43,1,
2137752,3052616,4330526162137045,,43,1,
2137752,3052617,4330526172137045,,43,1,
2137752,3052611,4430526112137045,,44,1,
2137752,3052612,4430526122137045,,44,1,
2137752,3052616,4430526162137045,,44,1,
2137752,3052617,4430526172137045,,44,1,
2137752,3052611,4530526112137045,,45,1,
2137752,3052612,4530526122137045,,45,1,
2137752,3052616,4530526162137045,,45,1,
2137752,3052617,4530526172137045,,45,1,
2137752,3052611,4630526112137045,,46,1,
2137752,3052612,4630526122137045,,46,1,
2137752,3052616,4630526162137045,,46,1,
2137752,3052617,4630526172137045,,46,1,
2137752,3052611,4730526112137045,,47,1,
2137752,3052612,4730526122137045,,47,1,
2137752,3052616,4730526162137045,,47,1,
2137752,3052617,4730526172137045,,47,1,
2137752,3052611,4830526112137045,,48,1,
2137752,3052616,4830526162137045,,48,1,
2137752,3052617,4830526172137045,,48,1,
2137752,3052611,4930526112137045,,49,1,
2137752,3052616,4930526162137045,,49,1,
2137752,3052617,4930526172137045,,49,1,
2137752,3052611,5030526112137045,,50,1,
2137752,3052616,5030526162137045,,50,1,
2137752,3052617,5030526172137045,,50,1,
2137752,3052611,5130526112137045,,51,1,
2137752,3052616,5130526162137045,,51,1,
2137752,3052617,5130526172137045,,51,1,
2137752,3052616,5230526162137045,,52,1,
2137752,3052617,5230526172137045,,52,1,
2137752,3052611,530526112137045,,5,1,
2137752,3052612,530526122137045,,5,1,
2137752,3052616,530526162137045,,5,1,
2137752,3052617,530526172137045,,5,1,
2137752,3052616,5330526162137045,,53,1,
2137752,3052617,5330526172137045,,53,1,
2137752,3052616,5430526162137045,,54,1,
2137752,3052617,5430526172137045,,54,1,
2137752,3052616,5530526162137045,,55,1,
2137752,3052617,5530526172137045,,55,1,
2137752,3052616,5630526162137045,,56,1,
2137752,3052617,5630526172137045,,56,1,
2137752,3052616,5730526162137045,,57,1,
2137752,3052617,5730526172137045,,57,1,
2137752,3052616,5830526162137045,,58,1,
2137752,3052617,5830526172137045,,58,1,
2137752,3052616,5930526162137045,,59,1,
2137752,3052611,630526112137045,,6,1,
2137752,3052612,630526122137045,,6,1,
2137752,3052616,630526162137045,,6,1,
2137752,3052617,630526172137045,,6,1,
2137752,3052611,730526112137045,,7,1,
2137752,3052612,730526122137045,,7,1,
2137752,3052616,730526162137045,,7,1,
2137752,3052617,730526172137045,,7,1,
2137752,3052611,830526112137045,,8,1,
2137752,3052612,830526122137045,,8,1,
2137752,3052616,830526162137045,,8,1,
2137752,3052617,830526172137045,,8,1,
2137752,3052611,930526112137045,,9,1,
2137752,3052612,930526122137045,,9,1,
2137752,3052616,930526162137045,,9,1,
2137752,3052617,930526172137045,,9,1,
2137752,3052613,1030526132137047,,10,1,
2137752,3052614,1030526142137047,,10,1,
2137752,3052615,1030526152137047,,10,1,
2137752,3052613,1130526132137047,,11,1,
2137752,3052614,1130526142137047,,11,1,
2137752,3052615,1130526152137047,,11,1,
2137752,3052613,1230526132137047,,12,1,
2137752,3052614,1230526142137047,,12,1,
2137752,3052615,1230526152137047,,12,1,
2137752,3052613,130526132137047,,1,1,
2137752,3052614,130526142137047,,1,1,
2137752,3052615,130526152137047,,1,1,
2137752,3052613,1330526132137047,,13,1,
2137752,3052614,1330526142137047,,13,1,
2137752,3052615,1330526152137047,,13,1,
2137752,3052613,1430526132137047,,14,1,
2137752,3052614,1430526142137047,,14,1,
2137752,3052615,1430526152137047,,14,1,
2137752,3052613,1530526132137047,,15,1,
2137752,3052614,1530526142137047,,15,1,
2137752,3052615,1530526152137047,,15,1,
2137752,3052613,1630526132137047,,16,1,
2137752,3052614,1630526142137047,,16,1,
2137752,3052615,1630526152137047,,16,1,
2137752,3052614,1730526142137047,,17,1,
2137752,3052615,1730526152137047,,17,1,
2137752,3052615,1830526152137047,,18,1,
2137752,3052613,230526132137047,,2,1,
2137752,3052614,230526142137047,,2,1,
2137752,3052615,230526152137047,,2,1,
2137752,3052613,330526132137047,,3,1,
2137752,3052614,330526142137047,,3,1,
2137752,3052615,330526152137047,,3,1,
2137752,3052613,430526132137047,,4,1,
2137752,3052614,430526142137047,,4,1,
2137752,3052615,430526152137047,,4,1,
2137752,3052613,530526132137047,,5,1,
2137752,3052614,530526142137047,,5,1,
2137752,3052615,530526152137047,,5,1,
2137752,3052613,630526132137047,,6,1,
2137752,3052614,630526142137047,,6,1,
2137752,3052615,630526152137047,,6,1,
2137752,3052613,730526132137047,,7,1,
2137752,3052614,730526142137047,,7,1,
2137752,3052615,730526152137047,,7,1,
2137752,3052613,830526132137047,,8,1,
2137752,3052614,830526142137047,,8,1,
2137752,3052615,830526152137047,,8,1,
2137752,3052613,930526132137047,,9,1,
2137752,3052614,930526142137047,,9,1,
2137752,3052615,930526152137047,,9,1,
2137752,3052612,130526122137046,,1,1,
2137752,3052613,130526132137046,,1,1,
2137752,3052614,130526142137046,,1,1,
2137752,3052615,130526152137046,,1,1,
2137752,3052613,230526132137046,,2,1,
2137752,3052613,330526132137046,,3,1,
2137752,3052613,430526132137046,,4,1,
2137753,3052620,10030526202137048,,100,0,
2137753,3052621,10030526212137048,,100,0,
2137753,3052622,10030526222137048,,100,0,
2137753,3052620,10130526202137048,,101,0,
2137753,3052621,10130526212137048,,101,0,
2137753,3052622,10130526222137048,,101,0,
2137753,3052620,10230526202137048,,102,0,
2137753,3052621,10230526212137048,,102,0,
2137753,3052622,10230526222137048,,102,0,
2137753,3052618,1030526182137048,,10,0,
2137753,3052619,1030526192137048,,10,0,
2137753,3052620,1030526202137048,,10,0,
2137753,3052621,1030526212137048,,10,0,
2137753,3052622,1030526222137048,,10,0,
2137753,3052623,1030526232137048,,10,0,
2137753,3052624,1030526242137048,,10,0,
2137753,3052620,10330526202137048,,103,0,
2137753,3052621,10330526212137048,,103,0,
2137753,3052622,10330526222137048,,103,0,
2137753,3052620,10430526202137048,,104,0,
2137753,3052621,10430526212137048,,104,0,
2137753,3052622,10430526222137048,,104,0,
2137753,3052620,10530526202137048,,105,0,
2137753,3052621,10530526212137048,,105,0,
2137753,3052622,10530526222137048,,105,0,
2137753,3052620,10630526202137048,,106,0,
2137753,3052621,10630526212137048,,106,0,
2137753,3052622,10630526222137048,,106,0,
2137753,3052620,10730526202137048,,107,0,
2137753,3052621,10730526212137048,,107,0,
2137753,3052622,10730526222137048,,107,0,
2137753,3052620,10830526202137048,,108,0,
2137753,3052621,10830526212137048,,108,0,
2137753,3052622,10830526222137048,,108,0,
2137753,3052620,10930526202137048,,109,0,
2137753,3052621,10930526212137048,,109,0,
2137753,3052622,10930526222137048,,109,0,
2137753,3052620,11030526202137048,,110,0,
2137753,3052621,11030526212137048,,110,0,
2137753,3052622,11030526222137048,,110,0,
2137753,3052620,11130526202137048,,111,0,
2137753,3052621,11130526212137048,,111,0,
2137753,3052622,11130526222137048,,111,0,
2137753,3052620,11230526202137048,,112,0,
2137753,3052621,11230526212137048,,112,0,
2137753,3052622,11230526222137048,,112,0,
2137753,3052618,1130526182137048,,11,0,
2137753,3052619,1130526192137048,,11,0,
2137753,3052620,1130526202137048,,11,0,
2137753,3052621,1130526212137048,,11,0,
2137753,3052622,1130526222137048,,11,0,
2137753,3052623,1130526232137048,,11,0,
2137753,3052624,1130526242137048,,11,0,
2137753,3052620,11330526202137048,,113,0,
2137753,3052621,11330526212137048,,113,0,
2137753,3052622,11330526222137048,,113,0,
2137753,3052620,11430526202137048,,114,0,
2137753,3052621,11430526212137048,,114,0,
2137753,3052622,11430526222137048,,114,0,
2137753,3052620,11530526202137048,,115,0,
2137753,3052621,11530526212137048,,115,0,
2137753,3052622,11530526222137048,,115,0,
2137753,3052620,11630526202137048,,116,0,
2137753,3052621,11630526212137048,,116,0,
2137753,3052622,11630526222137048,,116,0,
2137753,3052620,11730526202137048,,117,0,
2137753,3052621,11730526212137048,,117,0,
2137753,3052622,11730526222137048,,117,0,
2137753,3052620,11830526202137048,,118,0,
2137753,3052621,11830526212137048,,118,0,
2137753,3052622,11830526222137048,,118,0,
2137753,3052620,11930526202137048,,119,0,
2137753,3052621,11930526212137048,,119,0,
2137753,3052622,11930526222137048,,119,0,
2137753,3052620,12030526202137048,,120,0,
2137753,3052621,12030526212137048,,120,0,
2137753,3052622,12030526222137048,,120,0,
2137753,3052620,12130526202137048,,121,0,
2137753,3052621,12130526212137048,,121,0,
2137753,3052622,12130526222137048,,121,0,
2137753,13052620,12230526202137048,,122,0,
2137753,3052621,12230526212137048,,122,0,
2137753,3052622,12230526222137048,,122,0,
2137753,3052618,1230526182137048,,12,0,
2137753,3052619,1230526192137048,,12,0,
2137753,3052620,1230526202137048,,12,0,
2137753,3052621,1230526212137048,,12,0,
2137753,3052622,1230526222137048,,12,0,
2137753,3052623,1230526232137048,,12,0,
2137753,3052624,1230526242137048,,12,0,
2137753,13052620,12330526202137048,,123,0,
2137753,13052621,12330526212137048,,123,0,
2137753,3052622,12330526222137048,,123,0,
2137753,13052621,12430526212137048,,124,0,
2137753,3052622,12430526222137048,,124,0,
2137753,3052622,12530526222137048,,125,0,
2137753,3052622,12630526222137048,,126,0,
2137753,3052622,12730526222137048,,127,0,
2137753,3052622,12830526222137048,,128,0,
2137753,3052622,12930526222137048,,129,0,
2137753,3052622,13030526222137048,,130,0,
2137753,3052618,130526182137048,,1,0,
2137753,3052619,130526192137048,,1,0,
2137753,3052620,130526202137048,,1,0,
2137753,3052621,130526212137048,,1,0,
2137753,3052622,130526222137048,,1,0,
2137753,3052623,130526232137048,,1,0,
2137753,3052624,130526242137048,,1,0,
2137753,3052622,13130526222137048,,131,0,
2137753,3052622,13230526222137048,,132,0,
2137753,3052618,1330526182137048,,13,0,
2137753,3052619,1330526192137048,,13,0,
2137753,3052620,1330526202137048,,13,0,
2137753,3052621,1330526212137048,,13,0,
2137753,3052622,1330526222137048,,13,0,
2137753,3052623,1330526232137048,,13,0,
2137753,3052624,1330526242137048,,13,0,
2137753,3052622,13330526222137048,,133,0,
2137753,3052622,13430526222137048,,134,0,
2137753,13052622,13530526222137048,,135,0,
2137753,13052622,13630526222137048,,136,0,
2137753,3052618,1430526182137048,,14,0,
2137753,3052619,1430526192137048,,14,0,
2137753,3052620,1430526202137048,,14,0,
2137753,3052621,1430526212137048,,14,0,
2137753,3052622,1430526222137048,,14,0,
2137753,3052623,1430526232137048,,14,0,
2137753,3052624,1430526242137048,,14,0,
2137753,3052618,1530526182137048,,15,0,
2137753,3052619,1530526192137048,,15,0,
2137753,3052620,1530526202137048,,15,0,
2137753,3052621,1530526212137048,,15,0,
2137753,3052622,1530526222137048,,15,0,
2137753,3052623,1530526232137048,,15,0,
2137753,3052624,1530526242137048,,15,0,
2137753,3052618,1630526182137048,,16,0,
2137753,3052619,1630526192137048,,16,0,
2137753,3052620,1630526202137048,,16,0,
2137753,3052621,1630526212137048,,16,0,
2137753,3052622,1630526222137048,,16,0,
2137753,3052623,1630526232137048,,16,0,
2137753,3052624,1630526242137048,,16,0,
2137753,3052618,1730526182137048,,17,0,
2137753,3052619,1730526192137048,,17,0,
2137753,3052620,1730526202137048,,17,0,
2137753,3052621,1730526212137048,,17,0,
2137753,3052622,1730526222137048,,17,0,
2137753,3052623,1730526232137048,,17,0,
2137753,3052624,1730526242137048,,17,0,
2137753,3052618,1830526182137048,,18,0,
2137753,3052619,1830526192137048,,18,0,
2137753,3052620,1830526202137048,,18,0,
2137753,3052621,1830526212137048,,18,0,
2137753,3052622,1830526222137048,,18,0,
2137753,3052623,1830526232137048,,18,0,
2137753,3052624,1830526242137048,,18,0,
2137753,3052618,1930526182137048,,19,0,
2137753,3052619,1930526192137048,,19,0,
2137753,3052620,1930526202137048,,19,0,
2137753,3052621,1930526212137048,,19,0,
2137753,3052622,1930526222137048,,19,0,
2137753,3052623,1930526232137048,,19,0,
2137753,3052624,1930526242137048,,19,0,
2137753,3052618,2030526182137048,,20,0,
2137753,3052619,2030526192137048,,20,0,
2137753,3052620,2030526202137048,,20,0,
2137753,3052621,2030526212137048,,20,0,
2137753,3052622,2030526222137048,,20,0,
2137753,3052623,2030526232137048,,20,0,
2137753,3052624,2030526242137048,,20,0,
2137753,3052618,2130526182137048,,21,0,
2137753,3052619,2130526192137048,,21,0,
2137753,3052620,2130526202137048,,21,0,
2137753,3052621,2130526212137048,,21,0,
2137753,3052622,2130526222137048,,21,0,
2137753,3052623,2130526232137048,,21,0,
2137753,3052624,2130526242137048,,21,0,
2137753,3052618,2230526182137048,,22,0,
2137753,3052619,2230526192137048,,22,0,
2137753,3052620,2230526202137048,,22,0,
2137753,3052621,2230526212137048,,22,0,
2137753,3052622,2230526222137048,,22,0,
2137753,3052623,2230526232137048,,22,0,
2137753,3052624,2230526242137048,,22,0,
2137753,3052618,230526182137048,,2,0,
2137753,3052619,230526192137048,,2,0,
2137753,3052620,230526202137048,,2,0,
2137753,3052621,230526212137048,,2,0,
2137753,3052622,230526222137048,,2,0,
2137753,3052623,230526232137048,,2,0,
2137753,3052624,230526242137048,,2,0,
2137753,3052618,2330526182137048,,23,0,
2137753,3052619,2330526192137048,,23,0,
2137753,3052620,2330526202137048,,23,0,
2137753,3052621,2330526212137048,,23,0,
2137753,3052622,2330526222137048,,23,0,
2137753,3052623,2330526232137048,,23,0,
2137753,3052624,2330526242137048,,23,0,
2137753,3052618,2430526182137048,,24,0,
2137753,3052619,2430526192137048,,24,0,
2137753,3052620,2430526202137048,,24,0,
2137753,3052621,2430526212137048,,24,0,
2137753,3052622,2430526222137048,,24,0,
2137753,3052623,2430526232137048,,24,0,
2137753,3052624,2430526242137048,,24,0,
2137753,3052618,2530526182137048,,25,0,
2137753,3052619,2530526192137048,,25,0,
2137753,3052620,2530526202137048,,25,0,
2137753,3052621,2530526212137048,,25,0,
2137753,3052622,2530526222137048,,25,0,
2137753,3052623,2530526232137048,,25,0,
2137753,3052624,2530526242137048,,25,0,
2137753,3052618,2630526182137048,,26,0,
2137753,3052619,2630526192137048,,26,0,
2137753,3052620,2630526202137048,,26,0,
2137753,3052621,2630526212137048,,26,0,
2137753,3052622,2630526222137048,,26,0,
2137753,3052623,2630526232137048,,26,0,
2137753,3052624,2630526242137048,,26,0,
2137753,3052618,2730526182137048,,27,0,
2137753,3052619,2730526192137048,,27,0,
2137753,3052620,2730526202137048,,27,0,
2137753,3052621,2730526212137048,,27,0,
2137753,3052622,2730526222137048,,27,0,
2137753,3052623,2730526232137048,,27,0,
2137753,3052624,2730526242137048,,27,0,
2137753,3052618,2830526182137048,,28,0,
2137753,3052619,2830526192137048,,28,0,
2137753,3052620,2830526202137048,,28,0,
2137753,3052621,2830526212137048,,28,0,
2137753,3052622,2830526222137048,,28,0,
2137753,3052623,2830526232137048,,28,0,
2137753,3052624,2830526242137048,,28,0,
2137753,3052618,2930526182137048,,29,0,
2137753,3052619,2930526192137048,,29,0,
2137753,3052620,2930526202137048,,29,0,
2137753,3052621,2930526212137048,,29,0,
2137753,3052622,2930526222137048,,29,0,
2137753,3052623,2930526232137048,,29,0,
2137753,3052624,2930526242137048,,29,0,
2137753,3052618,3030526182137048,,30,0,
2137753,3052619,3030526192137048,,30,0,
2137753,3052620,3030526202137048,,30,0,
2137753,3052621,3030526212137048,,30,0,
2137753,3052622,3030526222137048,,30,0,
2137753,3052623,3030526232137048,,30,0,
2137753,3052624,3030526242137048,,30,0,
2137753,3052618,3130526182137048,,31,0,
2137753,3052619,3130526192137048,,31,0,
2137753,3052620,3130526202137048,,31,0,
2137753,3052621,3130526212137048,,31,0,
2137753,3052622,3130526222137048,,31,0,
2137753,3052623,3130526232137048,,31,0,
2137753,3052624,3130526242137048,,31,0,
2137753,3052618,3230526182137048,,32,0,
2137753,3052619,3230526192137048,,32,0,
2137753,3052620,3230526202137048,,32,0,
2137753,3052621,3230526212137048,,32,0,
2137753,3052622,3230526222137048,,32,0,
2137753,3052623,3230526232137048,,32,0,
2137753,3052624,3230526242137048,,32,0,
2137753,3052618,330526182137048,,3,0,
2137753,3052619,330526192137048,,3,0,
2137753,3052620,330526202137048,,3,0,
2137753,3052621,330526212137048,,3,0,
2137753,3052622,330526222137048,,3,0,
2137753,3052623,330526232137048,,3,0,
2137753,3052624,330526242137048,,3,0,
2137753,3052618,3330526182137048,,33,0,
2137753,3052619,3330526192137048,,33,0,
2137753,3052620,3330526202137048,,33,0,
2137753,3052621,3330526212137048,,33,0,
2137753,3052622,3330526222137048,,33,0,
2137753,3052623,3330526232137048,,33,0,
2137753,3052624,3330526242137048,,33,0,
2137753,3052618,3430526182137048,,34,0,
2137753,3052619,3430526192137048,,34,0,
2137753,3052620,3430526202137048,,34,0,
2137753,3052621,3430526212137048,,34,0,
2137753,3052622,3430526222137048,,34,0,
2137753,3052623,3430526232137048,,34,0,
2137753,3052624,3430526242137048,,34,0,
2137753,3052618,3530526182137048,,35,0,
2137753,3052619,3530526192137048,,35,0,
2137753,3052620,3530526202137048,,35,0,
2137753,3052621,3530526212137048,,35,0,
2137753,3052622,3530526222137048,,35,0,
2137753,3052623,3530526232137048,,35,0,
2137753,3052624,3530526242137048,,35,0,
2137753,3052618,3630526182137048,,36,0,
2137753,3052619,3630526192137048,,36,0,
2137753,3052620,3630526202137048,,36,0,
2137753,3052621,3630526212137048,,36,0,
2137753,3052622,3630526222137048,,36,0,
2137753,3052623,3630526232137048,,36,0,
2137753,3052624,3630526242137048,,36,0,
2137753,3052618,3730526182137048,,37,0,
2137753,3052619,3730526192137048,,37,0,
2137753,3052620,3730526202137048,,37,0,
2137753,3052621,3730526212137048,,37,0,
2137753,3052622,3730526222137048,,37,0,
2137753,3052623,3730526232137048,,37,0,
2137753,3052624,3730526242137048,,37,0,
2137753,3052618,3830526182137048,,38,0,
2137753,3052619,3830526192137048,,38,0,
2137753,3052620,3830526202137048,,38,0,
2137753,3052621,3830526212137048,,38,0,
2137753,3052622,3830526222137048,,38,0,
2137753,3052623,3830526232137048,,38,0,
2137753,3052624,3830526242137048,,38,0,
2137753,3052618,3930526182137048,,39,0,
2137753,3052619,3930526192137048,,39,0,
2137753,3052620,3930526202137048,,39,0,
2137753,3052621,3930526212137048,,39,0,
2137753,3052622,3930526222137048,,39,0,
2137753,3052623,3930526232137048,,39,0,
2137753,3052624,3930526242137048,,39,0,
2137753,3052618,4030526182137048,,40,0,
2137753,3052619,4030526192137048,,40,0,
2137753,3052620,4030526202137048,,40,0,
2137753,3052621,4030526212137048,,40,0,
2137753,3052622,4030526222137048,,40,0,
2137753,3052623,4030526232137048,,40,0,
2137753,3052624,4030526242137048,,40,0,
2137753,3052618,4130526182137048,,41,0,
2137753,3052619,4130526192137048,,41,0,
2137753,3052620,4130526202137048,,41,0,
2137753,3052621,4130526212137048,,41,0,
2137753,3052622,4130526222137048,,41,0,
2137753,3052623,4130526232137048,,41,0,
2137753,3052624,4130526242137048,,41,0,
2137753,3052618,4230526182137048,,42,0,
2137753,3052619,4230526192137048,,42,0,
2137753,3052620,4230526202137048,,42,0,
2137753,3052621,4230526212137048,,42,0,
2137753,3052622,4230526222137048,,42,0,
2137753,3052623,4230526232137048,,42,0,
2137753,3052624,4230526242137048,,42,0,
2137753,3052618,430526182137048,,4,0,
2137753,3052619,430526192137048,,4,0,
2137753,3052620,430526202137048,,4,0,
2137753,3052621,430526212137048,,4,0,
2137753,3052622,430526222137048,,4,0,
2137753,3052623,430526232137048,,4,0,
2137753,3052624,430526242137048,,4,0,
2137753,3052618,4330526182137048,,43,0,
2137753,3052619,4330526192137048,,43,0,
2137753,3052620,4330526202137048,,43,0,
2137753,3052621,4330526212137048,,43,0,
2137753,3052622,4330526222137048,,43,0,
2137753,3052623,4330526232137048,,43,0,
2137753,3052624,4330526242137048,,43,0,
2137753,3052618,4430526182137048,,44,0,
2137753,3052619,4430526192137048,,44,0,
2137753,3052620,4430526202137048,,44,0,
2137753,3052621,4430526212137048,,44,0,
2137753,3052622,4430526222137048,,44,0,
2137753,3052623,4430526232137048,,44,0,
2137753,3052624,4430526242137048,,44,0,
2137753,3052618,4530526182137048,,45,0,
2137753,13052619,4530526192137048,,45,0,
2137753,3052620,4530526202137048,,45,0,
2137753,3052621,4530526212137048,,45,0,
2137753,3052622,4530526222137048,,45,0,
2137753,3052623,4530526232137048,,45,0,
2137753,3052624,4530526242137048,,45,0,
2137753,13052618,4630526182137048,,46,0,
2137753,13052619,4630526192137048,,46,0,
2137753,3052620,4630526202137048,,46,0,
2137753,3052621,4630526212137048,,46,0,
2137753,3052622,4630526222137048,,46,0,
2137753,3052623,4630526232137048,,46,0,
2137753,3052624,4630526242137048,,46,0,
2137753,13052618,4730526182137048,,47,0,
2137753,3052620,4730526202137048,,47,0,
2137753,3052621,4730526212137048,,47,0,
2137753,3052622,4730526222137048,,47,0,
2137753,3052623,4730526232137048,,47,0,
2137753,3052624,4730526242137048,,47,0,
2137753,3052620,4830526202137048,,48,0,
2137753,3052621,4830526212137048,,48,0,
2137753,3052622,4830526222137048,,48,0,
2137753,3052623,4830526232137048,,48,0,
2137753,3052624,4830526242137048,,48,0,
2137753,3052620,4930526202137048,,49,0,
2137753,3052621,4930526212137048,,49,0,
2137753,3052622,4930526222137048,,49,0,
2137753,3052623,4930526232137048,,49,0,
2137753,3052624,4930526242137048,,49,0,
2137753,3052620,5030526202137048,,50,0,
2137753,3052621,5030526212137048,,50,0,
2137753,3052622,5030526222137048,,50,0,
2137753,3052623,5030526232137048,,50,0,
2137753,3052624,5030526242137048,,50,0,
2137753,3052620,5130526202137048,,51,0,
2137753,3052621,5130526212137048,,51,0,
2137753,3052622,5130526222137048,,51,0,
2137753,3052623,5130526232137048,,51,0,
2137753,13052624,5130526242137048,,51,0,
2137753,3052620,5230526202137048,,52,0,
2137753,3052621,5230526212137048,,52,0,
2137753,3052622,5230526222137048,,52,0,
2137753,3052623,5230526232137048,,52,0,
2137753,13052624,5230526242137048,,52,0,
2137753,3052618,530526182137048,,5,0,
2137753,3052619,530526192137048,,5,0,
2137753,3052620,530526202137048,,5,0,
2137753,3052621,530526212137048,,5,0,
2137753,3052622,530526222137048,,5,0,
2137753,3052623,530526232137048,,5,0,
2137753,3052624,530526242137048,,5,0,
2137753,3052620,5330526202137048,,53,0,
2137753,3052621,5330526212137048,,53,0,
2137753,3052622,5330526222137048,,53,0,
2137753,3052623,5330526232137048,,53,0,
2137753,3052620,5430526202137048,,54,0,
2137753,3052621,5430526212137048,,54,0,
2137753,3052622,5430526222137048,,54,0,
2137753,3052623,5430526232137048,,54,0,
2137753,3052620,5530526202137048,,55,0,
2137753,3052621,5530526212137048,,55,0,
2137753,3052622,5530526222137048,,55,0,
2137753,3052623,5530526232137048,,55,0,
2137753,3052620,5630526202137048,,56,0,
2137753,3052621,5630526212137048,,56,0,
2137753,3052622,5630526222137048,,56,0,
2137753,3052623,5630526232137048,,56,0,
2137753,3052620,5730526202137048,,57,0,
2137753,3052621,5730526212137048,,57,0,
2137753,3052622,5730526222137048,,57,0,
2137753,13052623,5730526232137048,,57,0,
2137753,3052620,5830526202137048,,58,0,
2137753,3052621,5830526212137048,,58,0,
2137753,3052622,5830526222137048,,58,0,
2137753,13052623,5830526232137048,,58,0,
2137753,3052620,5930526202137048,,59,0,
2137753,3052621,5930526212137048,,59,0,
2137753,3052622,5930526222137048,,59,0,
2137753,3052620,6030526202137048,,60,0,
2137753,3052621,6030526212137048,,60,0,
2137753,3052622,6030526222137048,,60,0,
2137753,3052620,6130526202137048,,61,0,
2137753,3052621,6130526212137048,,61,0,
2137753,3052622,6130526222137048,,61,0,
2137753,3052620,6230526202137048,,62,0,
2137753,3052621,6230526212137048,,62,0,
2137753,3052622,6230526222137048,,62,0,
2137753,3052618,630526182137048,,6,0,
2137753,3052619,630526192137048,,6,0,
2137753,3052620,630526202137048,,6,0,
2137753,3052621,630526212137048,,6,0,
2137753,3052622,630526222137048,,6,0,
2137753,3052623,630526232137048,,6,0,
2137753,3052624,630526242137048,,6,0,
2137753,3052620,6330526202137048,,63,0,
2137753,3052621,6330526212137048,,63,0,
2137753,3052622,6330526222137048,,63,0,
2137753,3052620,6430526202137048,,64,0,
2137753,3052621,6430526212137048,,64,0,
2137753,3052622,6430526222137048,,64,0,
2137753,3052620,6530526202137048,,65,0,
2137753,3052621,6530526212137048,,65,0,
2137753,3052622,6530526222137048,,65,0,
2137753,3052620,6630526202137048,,66,0,
2137753,3052621,6630526212137048,,66,0,
2137753,3052622,6630526222137048,,66,0,
2137753,3052620,6730526202137048,,67,0,
2137753,3052621,6730526212137048,,67,0,
2137753,3052622,6730526222137048,,67,0,
2137753,3052620,6830526202137048,,68,0,
2137753,3052621,6830526212137048,,68,0,
2137753,3052622,6830526222137048,,68,0,
2137753,3052620,6930526202137048,,69,0,
2137753,3052621,6930526212137048,,69,0,
2137753,3052622,6930526222137048,,69,0,
2137753,3052620,7030526202137048,,70,0,
2137753,3052621,7030526212137048,,70,0,
2137753,3052622,7030526222137048,,70,0,
2137753,3052620,7130526202137048,,71,0,
2137753,3052621,7130526212137048,,71,0,
2137753,3052622,7130526222137048,,71,0,
2137753,3052620,7230526202137048,,72,0,
2137753,3052621,7230526212137048,,72,0,
2137753,3052622,7230526222137048,,72,0,
2137753,3052618,730526182137048,,7,0,
2137753,3052619,730526192137048,,7,0,
2137753,3052620,730526202137048,,7,0,
2137753,3052621,730526212137048,,7,0,
2137753,3052622,730526222137048,,7,0,
2137753,3052623,730526232137048,,7,0,
2137753,3052624,730526242137048,,7,0,
2137753,3052620,7330526202137048,,73,0,
2137753,3052621,7330526212137048,,73,0,
2137753,3052622,7330526222137048,,73,0,
2137753,3052620,7430526202137048,,74,0,
2137753,3052621,7430526212137048,,74,0,
2137753,3052622,7430526222137048,,74,0,
2137753,3052620,7530526202137048,,75,0,
2137753,3052621,7530526212137048,,75,0,
2137753,3052622,7530526222137048,,75,0,
2137753,3052620,7630526202137048,,76,0,
2137753,3052621,7630526212137048,,76,0,
2137753,3052622,7630526222137048,,76,0,
2137753,3052620,7730526202137048,,77,0,
2137753,3052621,7730526212137048,,77,0,
2137753,3052622,7730526222137048,,77,0,
2137753,3052620,7830526202137048,,78,0,
2137753,3052621,7830526212137048,,78,0,
2137753,3052622,7830526222137048,,78,0,
2137753,3052620,7930526202137048,,79,0,
2137753,3052621,7930526212137048,,79,0,
2137753,3052622,7930526222137048,,79,0,
2137753,3052620,8030526202137048,,80,0,
2137753,3052621,8030526212137048,,80,0,
2137753,3052622,8030526222137048,,80,0,
2137753,3052620,8130526202137048,,81,0,
2137753,3052621,8130526212137048,,81,0,
2137753,3052622,8130526222137048,,81,0,
2137753,3052620,8230526202137048,,82,0,
2137753,3052621,8230526212137048,,82,0,
2137753,3052622,8230526222137048,,82,0,
2137753,3052618,830526182137048,,8,0,
2137753,3052619,830526192137048,,8,0,
2137753,3052620,830526202137048,,8,0,
2137753,3052621,830526212137048,,8,0,
2137753,3052622,830526222137048,,8,0,
2137753,3052623,830526232137048,,8,0,
2137753,3052624,830526242137048,,8,0,
2137753,3052620,8330526202137048,,83,0,
2137753,3052621,8330526212137048,,83,0,
2137753,3052622,8330526222137048,,83,0,
2137753,3052620,8430526202137048,,84,0,
2137753,3052621,8430526212137048,,84,0,
2137753,3052622,8430526222137048,,84,0,
2137753,3052620,8530526202137048,,85,0,
2137753,3052621,8530526212137048,,85,0,
2137753,3052622,8530526222137048,,85,0,
2137753,3052620,8630526202137048,,86,0,
2137753,3052621,8630526212137048,,86,0,
2137753,3052622,8630526222137048,,86,0,
2137753,3052620,8730526202137048,,87,0,
2137753,3052621,8730526212137048,,87,0,
2137753,3052622,8730526222137048,,87,0,
2137753,3052620,8830526202137048,,88,0,
2137753,3052621,8830526212137048,,88,0,
2137753,3052622,8830526222137048,,88,0,
2137753,3052620,8930526202137048,,89,0,
2137753,3052621,8930526212137048,,89,0,
2137753,3052622,8930526222137048,,89,0,
2137753,3052620,9030526202137048,,90,0,
2137753,3052621,9030526212137048,,90,0,
2137753,3052622,9030526222137048,,90,0,
2137753,3052620,9130526202137048,,91,0,
2137753,3052621,9130526212137048,,91,0,
2137753,3052622,9130526222137048,,91,0,
2137753,3052620,9230526202137048,,92,0,
2137753,3052621,9230526212137048,,92,0,
2137753,3052622,9230526222137048,,92,0,
2137753,3052618,930526182137048,,9,0,
2137753,3052619,930526192137048,,9,0,
2137753,3052620,930526202137048,,9,0,
2137753,3052621,930526212137048,,9,0,
2137753,3052622,930526222137048,,9,0,
2137753,3052623,930526232137048,,9,0,
2137753,3052624,930526242137048,,9,0,
2137753,3052620,9330526202137048,,93,0,
2137753,3052621,9330526212137048,,93,0,
2137753,3052622,9330526222137048,,93,0,
2137753,3052620,9430526202137048,,94,0,
2137753,3052621,9430526212137048,,94,0,
2137753,3052622,9430526222137048,,94,0,
2137753,3052620,9530526202137048,,95,0,
2137753,3052621,9530526212137048,,95,0,
2137753,3052622,9530526222137048,,95,0,
2137753,3052620,9630526202137048,,96,0,
2137753,3052621,9630526212137048,,96,0,
2137753,3052622,9630526222137048,,96,0,
2137753,3052620,9730526202137048,,97,0,
2137753,3052621,9730526212137048,,97,0,
2137753,3052622,9730526222137048,,97,0,
2137753,3052620,9830526202137048,,98,0,
2137753,3052621,9830526212137048,,98,0,
2137753,3052622,9830526222137048,,98,0,
2137753,3052620,9930526202137048,,99,0,
2137753,3052621,9930526212137048,,99,0,
2137753,3052622,9930526222137048,,99,0,
2137753,3052620,1030526202137049,,10,0,
2137753,3052621,1030526212137049,,10,0,
2137753,3052622,1030526222137049,,10,0,
2137753,3052620,1130526202137049,,11,0,
2137753,3052621,1130526212137049,,11,0,
2137753,3052622,1130526222137049,,11,0,
2137753,3052620,1230526202137049,,12,0,
2137753,3052621,1230526212137049,,12,0,
2137753,3052622,1230526222137049,,12,0,
2137753,3052620,130526202137049,,1,0,
2137753,3052621,130526212137049,,1,0,
2137753,3052622,130526222137049,,1,0,
2137753,3052620,1330526202137049,,13,0,
2137753,3052621,1330526212137049,,13,0,
2137753,3052622,1330526222137049,,13,0,
2137753,3052621,1430526212137049,,14,0,
2137753,3052622,1430526222137049,,14,0,
2137753,3052620,230526202137049,,2,0,
2137753,3052621,230526212137049,,2,0,
2137753,3052622,230526222137049,,2,0,
2137753,3052620,330526202137049,,3,0,
2137753,3052621,330526212137049,,3,0,
2137753,3052622,330526222137049,,3,0,
2137753,3052620,430526202137049,,4,0,
2137753,3052621,430526212137049,,4,0,
2137753,3052622,430526222137049,,4,0,
2137753,3052620,530526202137049,,5,0,
2137753,3052621,530526212137049,,5,0,
2137753,3052622,530526222137049,,5,0,
2137753,3052620,630526202137049,,6,0,
2137753,3052621,630526212137049,,6,0,
2137753,3052622,630526222137049,,6,0,
2137753,3052620,730526202137049,,7,0,
2137753,3052621,730526212137049,,7,0,
2137753,3052622,730526222137049,,7,0,
2137753,3052620,830526202137049,,8,0,
2137753,3052621,830526212137049,,8,0,
2137753,3052622,830526222137049,,8,0,
2137753,3052620,930526202137049,,9,0,
2137753,3052621,930526212137049,,9,0,
2137753,3052622,930526222137049,,9,0,
2137753,3052620,130526202137050,,1,0,
2137753,3052621,130526212137050,,1,0,
2137753,3052622,130526222137050,,1,0,
2137753,3052620,230526202137050,,2,0,
2137753,3052621,230526212137050,,2,0,
2137753,3052622,230526222137050,,2,0,
2137753,3052621,330526212137050,,3,0,
2137753,3052622,330526222137050,,3,0,
2137754,3052625,1030526252137051,,10,0,
2137754,3052626,1030526262137051,,10,0,
2137754,3052627,1030526272137051,,10,0,
2137754,3052628,1030526282137051,,10,0,
2137754,3052625,1130526252137051,,11,0,
2137754,3052626,1130526262137051,,11,0,
2137754,3052627,1130526272137051,,11,0,
2137754,3052628,1130526282137051,,11,0,
2137754,3052625,1230526252137051,,12,0,
2137754,3052626,1230526262137051,,12,0,
2137754,3052627,1230526272137051,,12,0,
2137754,3052628,1230526282137051,,12,0,
2137754,3052625,130526252137051,,1,0,
2137754,3052626,130526262137051,,1,0,
2137754,3052627,130526272137051,,1,0,
2137754,3052628,130526282137051,,1,0,
2137754,3052625,1330526252137051,,13,0,
2137754,3052626,1330526262137051,,13,0,
2137754,3052627,1330526272137051,,13,0,
2137754,3052628,1330526282137051,,13,0,
2137754,3052625,1430526252137051,,14,0,
2137754,3052626,1430526262137051,,14,0,
2137754,3052627,1430526272137051,,14,0,
2137754,3052628,1430526282137051,,14,0,
2137754,3052625,1530526252137051,,15,0,
2137754,3052626,1530526262137051,,15,0,
2137754,3052627,1530526272137051,,15,0,
2137754,3052628,1530526282137051,,15,0,
2137754,3052625,1630526252137051,,16,0,
2137754,3052626,1630526262137051,,16,0,
2137754,3052627,1630526272137051,,16,0,
2137754,3052628,1630526282137051,,16,0,
2137754,3052625,1730526252137051,,17,0,
2137754,3052626,1730526262137051,,17,0,
2137754,3052627,1730526272137051,,17,0,
2137754,3052628,1730526282137051,,17,0,
2137754,3052625,1830526252137051,,18,0,
2137754,3052626,1830526262137051,,18,0,
2137754,3052627,1830526272137051,,18,0,
2137754,3052628,1830526282137051,,18,0,
2137754,3052625,1930526252137051,,19,0,
2137754,3052626,1930526262137051,,19,0,
2137754,3052627,1930526272137051,,19,0,
2137754,3052628,1930526282137051,,19,0,
2137754,3052625,2030526252137051,,20,0,
2137754,3052626,2030526262137051,,20,0,
2137754,3052627,2030526272137051,,20,0,
2137754,3052628,2030526282137051,,20,0,
2137754,3052625,2130526252137051,,21,0,
2137754,3052626,2130526262137051,,21,0,
2137754,3052627,2130526272137051,,21,0,
2137754,3052628,2130526282137051,,21,0,
2137754,3052625,2230526252137051,,22,0,
2137754,3052626,2230526262137051,,22,0,
2137754,3052627,2230526272137051,,22,0,
2137754,3052628,2230526282137051,,22,0,
2137754,3052625,230526252137051,,2,0,
2137754,3052626,230526262137051,,2,0,
2137754,3052627,230526272137051,,2,0,
2137754,3052628,230526282137051,,2,0,
2137754,3052625,2330526252137051,,23,0,
2137754,3052626,2330526262137051,,23,0,
2137754,3052627,2330526272137051,,23,0,
2137754,3052628,2330526282137051,,23,0,
2137754,3052625,2430526252137051,,24,0,
2137754,3052626,2430526262137051,,24,0,
2137754,3052627,2430526272137051,,24,0,
2137754,3052628,2430526282137051,,24,0,
2137754,3052625,2530526252137051,,25,0,
2137754,3052626,2530526262137051,,25,0,
2137754,3052627,2530526272137051,,25,0,
2137754,3052628,2530526282137051,,25,0,
2137754,3052625,2630526252137051,,26,0,
2137754,3052626,2630526262137051,,26,0,
2137754,3052627,2630526272137051,,26,0,
2137754,3052628,2630526282137051,,26,0,
2137754,3052625,2730526252137051,,27,0,
2137754,3052626,2730526262137051,,27,0,
2137754,3052627,2730526272137051,,27,0,
2137754,3052628,2730526282137051,,27,0,
2137754,3052625,2830526252137051,,28,0,
2137754,3052626,2830526262137051,,28,0,
2137754,3052627,2830526272137051,,28,0,
2137754,3052628,2830526282137051,,28,0,
2137754,3052625,2930526252137051,,29,0,
2137754,3052626,2930526262137051,,29,0,
2137754,3052627,2930526272137051,,29,0,
2137754,3052628,2930526282137051,,29,0,
2137754,3052625,3030526252137051,,30,0,
2137754,3052626,3030526262137051,,30,0,
2137754,3052627,3030526272137051,,30,0,
2137754,3052628,3030526282137051,,30,0,
2137754,3052625,3130526252137051,,31,0,
2137754,3052626,3130526262137051,,31,0,
2137754,3052627,3130526272137051,,31,0,
2137754,3052628,3130526282137051,,31,0,
2137754,3052625,3230526252137051,,32,0,
2137754,3052626,3230526262137051,,32,0,
2137754,3052627,3230526272137051,,32,0,
2137754,3052628,3230526282137051,,32,0,
2137754,3052625,330526252137051,,3,0,
2137754,3052626,330526262137051,,3,0,
2137754,3052627,330526272137051,,3,0,
2137754,3052628,330526282137051,,3,0,
2137754,3052625,3330526252137051,,33,0,
2137754,3052626,3330526262137051,,33,0,
2137754,3052627,3330526272137051,,33,0,
2137754,3052628,3330526282137051,,33,0,
2137754,3052625,3430526252137051,,34,0,
2137754,3052626,3430526262137051,,34,0,
2137754,3052627,3430526272137051,,34,0,
2137754,3052628,3430526282137051,,34,0,
2137754,3052625,3530526252137051,,35,0,
2137754,3052626,3530526262137051,,35,0,
2137754,3052627,3530526272137051,,35,0,
2137754,3052628,3530526282137051,,35,0,
2137754,3052625,3630526252137051,,36,0,
2137754,3052626,3630526262137051,,36,0,
2137754,3052627,3630526272137051,,36,0,
2137754,3052628,3630526282137051,,36,0,
2137754,3052625,3730526252137051,,37,0,
2137754,3052626,3730526262137051,,37,0,
2137754,3052627,3730526272137051,,37,0,
2137754,3052628,3730526282137051,,37,0,
2137754,3052625,3830526252137051,,38,0,
2137754,3052626,3830526262137051,,38,0,
2137754,3052627,3830526272137051,,38,0,
2137754,3052628,3830526282137051,,38,0,
2137754,3052625,3930526252137051,,39,0,
2137754,3052626,3930526262137051,,39,0,
2137754,3052627,3930526272137051,,39,0,
2137754,3052628,3930526282137051,,39,0,
2137754,3052625,4030526252137051,,40,0,
2137754,3052626,4030526262137051,,40,0,
2137754,3052627,4030526272137051,,40,0,
2137754,3052628,4030526282137051,,40,0,
2137754,3052625,4130526252137051,,41,0,
2137754,3052626,4130526262137051,,41,0,
2137754,3052627,4130526272137051,,41,0,
2137754,3052628,4130526282137051,,41,0,
2137754,3052625,4230526252137051,,42,0,
2137754,3052626,4230526262137051,,42,0,
2137754,3052627,4230526272137051,,42,0,
2137754,3052628,4230526282137051,,42,0,
2137754,3052625,430526252137051,,4,0,
2137754,3052626,430526262137051,,4,0,
2137754,3052627,430526272137051,,4,0,
2137754,3052628,430526282137051,,4,0,
2137754,3052625,4330526252137051,,43,0,
2137754,3052626,4330526262137051,,43,0,
2137754,3052627,4330526272137051,,43,0,
2137754,3052628,4330526282137051,,43,0,
2137754,3052625,4430526252137051,,44,0,
2137754,3052626,4430526262137051,,44,0,
2137754,3052627,4430526272137051,,44,0,
2137754,3052628,4430526282137051,,44,0,
2137754,3052625,4530526252137051,,45,0,
2137754,3052626,4530526262137051,,45,0,
2137754,3052627,4530526272137051,,45,0,
2137754,3052628,4530526282137051,,45,0,
2137754,3052625,4630526252137051,,46,0,
2137754,3052626,4630526262137051,,46,0,
2137754,3052627,4630526272137051,,46,0,
2137754,3052628,4630526282137051,,46,0,
2137754,3052625,4730526252137051,,47,0,
2137754,3052626,4730526262137051,,47,0,
2137754,3052627,4730526272137051,,47,0,
2137754,3052628,4730526282137051,,47,0,
2137754,3052625,4830526252137051,,48,0,
2137754,3052627,4830526272137051,,48,0,
2137754,3052628,4830526282137051,,48,0,
2137754,3052625,4930526252137051,,49,0,
2137754,3052627,4930526272137051,,49,0,
2137754,3052628,4930526282137051,,49,0,
2137754,3052625,5030526252137051,,50,0,
2137754,3052627,5030526272137051,,50,0,
2137754,3052628,5030526282137051,,50,0,
2137754,3052625,5130526252137051,,51,0,
2137754,3052627,5130526272137051,,51,0,
2137754,3052628,5130526282137051,,51,0,
2137754,3052627,5230526272137051,,52,0,
2137754,3052628,5230526282137051,,52,0,
2137754,3052625,530526252137051,,5,0,
2137754,3052626,530526262137051,,5,0,
2137754,3052627,530526272137051,,5,0,
2137754,3052628,530526282137051,,5,0,
2137754,3052627,5330526272137051,,53,0,
2137754,3052628,5330526282137051,,53,0,
2137754,3052627,5430526272137051,,54,0,
2137754,3052628,5430526282137051,,54,0,
2137754,3052627,5530526272137051,,55,0,
2137754,3052628,5530526282137051,,55,0,
2137754,3052627,5630526272137051,,56,0,
2137754,3052628,5630526282137051,,56,0,
2137754,3052627,5730526272137051,,57,0,
2137754,3052628,5730526282137051,,57,0,
2137754,3052627,5830526272137051,,58,0,
2137754,3052628,5830526282137051,,58,0,
2137754,3052627,5930526272137051,,59,0,
2137754,3052625,630526252137051,,6,0,
2137754,3052626,630526262137051,,6,0,
2137754,3052627,630526272137051,,6,0,
2137754,3052628,630526282137051,,6,0,
2137754,3052625,730526252137051,,7,0,
2137754,3052626,730526262137051,,7,0,
2137754,3052627,730526272137051,,7,0,
2137754,3052628,730526282137051,,7,0,
2137754,3052625,830526252137051,,8,0,
2137754,3052626,830526262137051,,8,0,
2137754,3052627,830526272137051,,8,0,
2137754,3052628,830526282137051,,8,0,
2137754,3052625,930526252137051,,9,0,
2137754,3052626,930526262137051,,9,0,
2137754,3052627,930526272137051,,9,0,
2137754,3052628,930526282137051,,9,0,
