route_id,service_id,trip_id,trip_headsign,trip_short_name,direction_id,shape_id
2178980,3080258,10030802582013333,,100,0,
2178980,3080259,10030802592013333,,100,0,
2178980,3080260,10030802602013333,,100,0,
2178980,3080261,10030802612013333,,100,0,
2178980,3080258,10130802582013333,,101,0,
2178980,3080259,10130802592013333,,101,0,
2178980,3080260,10130802602013333,,101,0,
2178980,3080261,10130802612013333,,101,0,
2178980,3080258,10230802582013333,,102,0,
2178980,3080259,10230802592013333,,102,0,
2178980,3080260,10230802602013333,,102,0,
2178980,3080261,10230802612013333,,102,0,
2178980,3080257,1030802572013333,,10,0,
2178980,3080258,1030802582013333,,10,0,
2178980,3080259,1030802592013333,,10,0,
2178980,3080260,1030802602013333,,10,0,
2178980,3080261,1030802612013333,,10,0,
2178980,3080258,10330802582013333,,103,0,
2178980,3080259,10330802592013333,,103,0,
2178980,3080260,10330802602013333,,103,0,
2178980,3080261,10330802612013333,,103,0,
2178980,3080258,10430802582013333,,104,0,
2178980,3080259,10430802592013333,,104,0,
2178980,3080260,10430802602013333,,104,0,
2178980,3080261,10430802612013333,,104,0,
2178980,3080258,10530802582013333,,105,0,
2178980,3080259,10530802592013333,,105,0,
2178980,3080260,10530802602013333,,105,0,
2178980,3080261,10530802612013333,,105,0,
2178980,3080258,10630802582013333,,106,0,
2178980,3080259,10630802592013333,,106,0,
2178980,3080260,10630802602013333,,106,0,
2178980,3080261,10630802612013333,,106,0,
2178980,3080258,10730802582013333,,107,0,
2178980,3080259,10730802592013333,,107,0,
2178980,3080260,10730802602013333,,107,0,
2178980,3080261,10730802612013333,,107,0,
2178980,3080258,10830802582013333,,108,0,
2178980,3080259,10830802592013333,,108,0,
2178980,3080260,10830802602013333,,108,0,
2178980,13080261,10830802612013333,,108,0,
2178980,3080258,10930802582013333,,109,0,
2178980,3080259,10930802592013333,,109,0,
2178980,3080260,10930802602013333,,109,0,
2178980,13080261,10930802612013333,,109,0,
2178980,3080258,11030802582013333,,110,0,
2178980,3080259,11030802592013333,,110,0,
2178980,3080260,11030802602013333,,110,0,
2178980,3080258,11130802582013333,,111,0,
2178980,3080259,11130802592013333,,111,0,
2178980,3080260,11130802602013333,,111,0,
2178980,3080258,11230802582013333,,112,0,
2178980,3080259,11230802592013333,,112,0,
2178980,3080260,11230802602013333,,112,0,
2178980,3080257,1130802572013333,,11,0,
2178980,3080258,1130802582013333,,11,0,
2178980,3080259,1130802592013333,,11,0,
2178980,3080260,1130802602013333,,11,0,
2178980,3080261,1130802612013333,,11,0,
2178980,3080258,11330802582013333,,113,0,
2178980,3080259,11330802592013333,,113,0,
2178980,3080260,11330802602013333,,113,0,
2178980,3080258,11430802582013333,,114,0,
2178980,3080259,11430802592013333,,114,0,
2178980,3080260,11430802602013333,,114,0,
2178980,3080258,11530802582013333,,115,0,
2178980,13080259,11530802592013333,,115,0,
2178980,13080260,11530802602013333,,115,0,
2178980,3080258,11630802582013333,,116,0,
2178980,13080259,11630802592013333,,116,0,
2178980,13080260,11630802602013333,,116,0,
2178980,3080258,11730802582013333,,117,0,
2178980,3080258,11830802582013333,,118,0,
2178980,3080258,11930802582013333,,119,0,
2178980,3080258,12030802582013333,,120,0,
2178980,3080258,12130802582013333,,121,0,
2178980,3080258,12230802582013333,,122,0,
2178980,3080257,1230802572013333,,12,0,
2178980,3080258,1230802582013333,,12,0,
2178980,3080259,1230802592013333,,12,0,
2178980,3080260,1230802602013333,,12,0,
2178980,3080261,1230802612013333,,12,0,
2178980,3080258,12330802582013333,,123,0,
2178980,3080258,12430802582013333,,124,0,
2178980,3080258,12530802582013333,,125,0,
2178980,3080258,12630802582013333,,126,0,
2178980,3080258,12730802582013333,,127,0,
2178980,3080258,12830802582013333,,128,0,
2178980,3080258,12930802582013333,,129,0,
2178980,3080258,13030802582013333,,130,0,
2178980,3080257,130802572013333,,1,0,
2178980,3080258,130802582013333,,1,0,
2178980,3080259,130802592013333,,1,0,
2178980,3080260,130802602013333,,1,0,
2178980,3080261,130802612013333,,1,0,
2178980,3080258,13130802582013333,,131,0,
2178980,3080258,13230802582013333,,132,0,
2178980,3080257,1330802572013333,,13,0,
2178980,3080258,1330802582013333,,13,0,
2178980,3080259,1330802592013333,,13,0,
2178980,3080260,1330802602013333,,13,0,
2178980,3080261,1330802612013333,,13,0,
2178980,3080258,13330802582013333,,133,0,
2178980,13080258,13430802582013333,,134,0,
2178980,13080258,13530802582013333,,135,0,
2178980,3080257,1430802572013333,,14,0,
2178980,3080258,1430802582013333,,14,0,
2178980,3080259,1430802592013333,,14,0,
2178980,3080260,1430802602013333,,14,0,
2178980,3080261,1430802612013333,,14,0,
2178980,3080257,1530802572013333,,15,0,
2178980,3080258,1530802582013333,,15,0,
2178980,3080259,1530802592013333,,15,0,
2178980,3080260,1530802602013333,,15,0,
2178980,3080261,1530802612013333,,15,0,
2178980,3080257,1630802572013333,,16,0,
2178980,3080258,1630802582013333,,16,0,
2178980,3080259,1630802592013333,,16,0,
2178980,3080260,1630802602013333,,16,0,
2178980,3080261,1630802612013333,,16,0,
2178980,3080257,1730802572013333,,17,0,
2178980,3080258,1730802582013333,,17,0,
2178980,3080259,1730802592013333,,17,0,
2178980,3080260,1730802602013333,,17,0,
2178980,3080261,1730802612013333,,17,0,
2178980,3080257,1830802572013333,,18,0,
2178980,3080258,1830802582013333,,18,0,
2178980,3080259,1830802592013333,,18,0,
2178980,3080260,1830802602013333,,18,0,
2178980,3080261,1830802612013333,,18,0,
2178980,3080257,1930802572013333,,19,0,
2178980,3080258,1930802582013333,,19,0,
2178980,3080259,1930802592013333,,19,0,
2178980,3080260,1930802602013333,,19,0,
2178980,3080261,1930802612013333,,19,0,
2178980,3080257,2030802572013333,,20,0,
2178980,3080258,2030802582013333,,20,0,
2178980,3080259,2030802592013333,,20,0,
2178980,3080260,2030802602013333,,20,0,
2178980,3080261,2030802612013333,,20,0,
2178980,3080257,2130802572013333,,21,0,
2178980,3080258,2130802582013333,,21,0,
2178980,3080259,2130802592013333,,21,0,
2178980,3080260,2130802602013333,,21,0,
2178980,3080261,2130802612013333,,21,0,
2178980,3080257,2230802572013333,,22,0,
2178980,3080258,2230802582013333,,22,0,
2178980,3080259,2230802592013333,,22,0,
2178980,3080260,2230802602013333,,22,0,
2178980,3080261,2230802612013333,,22,0,
2178980,3080257,230802572013333,,2,0,
2178980,3080258,230802582013333,,2,0,
2178980,3080259,230802592013333,,2,0,
2178980,3080260,230802602013333,,2,0,
2178980,3080261,230802612013333,,2,0,
2178980,3080257,2330802572013333,,23,0,
2178980,3080258,2330802582013333,,23,0,
2178980,3080259,2330802592013333,,23,0,
2178980,3080260,2330802602013333,,23,0,
2178980,3080261,2330802612013333,,23,0,
2178980,3080257,2430802572013333,,24,0,
2178980,3080258,2430802582013333,,24,0,
2178980,3080259,2430802592013333,,24,0,
2178980,3080260,2430802602013333,,24,0,
2178980,3080261,2430802612013333,,24,0,
2178980,3080257,2530802572013333,,25,0,
2178980,3080258,2530802582013333,,25,0,
2178980,3080259,2530802592013333,,25,0,
2178980,3080260,2530802602013333,,25,0,
2178980,3080261,2530802612013333,,25,0,
2178980,3080257,2630802572013333,,26,0,
2178980,3080258,2630802582013333,,26,0,
2178980,3080259,2630802592013333,,26,0,
2178980,3080260,2630802602013333,,26,0,
2178980,3080261,2630802612013333,,26,0,
2178980,3080257,2730802572013333,,27,0,
2178980,3080258,2730802582013333,,27,0,
2178980,3080259,2730802592013333,,27,0,
2178980,3080260,2730802602013333,,27,0,
2178980,3080261,2730802612013333,,27,0,
2178980,3080257,2830802572013333,,28,0,
2178980,3080258,2830802582013333,,28,0,
2178980,3080259,2830802592013333,,28,0,
2178980,3080260,2830802602013333,,28,0,
2178980,3080261,2830802612013333,,28,0,
2178980,3080257,2930802572013333,,29,0,
2178980,3080258,2930802582013333,,29,0,
2178980,3080259,2930802592013333,,29,0,
2178980,3080260,2930802602013333,,29,0,
2178980,3080261,2930802612013333,,29,0,
2178980,3080257,3030802572013333,,30,0,
2178980,3080258,3030802582013333,,30,0,
2178980,3080259,3030802592013333,,30,0,
2178980,3080260,3030802602013333,,30,0,
2178980,3080261,3030802612013333,,30,0,
2178980,3080257,3130802572013333,,31,0,
2178980,3080258,3130802582013333,,31,0,
2178980,3080259,3130802592013333,,31,0,
2178980,3080260,3130802602013333,,31,0,
2178980,3080261,3130802612013333,,31,0,
2178980,3080257,3230802572013333,,32,0,
2178980,3080258,3230802582013333,,32,0,
2178980,3080259,3230802592013333,,32,0,
2178980,3080260,3230802602013333,,32,0,
2178980,3080261,3230802612013333,,32,0,
2178980,3080257,330802572013333,,3,0,
2178980,3080258,330802582013333,,3,0,
2178980,3080259,330802592013333,,3,0,
2178980,3080260,330802602013333,,3,0,
2178980,3080261,330802612013333,,3,0,
2178980,3080257,3330802572013333,,33,0,
2178980,3080258,3330802582013333,,33,0,
2178980,3080259,3330802592013333,,33,0,
2178980,3080260,3330802602013333,,33,0,
2178980,3080261,3330802612013333,,33,0,
2178980,3080257,3430802572013333,,34,0,
2178980,3080258,3430802582013333,,34,0,
2178980,3080259,3430802592013333,,34,0,
2178980,3080260,3430802602013333,,34,0,
2178980,3080261,3430802612013333,,34,0,
2178980,3080257,3530802572013333,,35,0,
2178980,3080258,3530802582013333,,35,0,
2178980,3080259,3530802592013333,,35,0,
2178980,3080260,3530802602013333,,35,0,
2178980,3080261,3530802612013333,,35,0,
2178980,3080257,3630802572013333,,36,0,
2178980,3080258,3630802582013333,,36,0,
2178980,3080259,3630802592013333,,36,0,
2178980,3080260,3630802602013333,,36,0,
2178980,3080261,3630802612013333,,36,0,
2178980,3080257,3730802572013333,,37,0,
2178980,3080258,3730802582013333,,37,0,
2178980,3080259,3730802592013333,,37,0,
2178980,3080260,3730802602013333,,37,0,
2178980,3080261,3730802612013333,,37,0,
2178980,3080257,3830802572013333,,38,0,
2178980,3080258,3830802582013333,,38,0,
2178980,3080259,3830802592013333,,38,0,
2178980,3080260,3830802602013333,,38,0,
2178980,3080261,3830802612013333,,38,0,
2178980,3080257,3930802572013333,,39,0,
2178980,3080258,3930802582013333,,39,0,
2178980,3080259,3930802592013333,,39,0,
2178980,3080260,3930802602013333,,39,0,
2178980,3080261,3930802612013333,,39,0,
2178980,3080257,4030802572013333,,40,0,
2178980,3080258,4030802582013333,,40,0,
2178980,3080259,4030802592013333,,40,0,
2178980,3080260,4030802602013333,,40,0,
2178980,3080261,4030802612013333,,40,0,
2178980,3080257,4130802572013333,,41,0,
2178980,3080258,4130802582013333,,41,0,
2178980,3080259,4130802592013333,,41,0,
2178980,3080260,4130802602013333,,41,0,
2178980,3080261,4130802612013333,,41,0,
2178980,3080257,4230802572013333,,42,0,
2178980,3080258,4230802582013333,,42,0,
2178980,3080259,4230802592013333,,42,0,
2178980,3080260,4230802602013333,,42,0,
2178980,3080261,4230802612013333,,42,0,
2178980,3080257,430802572013333,,4,0,
2178980,3080258,430802582013333,,4,0,
2178980,3080259,430802592013333,,4,0,
2178980,3080260,430802602013333,,4,0,
2178980,3080261,430802612013333,,4,0,
2178980,3080257,4330802572013333,,43,0,
2178980,3080258,4330802582013333,,43,0,
2178980,3080259,4330802592013333,,43,0,
2178980,3080260,4330802602013333,,43,0,
2178980,3080261,4330802612013333,,43,0,
2178980,3080257,4430802572013333,,44,0,
2178980,3080258,4430802582013333,,44,0,
2178980,3080259,4430802592013333,,44,0,
2178980,3080260,4430802602013333,,44,0,
2178980,3080261,4430802612013333,,44,0,
2178980,3080257,4530802572013333,,45,0,
2178980,3080258,4530802582013333,,45,0,
2178980,3080259,4530802592013333,,45,0,
2178980,3080260,4530802602013333,,45,0,
2178980,3080261,4530802612013333,,45,0,
2178980,3080257,4630802572013333,,46,0,
2178980,3080258,4630802582013333,,46,0,
2178980,3080259,4630802592013333,,46,0,
2178980,3080260,4630802602013333,,46,0,
2178980,3080261,4630802612013333,,46,0,
2178980,3080257,4730802572013333,,47,0,
2178980,3080258,4730802582013333,,47,0,
2178980,3080259,4730802592013333,,47,0,
2178980,3080260,4730802602013333,,47,0,
2178980,3080261,4730802612013333,,47,0,
2178980,3080257,4830802572013333,,48,0,
2178980,3080258,4830802582013333,,48,0,
2178980,3080259,4830802592013333,,48,0,
2178980,3080260,4830802602013333,,48,0,
2178980,3080261,4830802612013333,,48,0,
2178980,3080257,4930802572013333,,49,0,
2178980,3080258,4930802582013333,,49,0,
2178980,3080259,4930802592013333,,49,0,
2178980,3080260,4930802602013333,,49,0,
2178980,3080261,4930802612013333,,49,0,
2178980,3080257,5030802572013333,,50,0,
2178980,3080258,5030802582013333,,50,0,
2178980,3080259,5030802592013333,,50,0,
2178980,3080260,5030802602013333,,50,0,
2178980,3080261,5030802612013333,,50,0,
2178980,3080257,5130802572013333,,51,0,
2178980,3080258,5130802582013333,,51,0,
2178980,3080259,5130802592013333,,51,0,
2178980,3080260,5130802602013333,,51,0,
2178980,3080261,5130802612013333,,51,0,
2178980,3080257,5230802572013333,,52,0,
2178980,3080258,5230802582013333,,52,0,
2178980,3080259,5230802592013333,,52,0,
2178980,3080260,5230802602013333,,52,0,
2178980,3080261,5230802612013333,,52,0,
2178980,3080257,530802572013333,,5,0,
2178980,3080258,530802582013333,,5,0,
2178980,3080259,530802592013333,,5,0,
2178980,3080260,530802602013333,,5,0,
2178980,3080261,530802612013333,,5,0,
2178980,3080257,5330802572013333,,53,0,
2178980,3080258,5330802582013333,,53,0,
2178980,3080259,5330802592013333,,53,0,
2178980,3080260,5330802602013333,,53,0,
2178980,3080261,5330802612013333,,53,0,
2178980,3080257,5430802572013333,,54,0,
2178980,3080258,5430802582013333,,54,0,
2178980,3080259,5430802592013333,,54,0,
2178980,3080260,5430802602013333,,54,0,
2178980,3080261,5430802612013333,,54,0,
2178980,3080257,5530802572013333,,55,0,
2178980,3080258,5530802582013333,,55,0,
2178980,3080259,5530802592013333,,55,0,
2178980,3080260,5530802602013333,,55,0,
2178980,3080261,5530802612013333,,55,0,
2178980,3080257,5630802572013333,,56,0,
2178980,3080258,5630802582013333,,56,0,
2178980,3080259,5630802592013333,,56,0,
2178980,3080260,5630802602013333,,56,0,
2178980,3080261,5630802612013333,,56,0,
2178980,3080257,5730802572013333,,57,0,
2178980,3080258,5730802582013333,,57,0,
2178980,3080259,5730802592013333,,57,0,
2178980,3080260,5730802602013333,,57,0,
2178980,3080261,5730802612013333,,57,0,
2178980,3080257,5830802572013333,,58,0,
2178980,3080258,5830802582013333,,58,0,
2178980,3080259,5830802592013333,,58,0,
2178980,3080260,5830802602013333,,58,0,
2178980,3080261,5830802612013333,,58,0,
2178980,3080257,5930802572013333,,59,0,
2178980,3080258,5930802582013333,,59,0,
2178980,3080259,5930802592013333,,59,0,
2178980,3080260,5930802602013333,,59,0,
2178980,3080261,5930802612013333,,59,0,
2178980,3080257,6030802572013333,,60,0,
2178980,3080258,6030802582013333,,60,0,
2178980,3080259,6030802592013333,,60,0,
2178980,3080260,6030802602013333,,60,0,
2178980,3080261,6030802612013333,,60,0,
2178980,3080257,6130802572013333,,61,0,
2178980,3080258,6130802582013333,,61,0,
2178980,3080259,6130802592013333,,61,0,
2178980,3080260,6130802602013333,,61,0,
2178980,3080261,6130802612013333,,61,0,
2178980,3080257,6230802572013333,,62,0,
2178980,3080258,6230802582013333,,62,0,
2178980,3080259,6230802592013333,,62,0,
2178980,3080260,6230802602013333,,62,0,
2178980,3080261,6230802612013333,,62,0,
2178980,3080257,630802572013333,,6,0,
2178980,3080258,630802582013333,,6,0,
2178980,3080259,630802592013333,,6,0,
2178980,3080260,630802602013333,,6,0,
2178980,3080261,630802612013333,,6,0,
2178980,3080257,6330802572013333,,63,0,
2178980,3080258,6330802582013333,,63,0,
2178980,3080259,6330802592013333,,63,0,
2178980,3080260,6330802602013333,,63,0,
2178980,3080261,6330802612013333,,63,0,
2178980,3080257,6430802572013333,,64,0,
2178980,3080258,6430802582013333,,64,0,
2178980,3080259,6430802592013333,,64,0,
2178980,3080260,6430802602013333,,64,0,
2178980,3080261,6430802612013333,,64,0,
2178980,3080257,6530802572013333,,65,0,
2178980,3080258,6530802582013333,,65,0,
2178980,3080259,6530802592013333,,65,0,
2178980,3080260,6530802602013333,,65,0,
2178980,3080261,6530802612013333,,65,0,
2178980,3080257,6630802572013333,,66,0,
2178980,3080258,6630802582013333,,66,0,
2178980,3080259,6630802592013333,,66,0,
2178980,3080260,6630802602013333,,66,0,
2178980,3080261,6630802612013333,,66,0,
2178980,3080257,6730802572013333,,67,0,
2178980,3080258,6730802582013333,,67,0,
2178980,3080259,6730802592013333,,67,0,
2178980,3080260,6730802602013333,,67,0,
2178980,3080261,6730802612013333,,67,0,
2178980,3080257,6830802572013333,,68,0,
2178980,3080258,6830802582013333,,68,0,
2178980,3080259,6830802592013333,,68,0,
2178980,3080260,6830802602013333,,68,0,
2178980,3080261,6830802612013333,,68,0,
2178980,3080257,6930802572013333,,69,0,
2178980,3080258,6930802582013333,,69,0,
2178980,3080259,6930802592013333,,69,0,
2178980,3080260,6930802602013333,,69,0,
2178980,3080261,6930802612013333,,69,0,
2178980,3080257,7030802572013333,,70,0,
2178980,3080258,7030802582013333,,70,0,
2178980,3080259,7030802592013333,,70,0,
2178980,3080260,7030802602013333,,70,0,
2178980,3080261,7030802612013333,,70,0,
2178980,3080257,7130802572013333,,71,0,
2178980,3080258,7130802582013333,,71,0,
2178980,3080259,7130802592013333,,71,0,
2178980,3080260,7130802602013333,,71,0,
2178980,3080261,7130802612013333,,71,0,
2178980,3080257,7230802572013333,,72,0,
2178980,3080258,7230802582013333,,72,0,
2178980,3080259,7230802592013333,,72,0,
2178980,3080260,7230802602013333,,72,0,
2178980,3080261,7230802612013333,,72,0,
2178980,3080257,730802572013333,,7,0,
2178980,3080258,730802582013333,,7,0,
2178980,3080259,730802592013333,,7,0,
2178980,3080260,730802602013333,,7,0,
2178980,3080261,730802612013333,,7,0,
2178980,3080257,7330802572013333,,73,0,
2178980,3080258,7330802582013333,,73,0,
2178980,3080259,7330802592013333,,73,0,
2178980,3080260,7330802602013333,,73,0,
2178980,3080261,7330802612013333,,73,0,
2178980,3080257,7430802572013333,,74,0,
2178980,3080258,7430802582013333,,74,0,
2178980,3080259,7430802592013333,,74,0,
2178980,3080260,7430802602013333,,74,0,
2178980,3080261,7430802612013333,,74,0,
2178980,3080257,7530802572013333,,75,0,
2178980,3080258,7530802582013333,,75,0,
2178980,3080259,7530802592013333,,75,0,
2178980,3080260,7530802602013333,,75,0,
2178980,3080261,7530802612013333,,75,0,
2178980,3080257,7630802572013333,,76,0,
2178980,3080258,7630802582013333,,76,0,
2178980,3080259,7630802592013333,,76,0,
2178980,3080260,7630802602013333,,76,0,
2178980,3080261,7630802612013333,,76,0,
2178980,3080257,7730802572013333,,77,0,
2178980,3080258,7730802582013333,,77,0,
2178980,3080259,7730802592013333,,77,0,
2178980,3080260,7730802602013333,,77,0,
2178980,3080261,7730802612013333,,77,0,
2178980,3080257,7830802572013333,,78,0,
2178980,3080258,7830802582013333,,78,0,
2178980,3080259,7830802592013333,,78,0,
2178980,3080260,7830802602013333,,78,0,
2178980,3080261,7830802612013333,,78,0,
2178980,3080257,7930802572013333,,79,0,
2178980,3080258,7930802582013333,,79,0,
2178980,3080259,7930802592013333,,79,0,
2178980,3080260,7930802602013333,,79,0,
2178980,3080261,7930802612013333,,79,0,
2178980,3080257,8030802572013333,,80,0,
2178980,3080258,8030802582013333,,80,0,
2178980,3080259,8030802592013333,,80,0,
2178980,3080260,8030802602013333,,80,0,
2178980,3080261,8030802612013333,,80,0,
2178980,13080257,8130802572013333,,81,0,
2178980,3080258,8130802582013333,,81,0,
2178980,3080259,8130802592013333,,81,0,
2178980,3080260,8130802602013333,,81,0,
2178980,3080261,8130802612013333,,81,0,
2178980,13080257,8230802572013333,,82,0,
2178980,3080258,8230802582013333,,82,0,
2178980,3080259,8230802592013333,,82,0,
2178980,3080260,8230802602013333,,82,0,
2178980,3080261,8230802612013333,,82,0,
2178980,3080257,830802572013333,,8,0,
2178980,3080258,830802582013333,,8,0,
2178980,3080259,830802592013333,,8,0,
2178980,3080260,830802602013333,,8,0,
2178980,3080261,830802612013333,,8,0,
2178980,3080258,8330802582013333,,83,0,
2178980,3080259,8330802592013333,,83,0,
2178980,3080260,8330802602013333,,83,0,
2178980,3080261,8330802612013333,,83,0,
2178980,3080258,8430802582013333,,84,0,
2178980,3080259,8430802592013333,,84,0,
2178980,3080260,8430802602013333,,84,0,
2178980,3080261,8430802612013333,,84,0,
2178980,3080258,8530802582013333,,85,0,
2178980,3080259,8530802592013333,,85,0,
2178980,3080260,8530802602013333,,85,0,
2178980,3080261,8530802612013333,,85,0,
2178980,3080258,8630802582013333,,86,0,
2178980,3080259,8630802592013333,,86,0,
2178980,3080260,8630802602013333,,86,0,
2178980,3080261,8630802612013333,,86,0,
2178980,3080258,8730802582013333,,87,0,
2178980,3080259,8730802592013333,,87,0,
2178980,3080260,8730802602013333,,87,0,
2178980,3080261,8730802612013333,,87,0,
2178980,3080258,8830802582013333,,88,0,
2178980,3080259,8830802592013333,,88,0,
2178980,3080260,8830802602013333,,88,0,
2178980,3080261,8830802612013333,,88,0,
2178980,3080258,8930802582013333,,89,0,
2178980,3080259,8930802592013333,,89,0,
2178980,3080260,8930802602013333,,89,0,
2178980,3080261,8930802612013333,,89,0,
2178980,3080258,9030802582013333,,90,0,
2178980,3080259,9030802592013333,,90,0,
2178980,3080260,9030802602013333,,90,0,
2178980,3080261,9030802612013333,,90,0,
2178980,3080258,9130802582013333,,91,0,
2178980,3080259,9130802592013333,,91,0,
2178980,3080260,9130802602013333,,91,0,
2178980,3080261,9130802612013333,,91,0,
2178980,3080258,9230802582013333,,92,0,
2178980,3080259,9230802592013333,,92,0,
2178980,3080260,9230802602013333,,92,0,
2178980,3080261,9230802612013333,,92,0,
2178980,3080257,930802572013333,,9,0,
2178980,3080258,930802582013333,,9,0,
2178980,3080259,930802592013333,,9,0,
2178980,3080260,930802602013333,,9,0,
2178980,3080261,930802612013333,,9,0,
2178980,3080258,9330802582013333,,93,0,
2178980,3080259,9330802592013333,,93,0,
2178980,3080260,9330802602013333,,93,0,
2178980,3080261,9330802612013333,,93,0,
2178980,3080258,9430802582013333,,94,0,
2178980,3080259,9430802592013333,,94,0,
2178980,3080260,9430802602013333,,94,0,
2178980,3080261,9430802612013333,,94,0,
2178980,3080258,9530802582013333,,95,0,
2178980,3080259,9530802592013333,,95,0,
2178980,3080260,9530802602013333,,95,0,
2178980,3080261,9530802612013333,,95,0,
2178980,3080258,9630802582013333,,96,0,
2178980,3080259,9630802592013333,,96,0,
2178980,3080260,9630802602013333,,96,0,
2178980,3080261,9630802612013333,,96,0,
2178980,3080258,9730802582013333,,97,0,
2178980,3080259,9730802592013333,,97,0,
2178980,3080260,9730802602013333,,97,0,
2178980,3080261,9730802612013333,,97,0,
2178980,3080258,9830802582013333,,98,0,
2178980,3080259,9830802592013333,,98,0,
2178980,3080260,9830802602013333,,98,0,
2178980,3080261,9830802612013333,,98,0,
2178980,3080258,9930802582013333,,99,0,
2178980,3080259,9930802592013333,,99,0,
2178980,3080260,9930802602013333,,99,0,
2178980,3080261,9930802612013333,,99,0,
2178981,3080258,10030802582013334,,100,1,
2178981,3080259,10030802592013334,,100,1,
2178981,3080260,10030802602013334,,100,1,
2178981,3080261,10030802612013334,,100,1,
2178981,3080258,10130802582013334,,101,1,
2178981,3080259,10130802592013334,,101,1,
2178981,3080260,10130802602013334,,101,1,
2178981,3080261,10130802612013334,,101,1,
2178981,3080258,10230802582013334,,102,1,
2178981,3080259,10230802592013334,,102,1,
2178981,3080260,10230802602013334,,102,1,
2178981,3080261,10230802612013334,,102,1,
2178981,3080257,1030802572013334,,10,1,
2178981,3080258,1030802582013334,,10,1,
2178981,3080259,1030802592013334,,10,1,
2178981,3080260,1030802602013334,,10,1,
2178981,3080261,1030802612013334,,10,1,
2178981,3080258,10330802582013334,,103,1,
2178981,3080259,10330802592013334,,103,1,
2178981,3080260,10330802602013334,,103,1,
2178981,3080261,10330802612013334,,103,1,
2178981,3080258,10430802582013334,,104,1,
2178981,3080259,10430802592013334,,104,1,
2178981,3080260,10430802602013334,,104,1,
2178981,3080261,10430802612013334,,104,1,
2178981,3080258,10530802582013334,,105,1,
2178981,3080259,10530802592013334,,105,1,
2178981,3080260,10530802602013334,,105,1,
2178981,3080261,10530802612013334,,105,1,
2178981,3080258,10630802582013334,,106,1,
2178981,3080259,10630802592013334,,106,1,
2178981,3080260,10630802602013334,,106,1,
2178981,3080261,10630802612013334,,106,1,
2178981,3080258,10730802582013334,,107,1,
2178981,3080259,10730802592013334,,107,1,
2178981,3080260,10730802602013334,,107,1,
2178981,3080261,10730802612013334,,107,1,
2178981,3080258,10830802582013334,,108,1,
2178981,3080259,10830802592013334,,108,1,
2178981,3080260,10830802602013334,,108,1,
2178981,3080261,10830802612013334,,108,1,
2178981,3080258,10930802582013334,,109,1,
2178981,3080259,10930802592013334,,109,1,
2178981,3080260,10930802602013334,,109,1,
2178981,13080261,10930802612013334,,109,1,
2178981,3080258,11030802582013334,,110,1,
2178981,3080259,11030802592013334,,110,1,
2178981,3080260,11030802602013334,,110,1,
2178981,13080261,11030802612013334,,110,1,
2178981,3080258,11130802582013334,,111,1,
2178981,13080259,11130802592013334,,111,1,
2178981,3080260,11130802602013334,,111,1,
2178981,3080258,11230802582013334,,112,1,
2178981,13080259,11230802592013334,,112,1,
2178981,13080260,11230802602013334,,112,1,
2178981,3080257,1130802572013334,,11,1,
2178981,3080258,1130802582013334,,11,1,
2178981,3080259,1130802592013334,,11,1,
2178981,3080260,1130802602013334,,11,1,
2178981,3080261,1130802612013334,,11,1,
2178981,3080258,11330802582013334,,113,1,
2178981,13080260,11330802602013334,,113,1,
2178981,3080258,11430802582013334,,114,1,
2178981,3080258,11530802582013334,,115,1,
2178981,3080258,11630802582013334,,116,1,
2178981,3080258,11730802582013334,,117,1,
2178981,3080258,11830802582013334,,118,1,
2178981,3080258,11930802582013334,,119,1,
2178981,3080258,12030802582013334,,120,1,
2178981,3080258,12130802582013334,,121,1,
2178981,3080258,12230802582013334,,122,1,
2178981,3080257,1230802572013334,,12,1,
2178981,3080258,1230802582013334,,12,1,
2178981,3080259,1230802592013334,,12,1,
2178981,3080260,1230802602013334,,12,1,
2178981,3080261,1230802612013334,,12,1,
2178981,3080258,12330802582013334,,123,1,
2178981,3080258,12430802582013334,,124,1,
2178981,3080258,12530802582013334,,125,1,
2178981,3080258,12630802582013334,,126,1,
2178981,3080258,12730802582013334,,127,1,
2178981,3080258,12830802582013334,,128,1,
2178981,3080258,12930802582013334,,129,1,
2178981,3080258,13030802582013334,,130,1,
2178981,3080257,130802572013334,,1,1,
2178981,3080258,130802582013334,,1,1,
2178981,3080259,130802592013334,,1,1,
2178981,3080260,130802602013334,,1,1,
2178981,3080261,130802612013334,,1,1,
2178981,3080258,13130802582013334,,131,1,
2178981,13080258,13230802582013334,,132,1,
2178981,3080257,1330802572013334,,13,1,
2178981,3080258,1330802582013334,,13,1,
2178981,3080259,1330802592013334,,13,1,
2178981,3080260,1330802602013334,,13,1,
2178981,3080261,1330802612013334,,13,1,
2178981,13080258,13330802582013334,,133,1,
2178981,3080257,1430802572013334,,14,1,
2178981,3080258,1430802582013334,,14,1,
2178981,3080259,1430802592013334,,14,1,
2178981,3080260,1430802602013334,,14,1,
2178981,3080261,1430802612013334,,14,1,
2178981,3080257,1530802572013334,,15,1,
2178981,3080258,1530802582013334,,15,1,
2178981,3080259,1530802592013334,,15,1,
2178981,3080260,1530802602013334,,15,1,
2178981,3080261,1530802612013334,,15,1,
2178981,3080257,1630802572013334,,16,1,
2178981,3080258,1630802582013334,,16,1,
2178981,3080259,1630802592013334,,16,1,
2178981,3080260,1630802602013334,,16,1,
2178981,3080261,1630802612013334,,16,1,
2178981,3080257,1730802572013334,,17,1,
2178981,3080258,1730802582013334,,17,1,
2178981,3080259,1730802592013334,,17,1,
2178981,3080260,1730802602013334,,17,1,
2178981,3080261,1730802612013334,,17,1,
2178981,3080257,1830802572013334,,18,1,
2178981,3080258,1830802582013334,,18,1,
2178981,3080259,1830802592013334,,18,1,
2178981,3080260,1830802602013334,,18,1,
2178981,3080261,1830802612013334,,18,1,
2178981,3080257,1930802572013334,,19,1,
2178981,3080258,1930802582013334,,19,1,
2178981,3080259,1930802592013334,,19,1,
2178981,3080260,1930802602013334,,19,1,
2178981,3080261,1930802612013334,,19,1,
2178981,3080257,2030802572013334,,20,1,
2178981,3080258,2030802582013334,,20,1,
2178981,3080259,2030802592013334,,20,1,
2178981,3080260,2030802602013334,,20,1,
2178981,3080261,2030802612013334,,20,1,
2178981,3080257,2130802572013334,,21,1,
2178981,3080258,2130802582013334,,21,1,
2178981,3080259,2130802592013334,,21,1,
2178981,3080260,2130802602013334,,21,1,
2178981,3080261,2130802612013334,,21,1,
2178981,3080257,2230802572013334,,22,1,
2178981,3080258,2230802582013334,,22,1,
2178981,3080259,2230802592013334,,22,1,
2178981,3080260,2230802602013334,,22,1,
2178981,3080261,2230802612013334,,22,1,
2178981,3080257,230802572013334,,2,1,
2178981,3080258,230802582013334,,2,1,
2178981,3080259,230802592013334,,2,1,
2178981,3080260,230802602013334,,2,1,
2178981,3080261,230802612013334,,2,1,
2178981,3080257,2330802572013334,,23,1,
2178981,3080258,2330802582013334,,23,1,
2178981,3080259,2330802592013334,,23,1,
2178981,3080260,2330802602013334,,23,1,
2178981,3080261,2330802612013334,,23,1,
2178981,3080257,2430802572013334,,24,1,
2178981,3080258,2430802582013334,,24,1,
2178981,3080259,2430802592013334,,24,1,
2178981,3080260,2430802602013334,,24,1,
2178981,3080261,2430802612013334,,24,1,
2178981,3080257,2530802572013334,,25,1,
2178981,3080258,2530802582013334,,25,1,
2178981,3080259,2530802592013334,,25,1,
2178981,3080260,2530802602013334,,25,1,
2178981,3080261,2530802612013334,,25,1,
2178981,3080257,2630802572013334,,26,1,
2178981,3080258,2630802582013334,,26,1,
2178981,3080259,2630802592013334,,26,1,
2178981,3080260,2630802602013334,,26,1,
2178981,3080261,2630802612013334,,26,1,
2178981,3080257,2730802572013334,,27,1,
2178981,3080258,2730802582013334,,27,1,
2178981,3080259,2730802592013334,,27,1,
2178981,3080260,2730802602013334,,27,1,
2178981,3080261,2730802612013334,,27,1,
2178981,3080257,2830802572013334,,28,1,
2178981,3080258,2830802582013334,,28,1,
2178981,3080259,2830802592013334,,28,1,
2178981,3080260,2830802602013334,,28,1,
2178981,3080261,2830802612013334,,28,1,
2178981,3080257,2930802572013334,,29,1,
2178981,3080258,2930802582013334,,29,1,
2178981,3080259,2930802592013334,,29,1,
2178981,3080260,2930802602013334,,29,1,
2178981,3080261,2930802612013334,,29,1,
2178981,3080257,3030802572013334,,30,1,
2178981,3080258,3030802582013334,,30,1,
2178981,3080259,3030802592013334,,30,1,
2178981,3080260,3030802602013334,,30,1,
2178981,3080261,3030802612013334,,30,1,
2178981,3080257,3130802572013334,,31,1,
2178981,3080258,3130802582013334,,31,1,
2178981,3080259,3130802592013334,,31,1,
2178981,3080260,3130802602013334,,31,1,
2178981,3080261,3130802612013334,,31,1,
2178981,3080257,3230802572013334,,32,1,
2178981,3080258,3230802582013334,,32,1,
2178981,3080259,3230802592013334,,32,1,
2178981,3080260,3230802602013334,,32,1,
2178981,3080261,3230802612013334,,32,1,
2178981,3080257,330802572013334,,3,1,
2178981,3080258,330802582013334,,3,1,
2178981,3080259,330802592013334,,3,1,
2178981,3080260,330802602013334,,3,1,
2178981,3080261,330802612013334,,3,1,
2178981,3080257,3330802572013334,,33,1,
2178981,3080258,3330802582013334,,33,1,
2178981,3080259,3330802592013334,,33,1,
2178981,3080260,3330802602013334,,33,1,
2178981,3080261,3330802612013334,,33,1,
2178981,3080257,3430802572013334,,34,1,
2178981,3080258,3430802582013334,,34,1,
2178981,3080259,3430802592013334,,34,1,
2178981,3080260,3430802602013334,,34,1,
2178981,3080261,3430802612013334,,34,1,
2178981,3080257,3530802572013334,,35,1,
2178981,3080258,3530802582013334,,35,1,
2178981,3080259,3530802592013334,,35,1,
2178981,3080260,3530802602013334,,35,1,
2178981,3080261,3530802612013334,,35,1,
2178981,3080257,3630802572013334,,36,1,
2178981,3080258,3630802582013334,,36,1,
2178981,3080259,3630802592013334,,36,1,
2178981,3080260,3630802602013334,,36,1,
2178981,3080261,3630802612013334,,36,1,
2178981,3080257,3730802572013334,,37,1,
2178981,3080258,3730802582013334,,37,1,
2178981,3080259,3730802592013334,,37,1,
2178981,3080260,3730802602013334,,37,1,
2178981,3080261,3730802612013334,,37,1,
2178981,3080257,3830802572013334,,38,1,
2178981,3080258,3830802582013334,,38,1,
2178981,3080259,3830802592013334,,38,1,
2178981,3080260,3830802602013334,,38,1,
2178981,3080261,3830802612013334,,38,1,
2178981,3080257,3930802572013334,,39,1,
2178981,3080258,3930802582013334,,39,1,
2178981,3080259,3930802592013334,,39,1,
2178981,3080260,3930802602013334,,39,1,
2178981,3080261,3930802612013334,,39,1,
2178981,3080257,4030802572013334,,40,1,
2178981,3080258,4030802582013334,,40,1,
2178981,3080259,4030802592013334,,40,1,
2178981,3080260,4030802602013334,,40,1,
2178981,3080261,4030802612013334,,40,1,
2178981,3080257,4130802572013334,,41,1,
2178981,3080258,4130802582013334,,41,1,
2178981,3080259,4130802592013334,,41,1,
2178981,3080260,4130802602013334,,41,1,
2178981,3080261,4130802612013334,,41,1,
2178981,3080257,4230802572013334,,42,1,
2178981,3080258,4230802582013334,,42,1,
2178981,3080259,4230802592013334,,42,1,
2178981,3080260,4230802602013334,,42,1,
2178981,3080261,4230802612013334,,42,1,
2178981,3080257,430802572013334,,4,1,
2178981,3080258,430802582013334,,4,1,
2178981,3080259,430802592013334,,4,1,
2178981,3080260,430802602013334,,4,1,
2178981,3080261,430802612013334,,4,1,
2178981,3080257,4330802572013334,,43,1,
2178981,3080258,4330802582013334,,43,1,
2178981,3080259,4330802592013334,,43,1,
2178981,3080260,4330802602013334,,43,1,
2178981,3080261,4330802612013334,,43,1,
2178981,3080257,4430802572013334,,44,1,
2178981,3080258,4430802582013334,,44,1,
2178981,3080259,4430802592013334,,44,1,
2178981,3080260,4430802602013334,,44,1,
2178981,3080261,4430802612013334,,44,1,
2178981,3080257,4530802572013334,,45,1,
2178981,3080258,4530802582013334,,45,1,
2178981,3080259,4530802592013334,,45,1,
2178981,3080260,4530802602013334,,45,1,
2178981,3080261,4530802612013334,,45,1,
2178981,3080257,4630802572013334,,46,1,
2178981,3080258,4630802582013334,,46,1,
2178981,3080259,4630802592013334,,46,1,
2178981,3080260,4630802602013334,,46,1,
2178981,3080261,4630802612013334,,46,1,
2178981,3080257,4730802572013334,,47,1,
2178981,3080258,4730802582013334,,47,1,
2178981,3080259,4730802592013334,,47,1,
2178981,3080260,4730802602013334,,47,1,
2178981,3080261,4730802612013334,,47,1,
2178981,3080257,4830802572013334,,48,1,
2178981,3080258,4830802582013334,,48,1,
2178981,3080259,4830802592013334,,48,1,
2178981,3080260,4830802602013334,,48,1,
2178981,3080261,4830802612013334,,48,1,
2178981,3080257,4930802572013334,,49,1,
2178981,3080258,4930802582013334,,49,1,
2178981,3080259,4930802592013334,,49,1,
2178981,3080260,4930802602013334,,49,1,
2178981,3080261,4930802612013334,,49,1,
2178981,3080257,5030802572013334,,50,1,
2178981,3080258,5030802582013334,,50,1,
2178981,3080259,5030802592013334,,50,1,
2178981,3080260,5030802602013334,,50,1,
2178981,3080261,5030802612013334,,50,1,
2178981,3080257,5130802572013334,,51,1,
2178981,3080258,5130802582013334,,51,1,
2178981,3080259,5130802592013334,,51,1,
2178981,3080260,5130802602013334,,51,1,
2178981,3080261,5130802612013334,,51,1,
2178981,3080257,5230802572013334,,52,1,
2178981,3080258,5230802582013334,,52,1,
2178981,3080259,5230802592013334,,52,1,
2178981,3080260,5230802602013334,,52,1,
2178981,3080261,5230802612013334,,52,1,
2178981,3080257,530802572013334,,5,1,
2178981,3080258,530802582013334,,5,1,
2178981,3080259,530802592013334,,5,1,
2178981,3080260,530802602013334,,5,1,
2178981,3080261,530802612013334,,5,1,
2178981,3080257,5330802572013334,,53,1,
2178981,3080258,5330802582013334,,53,1,
2178981,3080259,5330802592013334,,53,1,
2178981,3080260,5330802602013334,,53,1,
2178981,3080261,5330802612013334,,53,1,
2178981,3080257,5430802572013334,,54,1,
2178981,3080258,5430802582013334,,54,1,
2178981,3080259,5430802592013334,,54,1,
2178981,3080260,5430802602013334,,54,1,
2178981,3080261,5430802612013334,,54,1,
2178981,3080257,5530802572013334,,55,1,
2178981,3080258,5530802582013334,,55,1,
2178981,3080259,5530802592013334,,55,1,
2178981,3080260,5530802602013334,,55,1,
2178981,3080261,5530802612013334,,55,1,
2178981,3080257,5630802572013334,,56,1,
2178981,3080258,5630802582013334,,56,1,
2178981,3080259,5630802592013334,,56,1,
2178981,3080260,5630802602013334,,56,1,
2178981,3080261,5630802612013334,,56,1,
2178981,3080257,5730802572013334,,57,1,
2178981,3080258,5730802582013334,,57,1,
2178981,3080259,5730802592013334,,57,1,
2178981,3080260,5730802602013334,,57,1,
2178981,3080261,5730802612013334,,57,1,
2178981,3080257,5830802572013334,,58,1,
2178981,3080258,5830802582013334,,58,1,
2178981,3080259,5830802592013334,,58,1,
2178981,3080260,5830802602013334,,58,1,
2178981,3080261,5830802612013334,,58,1,
2178981,3080257,5930802572013334,,59,1,
2178981,3080258,5930802582013334,,59,1,
2178981,3080259,5930802592013334,,59,1,
2178981,3080260,5930802602013334,,59,1,
2178981,3080261,5930802612013334,,59,1,
2178981,3080257,6030802572013334,,60,1,
2178981,3080258,6030802582013334,,60,1,
2178981,3080259,6030802592013334,,60,1,
2178981,3080260,6030802602013334,,60,1,
2178981,3080261,6030802612013334,,60,1,
2178981,3080257,6130802572013334,,61,1,
2178981,3080258,6130802582013334,,61,1,
2178981,3080259,6130802592013334,,61,1,
2178981,3080260,6130802602013334,,61,1,
2178981,3080261,6130802612013334,,61,1,
2178981,3080257,6230802572013334,,62,1,
2178981,3080258,6230802582013334,,62,1,
2178981,3080259,6230802592013334,,62,1,
2178981,3080260,6230802602013334,,62,1,
2178981,3080261,6230802612013334,,62,1,
2178981,3080257,630802572013334,,6,1,
2178981,3080258,630802582013334,,6,1,
2178981,3080259,630802592013334,,6,1,
2178981,3080260,630802602013334,,6,1,
2178981,3080261,630802612013334,,6,1,
2178981,3080257,6330802572013334,,63,1,
2178981,3080258,6330802582013334,,63,1,
2178981,3080259,6330802592013334,,63,1,
2178981,3080260,6330802602013334,,63,1,
2178981,3080261,6330802612013334,,63,1,
2178981,3080257,6430802572013334,,64,1,
2178981,3080258,6430802582013334,,64,1,
2178981,3080259,6430802592013334,,64,1,
2178981,3080260,6430802602013334,,64,1,
2178981,3080261,6430802612013334,,64,1,
2178981,3080257,6530802572013334,,65,1,
2178981,3080258,6530802582013334,,65,1,
2178981,3080259,6530802592013334,,65,1,
2178981,3080260,6530802602013334,,65,1,
2178981,3080261,6530802612013334,,65,1,
2178981,3080257,6630802572013334,,66,1,
2178981,3080258,6630802582013334,,66,1,
2178981,3080259,6630802592013334,,66,1,
2178981,3080260,6630802602013334,,66,1,
2178981,3080261,6630802612013334,,66,1,
2178981,3080257,6730802572013334,,67,1,
2178981,3080258,6730802582013334,,67,1,
2178981,3080259,6730802592013334,,67,1,
2178981,3080260,6730802602013334,,67,1,
2178981,3080261,6730802612013334,,67,1,
2178981,3080257,6830802572013334,,68,1,
2178981,3080258,6830802582013334,,68,1,
2178981,3080259,6830802592013334,,68,1,
2178981,3080260,6830802602013334,,68,1,
2178981,3080261,6830802612013334,,68,1,
2178981,3080257,6930802572013334,,69,1,
2178981,3080258,6930802582013334,,69,1,
2178981,3080259,6930802592013334,,69,1,
2178981,3080260,6930802602013334,,69,1,
2178981,3080261,6930802612013334,,69,1,
2178981,3080257,7030802572013334,,70,1,
2178981,3080258,7030802582013334,,70,1,
2178981,3080259,7030802592013334,,70,1,
2178981,3080260,7030802602013334,,70,1,
2178981,3080261,7030802612013334,,70,1,
2178981,3080257,7130802572013334,,71,1,
2178981,3080258,7130802582013334,,71,1,
2178981,3080259,7130802592013334,,71,1,
2178981,3080260,7130802602013334,,71,1,
2178981,3080261,7130802612013334,,71,1,
2178981,3080257,7230802572013334,,72,1,
2178981,3080258,7230802582013334,,72,1,
2178981,3080259,7230802592013334,,72,1,
2178981,3080260,7230802602013334,,72,1,
2178981,3080261,7230802612013334,,72,1,
2178981,3080257,730802572013334,,7,1,
2178981,3080258,730802582013334,,7,1,
2178981,3080259,730802592013334,,7,1,
2178981,3080260,730802602013334,,7,1,
2178981,3080261,730802612013334,,7,1,
2178981,3080257,7330802572013334,,73,1,
2178981,3080258,7330802582013334,,73,1,
2178981,3080259,7330802592013334,,73,1,
2178981,3080260,7330802602013334,,73,1,
2178981,3080261,7330802612013334,,73,1,
2178981,3080257,7430802572013334,,74,1,
2178981,3080258,7430802582013334,,74,1,
2178981,3080259,7430802592013334,,74,1,
2178981,3080260,7430802602013334,,74,1,
2178981,3080261,7430802612013334,,74,1,
2178981,3080257,7530802572013334,,75,1,
2178981,3080258,7530802582013334,,75,1,
2178981,3080259,7530802592013334,,75,1,
2178981,3080260,7530802602013334,,75,1,
2178981,3080261,7530802612013334,,75,1,
2178981,3080257,7630802572013334,,76,1,
2178981,3080258,7630802582013334,,76,1,
2178981,3080259,7630802592013334,,76,1,
2178981,3080260,7630802602013334,,76,1,
2178981,3080261,7630802612013334,,76,1,
2178981,3080257,7730802572013334,,77,1,
2178981,3080258,7730802582013334,,77,1,
2178981,3080259,7730802592013334,,77,1,
2178981,3080260,7730802602013334,,77,1,
2178981,3080261,7730802612013334,,77,1,
2178981,3080257,7830802572013334,,78,1,
2178981,3080258,7830802582013334,,78,1,
2178981,3080259,7830802592013334,,78,1,
2178981,3080260,7830802602013334,,78,1,
2178981,3080261,7830802612013334,,78,1,
2178981,3080257,7930802572013334,,79,1,
2178981,3080258,7930802582013334,,79,1,
2178981,3080259,7930802592013334,,79,1,
2178981,3080260,7930802602013334,,79,1,
2178981,3080261,7930802612013334,,79,1,
2178981,3080257,8030802572013334,,80,1,
2178981,3080258,8030802582013334,,80,1,
2178981,3080259,8030802592013334,,80,1,
2178981,3080260,8030802602013334,,80,1,
2178981,3080261,8030802612013334,,80,1,
2178981,13080257,8130802572013334,,81,1,
2178981,3080258,8130802582013334,,81,1,
2178981,3080259,8130802592013334,,81,1,
2178981,3080260,8130802602013334,,81,1,
2178981,3080261,8130802612013334,,81,1,
2178981,13080257,8230802572013334,,82,1,
2178981,3080258,8230802582013334,,82,1,
2178981,3080259,8230802592013334,,82,1,
2178981,3080260,8230802602013334,,82,1,
2178981,3080261,8230802612013334,,82,1,
2178981,3080257,830802572013334,,8,1,
2178981,3080258,830802582013334,,8,1,
2178981,3080259,830802592013334,,8,1,
2178981,3080260,830802602013334,,8,1,
2178981,3080261,830802612013334,,8,1,
2178981,3080258,8330802582013334,,83,1,
2178981,3080259,8330802592013334,,83,1,
2178981,3080260,8330802602013334,,83,1,
2178981,3080261,8330802612013334,,83,1,
2178981,3080258,8430802582013334,,84,1,
2178981,3080259,8430802592013334,,84,1,
2178981,3080260,8430802602013334,,84,1,
2178981,3080261,8430802612013334,,84,1,
2178981,3080258,8530802582013334,,85,1,
2178981,3080259,8530802592013334,,85,1,
2178981,3080260,8530802602013334,,85,1,
2178981,3080261,8530802612013334,,85,1,
2178981,3080258,8630802582013334,,86,1,
2178981,3080259,8630802592013334,,86,1,
2178981,3080260,8630802602013334,,86,1,
2178981,3080261,8630802612013334,,86,1,
2178981,3080258,8730802582013334,,87,1,
2178981,3080259,8730802592013334,,87,1,
2178981,3080260,8730802602013334,,87,1,
2178981,3080261,8730802612013334,,87,1,
2178981,3080258,8830802582013334,,88,1,
2178981,3080259,8830802592013334,,88,1,
2178981,3080260,8830802602013334,,88,1,
2178981,3080261,8830802612013334,,88,1,
2178981,3080258,8930802582013334,,89,1,
2178981,3080259,8930802592013334,,89,1,
2178981,3080260,8930802602013334,,89,1,
2178981,3080261,8930802612013334,,89,1,
2178981,3080258,9030802582013334,,90,1,
2178981,3080259,9030802592013334,,90,1,
2178981,3080260,9030802602013334,,90,1,
2178981,3080261,9030802612013334,,90,1,
2178981,3080258,9130802582013334,,91,1,
2178981,3080259,9130802592013334,,91,1,
2178981,3080260,9130802602013334,,91,1,
2178981,3080261,9130802612013334,,91,1,
2178981,3080258,9230802582013334,,92,1,
2178981,3080259,9230802592013334,,92,1,
2178981,3080260,9230802602013334,,92,1,
2178981,3080261,9230802612013334,,92,1,
2178981,3080257,930802572013334,,9,1,
2178981,3080258,930802582013334,,9,1,
2178981,3080259,930802592013334,,9,1,
2178981,3080260,930802602013334,,9,1,
2178981,3080261,930802612013334,,9,1,
2178981,3080258,9330802582013334,,93,1,
2178981,3080259,9330802592013334,,93,1,
2178981,3080260,9330802602013334,,93,1,
2178981,3080261,9330802612013334,,93,1,
2178981,3080258,9430802582013334,,94,1,
2178981,3080259,9430802592013334,,94,1,
2178981,3080260,9430802602013334,,94,1,
2178981,3080261,9430802612013334,,94,1,
2178981,3080258,9530802582013334,,95,1,
2178981,3080259,9530802592013334,,95,1,
2178981,3080260,9530802602013334,,95,1,
2178981,3080261,9530802612013334,,95,1,
2178981,3080258,9630802582013334,,96,1,
2178981,3080259,9630802592013334,,96,1,
2178981,3080260,9630802602013334,,96,1,
2178981,3080261,9630802612013334,,96,1,
2178981,3080258,9730802582013334,,97,1,
2178981,3080259,9730802592013334,,97,1,
2178981,3080260,9730802602013334,,97,1,
2178981,3080261,9730802612013334,,97,1,
2178981,3080258,9830802582013334,,98,1,
2178981,3080259,9830802592013334,,98,1,
2178981,3080260,9830802602013334,,98,1,
2178981,3080261,9830802612013334,,98,1,
2178981,3080258,9930802582013334,,99,1,
2178981,3080259,9930802592013334,,99,1,
2178981,3080260,9930802602013334,,99,1,
2178981,3080261,9930802612013334,,99,1,
