route_id,service_id,trip_id,trip_headsign,trip_short_name,direction_id,shape_id
1941107,3067558,10030675581220343,,100,0,
1941107,3067560,10030675601220343,,100,0,
1941107,3067561,10030675611220343,,100,0,
1941107,3080369,10030803691220343,,100,0,
1941107,3080370,10030803701220343,,100,0,
1941107,3080371,10030803711220343,,100,0,
1941107,3067558,10130675581220343,,101,0,
1941107,3067560,10130675601220343,,101,0,
1941107,3067561,10130675611220343,,101,0,
1941107,3080369,10130803691220343,,101,0,
1941107,3080370,10130803701220343,,101,0,
1941107,3080371,10130803711220343,,101,0,
1941107,3067558,10230675581220343,,102,0,
1941107,3067560,10230675601220343,,102,0,
1941107,3067561,10230675611220343,,102,0,
1941107,3080369,10230803691220343,,102,0,
1941107,3080370,10230803701220343,,102,0,
1941107,3080371,10230803711220343,,102,0,
1941107,3067558,1030675581220343,,10,0,
1941107,3067560,1030675601220343,,10,0,
1941107,3067561,1030675611220343,,10,0,
1941107,3067592,1030675921220343,,10,0,
1941107,3080368,1030803681220343,,10,0,
1941107,3080369,1030803691220343,,10,0,
1941107,3080370,1030803701220343,,10,0,
1941107,3080371,1030803711220343,,10,0,
1941107,3067558,10330675581220343,,103,0,
1941107,3067560,10330675601220343,,103,0,
1941107,3067561,10330675611220343,,103,0,
1941107,3080369,10330803691220343,,103,0,
1941107,3080370,10330803701220343,,103,0,
1941107,3080371,10330803711220343,,103,0,
1941107,3067558,10430675581220343,,104,0,
1941107,3067560,10430675601220343,,104,0,
1941107,3067561,10430675611220343,,104,0,
1941107,3080369,10430803691220343,,104,0,
1941107,3080370,10430803701220343,,104,0,
1941107,3080371,10430803711220343,,104,0,
1941107,3067558,10530675581220343,,105,0,
1941107,3067560,10530675601220343,,105,0,
1941107,3067561,10530675611220343,,105,0,
1941107,3080369,10530803691220343,,105,0,
1941107,3080370,10530803701220343,,105,0,
1941107,3080371,10530803711220343,,105,0,
1941107,3067558,10630675581220343,,106,0,
1941107,3067560,10630675601220343,,106,0,
1941107,3067561,10630675611220343,,106,0,
1941107,3080369,10630803691220343,,106,0,
1941107,3080370,10630803701220343,,106,0,
1941107,3080371,10630803711220343,,106,0,
1941107,3067558,10730675581220343,,107,0,
1941107,3067560,10730675601220343,,107,0,
1941107,3067561,10730675611220343,,107,0,
1941107,3080369,10730803691220343,,107,0,
1941107,3080370,10730803701220343,,107,0,
1941107,3080371,10730803711220343,,107,0,
1941107,3067558,10830675581220343,,108,0,
1941107,3067560,10830675601220343,,108,0,
1941107,3067561,10830675611220343,,108,0,
1941107,3080369,10830803691220343,,108,0,
1941107,3080370,10830803701220343,,108,0,
1941107,3080371,10830803711220343,,108,0,
1941107,3067558,10930675581220343,,109,0,
1941107,3067560,10930675601220343,,109,0,
1941107,3067561,10930675611220343,,109,0,
1941107,3080369,10930803691220343,,109,0,
1941107,3080370,10930803701220343,,109,0,
1941107,3080371,10930803711220343,,109,0,
1941107,3067558,11030675581220343,,110,0,
1941107,3067560,11030675601220343,,110,0,
1941107,3067561,11030675611220343,,110,0,
1941107,3080369,11030803691220343,,110,0,
1941107,3080370,11030803701220343,,110,0,
1941107,3080371,11030803711220343,,110,0,
1941107,3067558,11130675581220343,,111,0,
1941107,3067560,11130675601220343,,111,0,
1941107,3067561,11130675611220343,,111,0,
1941107,3080369,11130803691220343,,111,0,
1941107,3080370,11130803701220343,,111,0,
1941107,3080371,11130803711220343,,111,0,
1941107,3067558,11230675581220343,,112,0,
1941107,3067560,11230675601220343,,112,0,
1941107,3067561,11230675611220343,,112,0,
1941107,3080369,11230803691220343,,112,0,
1941107,3080370,11230803701220343,,112,0,
1941107,3080371,11230803711220343,,112,0,
1941107,3067558,1130675581220343,,11,0,
1941107,3067560,1130675601220343,,11,0,
1941107,3067561,1130675611220343,,11,0,
1941107,3067592,1130675921220343,,11,0,
1941107,3080368,1130803681220343,,11,0,
1941107,3080369,1130803691220343,,11,0,
1941107,3080370,1130803701220343,,11,0,
1941107,3080371,1130803711220343,,11,0,
1941107,3067558,11330675581220343,,113,0,
1941107,3067560,11330675601220343,,113,0,
1941107,3067561,11330675611220343,,113,0,
1941107,3080369,11330803691220343,,113,0,
1941107,13080370,11330803701220343,,113,0,
1941107,3080371,11330803711220343,,113,0,
1941107,3067558,11430675581220343,,114,0,
1941107,3067560,11430675601220343,,114,0,
1941107,3067561,11430675611220343,,114,0,
1941107,3080369,11430803691220343,,114,0,
1941107,13080370,11430803701220343,,114,0,
1941107,3080371,11430803711220343,,114,0,
1941107,3067558,11530675581220343,,115,0,
1941107,3067560,11530675601220343,,115,0,
1941107,3067561,11530675611220343,,115,0,
1941107,3080369,11530803691220343,,115,0,
1941107,13080370,11530803701220343,,115,0,
1941107,3080371,11530803711220343,,115,0,
1941107,3067558,11630675581220343,,116,0,
1941107,3067560,11630675601220343,,116,0,
1941107,3067561,11630675611220343,,116,0,
1941107,3080369,11630803691220343,,116,0,
1941107,13080370,11630803701220343,,116,0,
1941107,3080371,11630803711220343,,116,0,
1941107,3067558,11730675581220343,,117,0,
1941107,3067560,11730675601220343,,117,0,
1941107,3067561,11730675611220343,,117,0,
1941107,3080369,11730803691220343,,117,0,
1941107,13080370,11730803701220343,,117,0,
1941107,3080371,11730803711220343,,117,0,
1941107,3067558,11830675581220343,,118,0,
1941107,3067560,11830675601220343,,118,0,
1941107,3067561,11830675611220343,,118,0,
1941107,3080369,11830803691220343,,118,0,
1941107,3080371,11830803711220343,,118,0,
1941107,3067558,11930675581220343,,119,0,
1941107,3067560,11930675601220343,,119,0,
1941107,3067561,11930675611220343,,119,0,
1941107,3080369,11930803691220343,,119,0,
1941107,3080371,11930803711220343,,119,0,
1941107,3067558,12030675581220343,,120,0,
1941107,3067560,12030675601220343,,120,0,
1941107,3067561,12030675611220343,,120,0,
1941107,3080369,12030803691220343,,120,0,
1941107,3080371,12030803711220343,,120,0,
1941107,3067558,12130675581220343,,121,0,
1941107,3067560,12130675601220343,,121,0,
1941107,3067561,12130675611220343,,121,0,
1941107,3080369,12130803691220343,,121,0,
1941107,3080371,12130803711220343,,121,0,
1941107,3067558,12230675581220343,,122,0,
1941107,3067560,12230675601220343,,122,0,
1941107,3067561,12230675611220343,,122,0,
1941107,3080369,12230803691220343,,122,0,
1941107,3080371,12230803711220343,,122,0,
1941107,3067558,1230675581220343,,12,0,
1941107,3067560,1230675601220343,,12,0,
1941107,3067561,1230675611220343,,12,0,
1941107,3067592,1230675921220343,,12,0,
1941107,3080368,1230803681220343,,12,0,
1941107,3080369,1230803691220343,,12,0,
1941107,3080370,1230803701220343,,12,0,
1941107,3080371,1230803711220343,,12,0,
1941107,3067558,12330675581220343,,123,0,
1941107,3067560,12330675601220343,,123,0,
1941107,3067561,12330675611220343,,123,0,
1941107,3080369,12330803691220343,,123,0,
1941107,3080371,12330803711220343,,123,0,
1941107,3067558,12430675581220343,,124,0,
1941107,3067560,12430675601220343,,124,0,
1941107,3067561,12430675611220343,,124,0,
1941107,3080369,12430803691220343,,124,0,
1941107,3080371,12430803711220343,,124,0,
1941107,3067558,12530675581220343,,125,0,
1941107,3067560,12530675601220343,,125,0,
1941107,3067561,12530675611220343,,125,0,
1941107,3080369,12530803691220343,,125,0,
1941107,3080371,12530803711220343,,125,0,
1941107,3067558,12630675581220343,,126,0,
1941107,3067560,12630675601220343,,126,0,
1941107,3067561,12630675611220343,,126,0,
1941107,3080369,12630803691220343,,126,0,
1941107,3080371,12630803711220343,,126,0,
1941107,3067558,12730675581220343,,127,0,
1941107,3067560,12730675601220343,,127,0,
1941107,3067561,12730675611220343,,127,0,
1941107,3080369,12730803691220343,,127,0,
1941107,3080371,12730803711220343,,127,0,
1941107,3067558,12830675581220343,,128,0,
1941107,3067560,12830675601220343,,128,0,
1941107,3067561,12830675611220343,,128,0,
1941107,3080369,12830803691220343,,128,0,
1941107,3080371,12830803711220343,,128,0,
1941107,3067558,12930675581220343,,129,0,
1941107,3067560,12930675601220343,,129,0,
1941107,3067561,12930675611220343,,129,0,
1941107,3080369,12930803691220343,,129,0,
1941107,3080371,12930803711220343,,129,0,
1941107,3067558,13030675581220343,,130,0,
1941107,3067560,13030675601220343,,130,0,
1941107,3067561,13030675611220343,,130,0,
1941107,3080369,13030803691220343,,130,0,
1941107,3080371,13030803711220343,,130,0,
1941107,3067558,130675581220343,,1,0,
1941107,3067560,130675601220343,,1,0,
1941107,3067561,130675611220343,,1,0,
1941107,3067592,130675921220343,,1,0,
1941107,3080368,130803681220343,,1,0,
1941107,3080369,130803691220343,,1,0,
1941107,3080370,130803701220343,,1,0,
1941107,3080371,130803711220343,,1,0,
1941107,3067558,13130675581220343,,131,0,
1941107,3067560,13130675601220343,,131,0,
1941107,3067561,13130675611220343,,131,0,
1941107,3080369,13130803691220343,,131,0,
1941107,3080371,13130803711220343,,131,0,
1941107,3067558,13230675581220343,,132,0,
1941107,3067560,13230675601220343,,132,0,
1941107,3067561,13230675611220343,,132,0,
1941107,3080369,13230803691220343,,132,0,
1941107,3080371,13230803711220343,,132,0,
1941107,3067558,1330675581220343,,13,0,
1941107,3067560,1330675601220343,,13,0,
1941107,3067561,1330675611220343,,13,0,
1941107,3067592,1330675921220343,,13,0,
1941107,3080368,1330803681220343,,13,0,
1941107,3080369,1330803691220343,,13,0,
1941107,3080370,1330803701220343,,13,0,
1941107,3080371,1330803711220343,,13,0,
1941107,3067558,13330675581220343,,133,0,
1941107,3067560,13330675601220343,,133,0,
1941107,3067561,13330675611220343,,133,0,
1941107,3080369,13330803691220343,,133,0,
1941107,3080371,13330803711220343,,133,0,
1941107,3067558,13430675581220343,,134,0,
1941107,3067560,13430675601220343,,134,0,
1941107,3067561,13430675611220343,,134,0,
1941107,3080369,13430803691220343,,134,0,
1941107,3080371,13430803711220343,,134,0,
1941107,3067558,13530675581220343,,135,0,
1941107,3067560,13530675601220343,,135,0,
1941107,3067561,13530675611220343,,135,0,
1941107,3080369,13530803691220343,,135,0,
1941107,3080371,13530803711220343,,135,0,
1941107,13067558,13630675581220343,,136,0,
1941107,13067560,13630675601220343,,136,0,
1941107,13067561,13630675611220343,,136,0,
1941107,3080369,13630803691220343,,136,0,
1941107,3080371,13630803711220343,,136,0,
1941107,13067558,13730675581220343,,137,0,
1941107,13067560,13730675601220343,,137,0,
1941107,13067561,13730675611220343,,137,0,
1941107,3080369,13730803691220343,,137,0,
1941107,3080371,13730803711220343,,137,0,
1941107,13067560,13830675601220343,,138,0,
1941107,13067561,13830675611220343,,138,0,
1941107,3080369,13830803691220343,,138,0,
1941107,3080371,13830803711220343,,138,0,
1941107,13067560,13930675601220343,,139,0,
1941107,13067561,13930675611220343,,139,0,
1941107,3080369,13930803691220343,,139,0,
1941107,3080371,13930803711220343,,139,0,
1941107,13067560,14030675601220343,,140,0,
1941107,13067561,14030675611220343,,140,0,
1941107,3080369,14030803691220343,,140,0,
1941107,3080371,14030803711220343,,140,0,
1941107,3080369,14130803691220343,,141,0,
1941107,3080371,14130803711220343,,141,0,
1941107,3080369,14230803691220343,,142,0,
1941107,3080371,14230803711220343,,142,0,
1941107,3067558,1430675581220343,,14,0,
1941107,3067560,1430675601220343,,14,0,
1941107,3067561,1430675611220343,,14,0,
1941107,3067592,1430675921220343,,14,0,
1941107,3080368,1430803681220343,,14,0,
1941107,3080369,1430803691220343,,14,0,
1941107,3080370,1430803701220343,,14,0,
1941107,3080371,1430803711220343,,14,0,
1941107,3080369,14330803691220343,,143,0,
1941107,3080371,14330803711220343,,143,0,
1941107,3080369,14430803691220343,,144,0,
1941107,3080371,14430803711220343,,144,0,
1941107,3080369,14530803691220343,,145,0,
1941107,3080371,14530803711220343,,145,0,
1941107,3080369,14630803691220343,,146,0,
1941107,3080371,14630803711220343,,146,0,
1941107,3080369,14730803691220343,,147,0,
1941107,3080371,14730803711220343,,147,0,
1941107,3080369,14830803691220343,,148,0,
1941107,3080371,14830803711220343,,148,0,
1941107,3080369,14930803691220343,,149,0,
1941107,3080371,14930803711220343,,149,0,
1941107,3080369,15030803691220343,,150,0,
1941107,3080371,15030803711220343,,150,0,
1941107,3080369,15130803691220343,,151,0,
1941107,3080371,15130803711220343,,151,0,
1941107,3080369,15230803691220343,,152,0,
1941107,3080371,15230803711220343,,152,0,
1941107,3067558,1530675581220343,,15,0,
1941107,3067560,1530675601220343,,15,0,
1941107,3067561,1530675611220343,,15,0,
1941107,3067592,1530675921220343,,15,0,
1941107,3080368,1530803681220343,,15,0,
1941107,3080369,1530803691220343,,15,0,
1941107,3080370,1530803701220343,,15,0,
1941107,3080371,1530803711220343,,15,0,
1941107,13080369,15330803691220343,,153,0,
1941107,13080371,15330803711220343,,153,0,
1941107,13080369,15430803691220343,,154,0,
1941107,13080371,15430803711220343,,154,0,
1941107,13080371,15530803711220343,,155,0,
1941107,13080371,15630803711220343,,156,0,
1941107,13080371,15730803711220343,,157,0,
1941107,3067558,1630675581220343,,16,0,
1941107,3067560,1630675601220343,,16,0,
1941107,3067561,1630675611220343,,16,0,
1941107,3067592,1630675921220343,,16,0,
1941107,3080368,1630803681220343,,16,0,
1941107,3080369,1630803691220343,,16,0,
1941107,3080370,1630803701220343,,16,0,
1941107,3080371,1630803711220343,,16,0,
1941107,3067558,1730675581220343,,17,0,
1941107,3067560,1730675601220343,,17,0,
1941107,3067561,1730675611220343,,17,0,
1941107,3067592,1730675921220343,,17,0,
1941107,3080368,1730803681220343,,17,0,
1941107,3080369,1730803691220343,,17,0,
1941107,3080370,1730803701220343,,17,0,
1941107,3080371,1730803711220343,,17,0,
1941107,3067558,1830675581220343,,18,0,
1941107,3067560,1830675601220343,,18,0,
1941107,3067561,1830675611220343,,18,0,
1941107,3067592,1830675921220343,,18,0,
1941107,3080368,1830803681220343,,18,0,
1941107,3080369,1830803691220343,,18,0,
1941107,3080370,1830803701220343,,18,0,
1941107,3080371,1830803711220343,,18,0,
1941107,3067558,1930675581220343,,19,0,
1941107,3067560,1930675601220343,,19,0,
1941107,3067561,1930675611220343,,19,0,
1941107,3067592,1930675921220343,,19,0,
1941107,3080368,1930803681220343,,19,0,
1941107,3080369,1930803691220343,,19,0,
1941107,3080370,1930803701220343,,19,0,
1941107,3080371,1930803711220343,,19,0,
1941107,3067558,2030675581220343,,20,0,
1941107,3067560,2030675601220343,,20,0,
1941107,3067561,2030675611220343,,20,0,
1941107,3067592,2030675921220343,,20,0,
1941107,3080368,2030803681220343,,20,0,
1941107,3080369,2030803691220343,,20,0,
1941107,3080370,2030803701220343,,20,0,
1941107,3080371,2030803711220343,,20,0,
1941107,3067558,2130675581220343,,21,0,
1941107,3067560,2130675601220343,,21,0,
1941107,3067561,2130675611220343,,21,0,
1941107,3067592,2130675921220343,,21,0,
1941107,3080368,2130803681220343,,21,0,
1941107,3080369,2130803691220343,,21,0,
1941107,3080370,2130803701220343,,21,0,
1941107,3080371,2130803711220343,,21,0,
1941107,3067558,2230675581220343,,22,0,
1941107,3067560,2230675601220343,,22,0,
1941107,3067561,2230675611220343,,22,0,
1941107,3067592,2230675921220343,,22,0,
1941107,3080368,2230803681220343,,22,0,
1941107,3080369,2230803691220343,,22,0,
1941107,3080370,2230803701220343,,22,0,
1941107,3080371,2230803711220343,,22,0,
1941107,3067558,230675581220343,,2,0,
1941107,3067560,230675601220343,,2,0,
1941107,3067561,230675611220343,,2,0,
1941107,3067592,230675921220343,,2,0,
1941107,3080368,230803681220343,,2,0,
1941107,3080369,230803691220343,,2,0,
1941107,3080370,230803701220343,,2,0,
1941107,3080371,230803711220343,,2,0,
1941107,3067558,2330675581220343,,23,0,
1941107,3067560,2330675601220343,,23,0,
1941107,3067561,2330675611220343,,23,0,
1941107,3067592,2330675921220343,,23,0,
1941107,3080368,2330803681220343,,23,0,
1941107,3080369,2330803691220343,,23,0,
1941107,3080370,2330803701220343,,23,0,
1941107,3080371,2330803711220343,,23,0,
1941107,3067558,2430675581220343,,24,0,
1941107,3067560,2430675601220343,,24,0,
1941107,3067561,2430675611220343,,24,0,
1941107,3067592,2430675921220343,,24,0,
1941107,3080368,2430803681220343,,24,0,
1941107,3080369,2430803691220343,,24,0,
1941107,3080370,2430803701220343,,24,0,
1941107,3080371,2430803711220343,,24,0,
1941107,3067558,2530675581220343,,25,0,
1941107,3067560,2530675601220343,,25,0,
1941107,3067561,2530675611220343,,25,0,
1941107,3067592,2530675921220343,,25,0,
1941107,3080368,2530803681220343,,25,0,
1941107,3080369,2530803691220343,,25,0,
1941107,3080370,2530803701220343,,25,0,
1941107,3080371,2530803711220343,,25,0,
1941107,3067558,2630675581220343,,26,0,
1941107,3067560,2630675601220343,,26,0,
1941107,3067561,2630675611220343,,26,0,
1941107,3067592,2630675921220343,,26,0,
1941107,3080368,2630803681220343,,26,0,
1941107,3080369,2630803691220343,,26,0,
1941107,3080370,2630803701220343,,26,0,
1941107,3080371,2630803711220343,,26,0,
1941107,3067558,2730675581220343,,27,0,
1941107,3067560,2730675601220343,,27,0,
1941107,3067561,2730675611220343,,27,0,
1941107,3067592,2730675921220343,,27,0,
1941107,3080368,2730803681220343,,27,0,
1941107,3080369,2730803691220343,,27,0,
1941107,3080370,2730803701220343,,27,0,
1941107,3080371,2730803711220343,,27,0,
1941107,3067558,2830675581220343,,28,0,
1941107,3067560,2830675601220343,,28,0,
1941107,3067561,2830675611220343,,28,0,
1941107,3067592,2830675921220343,,28,0,
1941107,3080368,2830803681220343,,28,0,
1941107,3080369,2830803691220343,,28,0,
1941107,3080370,2830803701220343,,28,0,
1941107,3080371,2830803711220343,,28,0,
1941107,3067558,2930675581220343,,29,0,
1941107,3067560,2930675601220343,,29,0,
1941107,3067561,2930675611220343,,29,0,
1941107,3067592,2930675921220343,,29,0,
1941107,3080368,2930803681220343,,29,0,
1941107,3080369,2930803691220343,,29,0,
1941107,3080370,2930803701220343,,29,0,
1941107,3080371,2930803711220343,,29,0,
1941107,3067558,3030675581220343,,30,0,
1941107,3067560,3030675601220343,,30,0,
1941107,3067561,3030675611220343,,30,0,
1941107,3067592,3030675921220343,,30,0,
1941107,3080368,3030803681220343,,30,0,
1941107,3080369,3030803691220343,,30,0,
1941107,3080370,3030803701220343,,30,0,
1941107,3080371,3030803711220343,,30,0,
1941107,3067558,3130675581220343,,31,0,
1941107,3067560,3130675601220343,,31,0,
1941107,3067561,3130675611220343,,31,0,
1941107,3067592,3130675921220343,,31,0,
1941107,3080368,3130803681220343,,31,0,
1941107,3080369,3130803691220343,,31,0,
1941107,3080370,3130803701220343,,31,0,
1941107,3080371,3130803711220343,,31,0,
1941107,3067558,3230675581220343,,32,0,
1941107,3067560,3230675601220343,,32,0,
1941107,3067561,3230675611220343,,32,0,
1941107,3067592,3230675921220343,,32,0,
1941107,3080368,3230803681220343,,32,0,
1941107,3080369,3230803691220343,,32,0,
1941107,3080370,3230803701220343,,32,0,
1941107,3080371,3230803711220343,,32,0,
1941107,3067558,330675581220343,,3,0,
1941107,3067560,330675601220343,,3,0,
1941107,3067561,330675611220343,,3,0,
1941107,3067592,330675921220343,,3,0,
1941107,3080368,330803681220343,,3,0,
1941107,3080369,330803691220343,,3,0,
1941107,3080370,330803701220343,,3,0,
1941107,3080371,330803711220343,,3,0,
1941107,3067558,3330675581220343,,33,0,
1941107,3067560,3330675601220343,,33,0,
1941107,3067561,3330675611220343,,33,0,
1941107,3067592,3330675921220343,,33,0,
1941107,3080368,3330803681220343,,33,0,
1941107,3080369,3330803691220343,,33,0,
1941107,3080370,3330803701220343,,33,0,
1941107,3080371,3330803711220343,,33,0,
1941107,3067558,3430675581220343,,34,0,
1941107,3067560,3430675601220343,,34,0,
1941107,3067561,3430675611220343,,34,0,
1941107,3067592,3430675921220343,,34,0,
1941107,3080368,3430803681220343,,34,0,
1941107,3080369,3430803691220343,,34,0,
1941107,3080370,3430803701220343,,34,0,
1941107,3080371,3430803711220343,,34,0,
1941107,3067558,3530675581220343,,35,0,
1941107,3067560,3530675601220343,,35,0,
1941107,3067561,3530675611220343,,35,0,
1941107,3067592,3530675921220343,,35,0,
1941107,3080368,3530803681220343,,35,0,
1941107,3080369,3530803691220343,,35,0,
1941107,3080370,3530803701220343,,35,0,
1941107,3080371,3530803711220343,,35,0,
1941107,3067558,3630675581220343,,36,0,
1941107,3067560,3630675601220343,,36,0,
1941107,3067561,3630675611220343,,36,0,
1941107,3067592,3630675921220343,,36,0,
1941107,3080368,3630803681220343,,36,0,
1941107,3080369,3630803691220343,,36,0,
1941107,3080370,3630803701220343,,36,0,
1941107,3080371,3630803711220343,,36,0,
1941107,3067558,3730675581220343,,37,0,
1941107,3067560,3730675601220343,,37,0,
1941107,3067561,3730675611220343,,37,0,
1941107,3067592,3730675921220343,,37,0,
1941107,3080368,3730803681220343,,37,0,
1941107,3080369,3730803691220343,,37,0,
1941107,3080370,3730803701220343,,37,0,
1941107,3080371,3730803711220343,,37,0,
1941107,3067558,3830675581220343,,38,0,
1941107,3067560,3830675601220343,,38,0,
1941107,3067561,3830675611220343,,38,0,
1941107,3067592,3830675921220343,,38,0,
1941107,3080368,3830803681220343,,38,0,
1941107,3080369,3830803691220343,,38,0,
1941107,3080370,3830803701220343,,38,0,
1941107,3080371,3830803711220343,,38,0,
1941107,3067558,3930675581220343,,39,0,
1941107,3067560,3930675601220343,,39,0,
1941107,3067561,3930675611220343,,39,0,
1941107,3067592,3930675921220343,,39,0,
1941107,3080368,3930803681220343,,39,0,
1941107,3080369,3930803691220343,,39,0,
1941107,3080370,3930803701220343,,39,0,
1941107,3080371,3930803711220343,,39,0,
1941107,3067558,4030675581220343,,40,0,
1941107,3067560,4030675601220343,,40,0,
1941107,3067561,4030675611220343,,40,0,
1941107,3067592,4030675921220343,,40,0,
1941107,3080368,4030803681220343,,40,0,
1941107,3080369,4030803691220343,,40,0,
1941107,3080370,4030803701220343,,40,0,
1941107,3080371,4030803711220343,,40,0,
1941107,3067558,4130675581220343,,41,0,
1941107,3067560,4130675601220343,,41,0,
1941107,3067561,4130675611220343,,41,0,
1941107,3067592,4130675921220343,,41,0,
1941107,3080368,4130803681220343,,41,0,
1941107,3080369,4130803691220343,,41,0,
1941107,3080370,4130803701220343,,41,0,
1941107,3080371,4130803711220343,,41,0,
1941107,3067558,4230675581220343,,42,0,
1941107,3067560,4230675601220343,,42,0,
1941107,3067561,4230675611220343,,42,0,
1941107,3067592,4230675921220343,,42,0,
1941107,3080368,4230803681220343,,42,0,
1941107,3080369,4230803691220343,,42,0,
1941107,3080370,4230803701220343,,42,0,
1941107,3080371,4230803711220343,,42,0,
1941107,3067558,430675581220343,,4,0,
1941107,3067560,430675601220343,,4,0,
1941107,3067561,430675611220343,,4,0,
1941107,3067592,430675921220343,,4,0,
1941107,3080368,430803681220343,,4,0,
1941107,3080369,430803691220343,,4,0,
1941107,3080370,430803701220343,,4,0,
1941107,3080371,430803711220343,,4,0,
1941107,3067558,4330675581220343,,43,0,
1941107,3067560,4330675601220343,,43,0,
1941107,3067561,4330675611220343,,43,0,
1941107,3067592,4330675921220343,,43,0,
1941107,3080368,4330803681220343,,43,0,
1941107,3080369,4330803691220343,,43,0,
1941107,3080370,4330803701220343,,43,0,
1941107,3080371,4330803711220343,,43,0,
1941107,3067558,4430675581220343,,44,0,
1941107,3067560,4430675601220343,,44,0,
1941107,3067561,4430675611220343,,44,0,
1941107,3067592,4430675921220343,,44,0,
1941107,3080368,4430803681220343,,44,0,
1941107,3080369,4430803691220343,,44,0,
1941107,3080370,4430803701220343,,44,0,
1941107,3080371,4430803711220343,,44,0,
1941107,3067558,4530675581220343,,45,0,
1941107,3067560,4530675601220343,,45,0,
1941107,3067561,4530675611220343,,45,0,
1941107,3067592,4530675921220343,,45,0,
1941107,3080368,4530803681220343,,45,0,
1941107,3080369,4530803691220343,,45,0,
1941107,3080370,4530803701220343,,45,0,
1941107,3080371,4530803711220343,,45,0,
1941107,3067558,4630675581220343,,46,0,
1941107,3067560,4630675601220343,,46,0,
1941107,3067561,4630675611220343,,46,0,
1941107,3067592,4630675921220343,,46,0,
1941107,3080368,4630803681220343,,46,0,
1941107,3080369,4630803691220343,,46,0,
1941107,3080370,4630803701220343,,46,0,
1941107,3080371,4630803711220343,,46,0,
1941107,3067558,4730675581220343,,47,0,
1941107,3067560,4730675601220343,,47,0,
1941107,3067561,4730675611220343,,47,0,
1941107,3067592,4730675921220343,,47,0,
1941107,3080368,4730803681220343,,47,0,
1941107,3080369,4730803691220343,,47,0,
1941107,3080370,4730803701220343,,47,0,
1941107,3080371,4730803711220343,,47,0,
1941107,3067558,4830675581220343,,48,0,
1941107,3067560,4830675601220343,,48,0,
1941107,3067561,4830675611220343,,48,0,
1941107,3067592,4830675921220343,,48,0,
1941107,3080368,4830803681220343,,48,0,
1941107,3080369,4830803691220343,,48,0,
1941107,3080370,4830803701220343,,48,0,
1941107,3080371,4830803711220343,,48,0,
1941107,3067558,4930675581220343,,49,0,
1941107,3067560,4930675601220343,,49,0,
1941107,3067561,4930675611220343,,49,0,
1941107,3067592,4930675921220343,,49,0,
1941107,3080368,4930803681220343,,49,0,
1941107,3080369,4930803691220343,,49,0,
1941107,3080370,4930803701220343,,49,0,
1941107,3080371,4930803711220343,,49,0,
1941107,3067558,5030675581220343,,50,0,
1941107,3067560,5030675601220343,,50,0,
1941107,3067561,5030675611220343,,50,0,
1941107,3067592,5030675921220343,,50,0,
1941107,3080368,5030803681220343,,50,0,
1941107,3080369,5030803691220343,,50,0,
1941107,3080370,5030803701220343,,50,0,
1941107,3080371,5030803711220343,,50,0,
1941107,3067558,5130675581220343,,51,0,
1941107,3067560,5130675601220343,,51,0,
1941107,3067561,5130675611220343,,51,0,
1941107,3067592,5130675921220343,,51,0,
1941107,3080368,5130803681220343,,51,0,
1941107,3080369,5130803691220343,,51,0,
1941107,3080370,5130803701220343,,51,0,
1941107,3080371,5130803711220343,,51,0,
1941107,3067558,5230675581220343,,52,0,
1941107,3067560,5230675601220343,,52,0,
1941107,3067561,5230675611220343,,52,0,
1941107,3067592,5230675921220343,,52,0,
1941107,3080368,5230803681220343,,52,0,
1941107,3080369,5230803691220343,,52,0,
1941107,3080370,5230803701220343,,52,0,
1941107,3080371,5230803711220343,,52,0,
1941107,3067558,530675581220343,,5,0,
1941107,3067560,530675601220343,,5,0,
1941107,3067561,530675611220343,,5,0,
1941107,3067592,530675921220343,,5,0,
1941107,3080368,530803681220343,,5,0,
1941107,3080369,530803691220343,,5,0,
1941107,3080370,530803701220343,,5,0,
1941107,3080371,530803711220343,,5,0,
1941107,3067558,5330675581220343,,53,0,
1941107,3067560,5330675601220343,,53,0,
1941107,3067561,5330675611220343,,53,0,
1941107,3067592,5330675921220343,,53,0,
1941107,3080368,5330803681220343,,53,0,
1941107,3080369,5330803691220343,,53,0,
1941107,3080370,5330803701220343,,53,0,
1941107,3080371,5330803711220343,,53,0,
1941107,3067558,5430675581220343,,54,0,
1941107,3067560,5430675601220343,,54,0,
1941107,3067561,5430675611220343,,54,0,
1941107,3067592,5430675921220343,,54,0,
1941107,3080368,5430803681220343,,54,0,
1941107,3080369,5430803691220343,,54,0,
1941107,3080370,5430803701220343,,54,0,
1941107,3080371,5430803711220343,,54,0,
1941107,3067558,5530675581220343,,55,0,
1941107,3067560,5530675601220343,,55,0,
1941107,3067561,5530675611220343,,55,0,
1941107,3067592,5530675921220343,,55,0,
1941107,3080368,5530803681220343,,55,0,
1941107,3080369,5530803691220343,,55,0,
1941107,3080370,5530803701220343,,55,0,
1941107,3080371,5530803711220343,,55,0,
1941107,3067558,5630675581220343,,56,0,
1941107,3067560,5630675601220343,,56,0,
1941107,3067561,5630675611220343,,56,0,
1941107,3067592,5630675921220343,,56,0,
1941107,3080368,5630803681220343,,56,0,
1941107,3080369,5630803691220343,,56,0,
1941107,3080370,5630803701220343,,56,0,
1941107,3080371,5630803711220343,,56,0,
1941107,3067558,5730675581220343,,57,0,
1941107,3067560,5730675601220343,,57,0,
1941107,3067561,5730675611220343,,57,0,
1941107,3067592,5730675921220343,,57,0,
1941107,3080368,5730803681220343,,57,0,
1941107,3080369,5730803691220343,,57,0,
1941107,3080370,5730803701220343,,57,0,
1941107,3080371,5730803711220343,,57,0,
1941107,3067558,5830675581220343,,58,0,
1941107,3067560,5830675601220343,,58,0,
1941107,3067561,5830675611220343,,58,0,
1941107,3067592,5830675921220343,,58,0,
1941107,3080368,5830803681220343,,58,0,
1941107,3080369,5830803691220343,,58,0,
1941107,3080370,5830803701220343,,58,0,
1941107,3080371,5830803711220343,,58,0,
1941107,3067558,5930675581220343,,59,0,
1941107,3067560,5930675601220343,,59,0,
1941107,3067561,5930675611220343,,59,0,
1941107,3067592,5930675921220343,,59,0,
1941107,3080368,5930803681220343,,59,0,
1941107,3080369,5930803691220343,,59,0,
1941107,3080370,5930803701220343,,59,0,
1941107,3080371,5930803711220343,,59,0,
1941107,3067558,6030675581220343,,60,0,
1941107,3067560,6030675601220343,,60,0,
1941107,3067561,6030675611220343,,60,0,
1941107,3067592,6030675921220343,,60,0,
1941107,3080368,6030803681220343,,60,0,
1941107,3080369,6030803691220343,,60,0,
1941107,3080370,6030803701220343,,60,0,
1941107,3080371,6030803711220343,,60,0,
1941107,3067558,6130675581220343,,61,0,
1941107,3067560,6130675601220343,,61,0,
1941107,3067561,6130675611220343,,61,0,
1941107,3067592,6130675921220343,,61,0,
1941107,3080368,6130803681220343,,61,0,
1941107,3080369,6130803691220343,,61,0,
1941107,3080370,6130803701220343,,61,0,
1941107,3080371,6130803711220343,,61,0,
1941107,3067558,6230675581220343,,62,0,
1941107,3067560,6230675601220343,,62,0,
1941107,3067561,6230675611220343,,62,0,
1941107,3067592,6230675921220343,,62,0,
1941107,3080368,6230803681220343,,62,0,
1941107,3080369,6230803691220343,,62,0,
1941107,3080370,6230803701220343,,62,0,
1941107,3080371,6230803711220343,,62,0,
1941107,3067558,630675581220343,,6,0,
1941107,3067560,630675601220343,,6,0,
1941107,3067561,630675611220343,,6,0,
1941107,3067592,630675921220343,,6,0,
1941107,3080368,630803681220343,,6,0,
1941107,3080369,630803691220343,,6,0,
1941107,3080370,630803701220343,,6,0,
1941107,3080371,630803711220343,,6,0,
1941107,3067558,6330675581220343,,63,0,
1941107,3067560,6330675601220343,,63,0,
1941107,3067561,6330675611220343,,63,0,
1941107,3067592,6330675921220343,,63,0,
1941107,3080368,6330803681220343,,63,0,
1941107,3080369,6330803691220343,,63,0,
1941107,3080370,6330803701220343,,63,0,
1941107,3080371,6330803711220343,,63,0,
1941107,3067558,6430675581220343,,64,0,
1941107,3067560,6430675601220343,,64,0,
1941107,3067561,6430675611220343,,64,0,
1941107,3067592,6430675921220343,,64,0,
1941107,3080368,6430803681220343,,64,0,
1941107,3080369,6430803691220343,,64,0,
1941107,3080370,6430803701220343,,64,0,
1941107,3080371,6430803711220343,,64,0,
1941107,3067558,6530675581220343,,65,0,
1941107,3067560,6530675601220343,,65,0,
1941107,3067561,6530675611220343,,65,0,
1941107,3067592,6530675921220343,,65,0,
1941107,3080368,6530803681220343,,65,0,
1941107,3080369,6530803691220343,,65,0,
1941107,3080370,6530803701220343,,65,0,
1941107,3080371,6530803711220343,,65,0,
1941107,3067558,6630675581220343,,66,0,
1941107,3067560,6630675601220343,,66,0,
1941107,3067561,6630675611220343,,66,0,
1941107,3067592,6630675921220343,,66,0,
1941107,3080368,6630803681220343,,66,0,
1941107,3080369,6630803691220343,,66,0,
1941107,3080370,6630803701220343,,66,0,
1941107,3080371,6630803711220343,,66,0,
1941107,3067558,6730675581220343,,67,0,
1941107,3067560,6730675601220343,,67,0,
1941107,3067561,6730675611220343,,67,0,
1941107,3067592,6730675921220343,,67,0,
1941107,3080368,6730803681220343,,67,0,
1941107,3080369,6730803691220343,,67,0,
1941107,3080370,6730803701220343,,67,0,
1941107,3080371,6730803711220343,,67,0,
1941107,3067558,6830675581220343,,68,0,
1941107,3067560,6830675601220343,,68,0,
1941107,3067561,6830675611220343,,68,0,
1941107,3067592,6830675921220343,,68,0,
1941107,3080368,6830803681220343,,68,0,
1941107,3080369,6830803691220343,,68,0,
1941107,3080370,6830803701220343,,68,0,
1941107,3080371,6830803711220343,,68,0,
1941107,3067558,6930675581220343,,69,0,
1941107,3067560,6930675601220343,,69,0,
1941107,3067561,6930675611220343,,69,0,
1941107,3067592,6930675921220343,,69,0,
1941107,3080368,6930803681220343,,69,0,
1941107,3080369,6930803691220343,,69,0,
1941107,3080370,6930803701220343,,69,0,
1941107,3080371,6930803711220343,,69,0,
1941107,3067558,7030675581220343,,70,0,
1941107,3067560,7030675601220343,,70,0,
1941107,3067561,7030675611220343,,70,0,
1941107,3067592,7030675921220343,,70,0,
1941107,3080368,7030803681220343,,70,0,
1941107,3080369,7030803691220343,,70,0,
1941107,3080370,7030803701220343,,70,0,
1941107,3080371,7030803711220343,,70,0,
1941107,3067558,7130675581220343,,71,0,
1941107,3067560,7130675601220343,,71,0,
1941107,3067561,7130675611220343,,71,0,
1941107,3067592,7130675921220343,,71,0,
1941107,3080368,7130803681220343,,71,0,
1941107,3080369,7130803691220343,,71,0,
1941107,3080370,7130803701220343,,71,0,
1941107,3080371,7130803711220343,,71,0,
1941107,3067558,7230675581220343,,72,0,
1941107,3067560,7230675601220343,,72,0,
1941107,3067561,7230675611220343,,72,0,
1941107,3067592,7230675921220343,,72,0,
1941107,3080368,7230803681220343,,72,0,
1941107,3080369,7230803691220343,,72,0,
1941107,3080370,7230803701220343,,72,0,
1941107,3080371,7230803711220343,,72,0,
1941107,3067558,730675581220343,,7,0,
1941107,3067560,730675601220343,,7,0,
1941107,3067561,730675611220343,,7,0,
1941107,3067592,730675921220343,,7,0,
1941107,3080368,730803681220343,,7,0,
1941107,3080369,730803691220343,,7,0,
1941107,3080370,730803701220343,,7,0,
1941107,3080371,730803711220343,,7,0,
1941107,3067558,7330675581220343,,73,0,
1941107,3067560,7330675601220343,,73,0,
1941107,3067561,7330675611220343,,73,0,
1941107,3067592,7330675921220343,,73,0,
1941107,3080368,7330803681220343,,73,0,
1941107,3080369,7330803691220343,,73,0,
1941107,3080370,7330803701220343,,73,0,
1941107,3080371,7330803711220343,,73,0,
1941107,3067558,7430675581220343,,74,0,
1941107,3067560,7430675601220343,,74,0,
1941107,3067561,7430675611220343,,74,0,
1941107,3067592,7430675921220343,,74,0,
1941107,3080368,7430803681220343,,74,0,
1941107,3080369,7430803691220343,,74,0,
1941107,3080370,7430803701220343,,74,0,
1941107,3080371,7430803711220343,,74,0,
1941107,3067558,7530675581220343,,75,0,
1941107,3067560,7530675601220343,,75,0,
1941107,3067561,7530675611220343,,75,0,
1941107,3067592,7530675921220343,,75,0,
1941107,3080368,7530803681220343,,75,0,
1941107,3080369,7530803691220343,,75,0,
1941107,3080370,7530803701220343,,75,0,
1941107,3080371,7530803711220343,,75,0,
1941107,3067558,7630675581220343,,76,0,
1941107,3067560,7630675601220343,,76,0,
1941107,3067561,7630675611220343,,76,0,
1941107,3067592,7630675921220343,,76,0,
1941107,3080368,7630803681220343,,76,0,
1941107,3080369,7630803691220343,,76,0,
1941107,3080370,7630803701220343,,76,0,
1941107,3080371,7630803711220343,,76,0,
1941107,3067558,7730675581220343,,77,0,
1941107,3067560,7730675601220343,,77,0,
1941107,3067561,7730675611220343,,77,0,
1941107,3067592,7730675921220343,,77,0,
1941107,3080368,7730803681220343,,77,0,
1941107,3080369,7730803691220343,,77,0,
1941107,3080370,7730803701220343,,77,0,
1941107,3080371,7730803711220343,,77,0,
1941107,3067558,7830675581220343,,78,0,
1941107,3067560,7830675601220343,,78,0,
1941107,3067561,7830675611220343,,78,0,
1941107,3067592,7830675921220343,,78,0,
1941107,3080368,7830803681220343,,78,0,
1941107,3080369,7830803691220343,,78,0,
1941107,3080370,7830803701220343,,78,0,
1941107,3080371,7830803711220343,,78,0,
1941107,3067558,7930675581220343,,79,0,
1941107,3067560,7930675601220343,,79,0,
1941107,3067561,7930675611220343,,79,0,
1941107,3067592,7930675921220343,,79,0,
1941107,3080368,7930803681220343,,79,0,
1941107,3080369,7930803691220343,,79,0,
1941107,3080370,7930803701220343,,79,0,
1941107,3080371,7930803711220343,,79,0,
1941107,3067558,8030675581220343,,80,0,
1941107,3067560,8030675601220343,,80,0,
1941107,3067561,8030675611220343,,80,0,
1941107,3067592,8030675921220343,,80,0,
1941107,3080368,8030803681220343,,80,0,
1941107,3080369,8030803691220343,,80,0,
1941107,3080370,8030803701220343,,80,0,
1941107,3080371,8030803711220343,,80,0,
1941107,3067558,8130675581220343,,81,0,
1941107,3067560,8130675601220343,,81,0,
1941107,3067561,8130675611220343,,81,0,
1941107,13067592,8130675921220343,,81,0,
1941107,13080368,8130803681220343,,81,0,
1941107,3080369,8130803691220343,,81,0,
1941107,3080370,8130803701220343,,81,0,
1941107,3080371,8130803711220343,,81,0,
1941107,3067558,8230675581220343,,82,0,
1941107,3067560,8230675601220343,,82,0,
1941107,3067561,8230675611220343,,82,0,
1941107,13067592,8230675921220343,,82,0,
1941107,13080368,8230803681220343,,82,0,
1941107,3080369,8230803691220343,,82,0,
1941107,3080370,8230803701220343,,82,0,
1941107,3080371,8230803711220343,,82,0,
1941107,3067558,830675581220343,,8,0,
1941107,3067560,830675601220343,,8,0,
1941107,3067561,830675611220343,,8,0,
1941107,3067592,830675921220343,,8,0,
1941107,3080368,830803681220343,,8,0,
1941107,3080369,830803691220343,,8,0,
1941107,3080370,830803701220343,,8,0,
1941107,3080371,830803711220343,,8,0,
1941107,3067558,8330675581220343,,83,0,
1941107,3067560,8330675601220343,,83,0,
1941107,3067561,8330675611220343,,83,0,
1941107,13067592,8330675921220343,,83,0,
1941107,3080369,8330803691220343,,83,0,
1941107,3080370,8330803701220343,,83,0,
1941107,3080371,8330803711220343,,83,0,
1941107,3067558,8430675581220343,,84,0,
1941107,3067560,8430675601220343,,84,0,
1941107,3067561,8430675611220343,,84,0,
1941107,13067592,8430675921220343,,84,0,
1941107,3080369,8430803691220343,,84,0,
1941107,3080370,8430803701220343,,84,0,
1941107,3080371,8430803711220343,,84,0,
1941107,3067558,8530675581220343,,85,0,
1941107,3067560,8530675601220343,,85,0,
1941107,3067561,8530675611220343,,85,0,
1941107,13067592,8530675921220343,,85,0,
1941107,3080369,8530803691220343,,85,0,
1941107,3080370,8530803701220343,,85,0,
1941107,3080371,8530803711220343,,85,0,
1941107,3067558,8630675581220343,,86,0,
1941107,3067560,8630675601220343,,86,0,
1941107,3067561,8630675611220343,,86,0,
1941107,3080369,8630803691220343,,86,0,
1941107,3080370,8630803701220343,,86,0,
1941107,3080371,8630803711220343,,86,0,
1941107,3067558,8730675581220343,,87,0,
1941107,3067560,8730675601220343,,87,0,
1941107,3067561,8730675611220343,,87,0,
1941107,3080369,8730803691220343,,87,0,
1941107,3080370,8730803701220343,,87,0,
1941107,3080371,8730803711220343,,87,0,
1941107,3067558,8830675581220343,,88,0,
1941107,3067560,8830675601220343,,88,0,
1941107,3067561,8830675611220343,,88,0,
1941107,3080369,8830803691220343,,88,0,
1941107,3080370,8830803701220343,,88,0,
1941107,3080371,8830803711220343,,88,0,
1941107,3067558,8930675581220343,,89,0,
1941107,3067560,8930675601220343,,89,0,
1941107,3067561,8930675611220343,,89,0,
1941107,3080369,8930803691220343,,89,0,
1941107,3080370,8930803701220343,,89,0,
1941107,3080371,8930803711220343,,89,0,
1941107,3067558,9030675581220343,,90,0,
1941107,3067560,9030675601220343,,90,0,
1941107,3067561,9030675611220343,,90,0,
1941107,3080369,9030803691220343,,90,0,
1941107,3080370,9030803701220343,,90,0,
1941107,3080371,9030803711220343,,90,0,
1941107,3067558,9130675581220343,,91,0,
1941107,3067560,9130675601220343,,91,0,
1941107,3067561,9130675611220343,,91,0,
1941107,3080369,9130803691220343,,91,0,
1941107,3080370,9130803701220343,,91,0,
1941107,3080371,9130803711220343,,91,0,
1941107,3067558,9230675581220343,,92,0,
1941107,3067560,9230675601220343,,92,0,
1941107,3067561,9230675611220343,,92,0,
1941107,3080369,9230803691220343,,92,0,
1941107,3080370,9230803701220343,,92,0,
1941107,3080371,9230803711220343,,92,0,
1941107,3067558,930675581220343,,9,0,
1941107,3067560,930675601220343,,9,0,
1941107,3067561,930675611220343,,9,0,
1941107,3067592,930675921220343,,9,0,
1941107,3080368,930803681220343,,9,0,
1941107,3080369,930803691220343,,9,0,
1941107,3080370,930803701220343,,9,0,
1941107,3080371,930803711220343,,9,0,
1941107,3067558,9330675581220343,,93,0,
1941107,3067560,9330675601220343,,93,0,
1941107,3067561,9330675611220343,,93,0,
1941107,3080369,9330803691220343,,93,0,
1941107,3080370,9330803701220343,,93,0,
1941107,3080371,9330803711220343,,93,0,
1941107,3067558,9430675581220343,,94,0,
1941107,3067560,9430675601220343,,94,0,
1941107,3067561,9430675611220343,,94,0,
1941107,3080369,9430803691220343,,94,0,
1941107,3080370,9430803701220343,,94,0,
1941107,3080371,9430803711220343,,94,0,
1941107,3067558,9530675581220343,,95,0,
1941107,3067560,9530675601220343,,95,0,
1941107,3067561,9530675611220343,,95,0,
1941107,3080369,9530803691220343,,95,0,
1941107,3080370,9530803701220343,,95,0,
1941107,3080371,9530803711220343,,95,0,
1941107,3067558,9630675581220343,,96,0,
1941107,3067560,9630675601220343,,96,0,
1941107,3067561,9630675611220343,,96,0,
1941107,3080369,9630803691220343,,96,0,
1941107,3080370,9630803701220343,,96,0,
1941107,3080371,9630803711220343,,96,0,
1941107,3067558,9730675581220343,,97,0,
1941107,3067560,9730675601220343,,97,0,
1941107,3067561,9730675611220343,,97,0,
1941107,3080369,9730803691220343,,97,0,
1941107,3080370,9730803701220343,,97,0,
1941107,3080371,9730803711220343,,97,0,
1941107,3067558,9830675581220343,,98,0,
1941107,3067560,9830675601220343,,98,0,
1941107,3067561,9830675611220343,,98,0,
1941107,3080369,9830803691220343,,98,0,
1941107,3080370,9830803701220343,,98,0,
1941107,3080371,9830803711220343,,98,0,
1941107,3067558,9930675581220343,,99,0,
1941107,3067560,9930675601220343,,99,0,
1941107,3067561,9930675611220343,,99,0,
1941107,3080369,9930803691220343,,99,0,
1941107,3080370,9930803701220343,,99,0,
1941107,3080371,9930803711220343,,99,0,
1941107,3067558,130675581220344,,1,0,
1941107,3067560,130675601220344,,1,0,
1941107,3067561,130675611220344,,1,0,
1941107,3067592,130675921220344,,1,0,
1941107,3080368,130803681220344,,1,0,
1941107,3080369,130803691220344,,1,0,
1941107,3080370,130803701220344,,1,0,
1941107,3080371,130803711220344,,1,0,
1941107,3067558,230675581220344,,2,0,
1941107,3067560,230675601220344,,2,0,
1941107,3067561,230675611220344,,2,0,
1941107,3067592,230675921220344,,2,0,
1941107,3080368,230803681220344,,2,0,
1941107,3080369,230803691220344,,2,0,
1941107,3080370,230803701220344,,2,0,
1941107,3080371,230803711220344,,2,0,
1941107,3067558,330675581220344,,3,0,
1941107,3067560,330675601220344,,3,0,
1941107,3067561,330675611220344,,3,0,
1941107,3067592,330675921220344,,3,0,
1941107,3080368,330803681220344,,3,0,
1941107,3080369,330803691220344,,3,0,
1941107,3080370,330803701220344,,3,0,
1941107,3080371,330803711220344,,3,0,
1941107,3067558,430675581220344,,4,0,
1941107,3067560,430675601220344,,4,0,
1941107,3067561,430675611220344,,4,0,
1941107,3067592,430675921220344,,4,0,
1941107,3080368,430803681220344,,4,0,
1941107,3080369,430803691220344,,4,0,
1941107,3080371,430803711220344,,4,0,
1941108,3067564,10030675640938139,,100,1,
1941108,3067566,10030675660938139,,100,1,
1941108,3067567,10030675670938139,,100,1,
1941108,3080373,10030803730938139,,100,1,
1941108,3080374,10030803740938139,,100,1,
1941108,3080375,10030803750938139,,100,1,
1941108,3067564,10130675640938139,,101,1,
1941108,3067566,10130675660938139,,101,1,
1941108,3067567,10130675670938139,,101,1,
1941108,3080373,10130803730938139,,101,1,
1941108,3080374,10130803740938139,,101,1,
1941108,3080375,10130803750938139,,101,1,
1941108,3067564,10230675640938139,,102,1,
1941108,3067566,10230675660938139,,102,1,
1941108,3067567,10230675670938139,,102,1,
1941108,3080373,10230803730938139,,102,1,
1941108,3080374,10230803740938139,,102,1,
1941108,3080375,10230803750938139,,102,1,
1941108,3067563,1030675630938139,,10,1,
1941108,3067564,1030675640938139,,10,1,
1941108,3067566,1030675660938139,,10,1,
1941108,3067567,1030675670938139,,10,1,
1941108,3080372,1030803720938139,,10,1,
1941108,3080373,1030803730938139,,10,1,
1941108,3080374,1030803740938139,,10,1,
1941108,3080375,1030803750938139,,10,1,
1941108,3067564,10330675640938139,,103,1,
1941108,3067566,10330675660938139,,103,1,
1941108,3067567,10330675670938139,,103,1,
1941108,3080373,10330803730938139,,103,1,
1941108,3080374,10330803740938139,,103,1,
1941108,3080375,10330803750938139,,103,1,
1941108,3067564,10430675640938139,,104,1,
1941108,3067566,10430675660938139,,104,1,
1941108,3067567,10430675670938139,,104,1,
1941108,3080373,10430803730938139,,104,1,
1941108,3080374,10430803740938139,,104,1,
1941108,3080375,10430803750938139,,104,1,
1941108,3067564,10530675640938139,,105,1,
1941108,3067566,10530675660938139,,105,1,
1941108,3067567,10530675670938139,,105,1,
1941108,3080373,10530803730938139,,105,1,
1941108,3080374,10530803740938139,,105,1,
1941108,3080375,10530803750938139,,105,1,
1941108,3067564,10630675640938139,,106,1,
1941108,3067566,10630675660938139,,106,1,
1941108,3067567,10630675670938139,,106,1,
1941108,3080373,10630803730938139,,106,1,
1941108,3080374,10630803740938139,,106,1,
1941108,3080375,10630803750938139,,106,1,
1941108,3067564,10730675640938139,,107,1,
1941108,3067566,10730675660938139,,107,1,
1941108,3067567,10730675670938139,,107,1,
1941108,3080373,10730803730938139,,107,1,
1941108,3080374,10730803740938139,,107,1,
1941108,3080375,10730803750938139,,107,1,
1941108,3067564,10830675640938139,,108,1,
1941108,3067566,10830675660938139,,108,1,
1941108,3067567,10830675670938139,,108,1,
1941108,3080373,10830803730938139,,108,1,
1941108,3080374,10830803740938139,,108,1,
1941108,3080375,10830803750938139,,108,1,
1941108,3067564,10930675640938139,,109,1,
1941108,3067566,10930675660938139,,109,1,
1941108,3067567,10930675670938139,,109,1,
1941108,3080373,10930803730938139,,109,1,
1941108,3080374,10930803740938139,,109,1,
1941108,3080375,10930803750938139,,109,1,
1941108,3067564,11030675640938139,,110,1,
1941108,3067566,11030675660938139,,110,1,
1941108,3067567,11030675670938139,,110,1,
1941108,3080373,11030803730938139,,110,1,
1941108,3080374,11030803740938139,,110,1,
1941108,3080375,11030803750938139,,110,1,
1941108,3067564,11130675640938139,,111,1,
1941108,3067566,11130675660938139,,111,1,
1941108,3067567,11130675670938139,,111,1,
1941108,3080373,11130803730938139,,111,1,
1941108,3080374,11130803740938139,,111,1,
1941108,3080375,11130803750938139,,111,1,
1941108,3067564,11230675640938139,,112,1,
1941108,3067566,11230675660938139,,112,1,
1941108,3067567,11230675670938139,,112,1,
1941108,3080373,11230803730938139,,112,1,
1941108,13080374,11230803740938139,,112,1,
1941108,3080375,11230803750938139,,112,1,
1941108,3067563,1130675630938139,,11,1,
1941108,3067564,1130675640938139,,11,1,
1941108,3067566,1130675660938139,,11,1,
1941108,3067567,1130675670938139,,11,1,
1941108,3080372,1130803720938139,,11,1,
1941108,3080373,1130803730938139,,11,1,
1941108,3080374,1130803740938139,,11,1,
1941108,3080375,1130803750938139,,11,1,
1941108,3067564,11330675640938139,,113,1,
1941108,3067566,11330675660938139,,113,1,
1941108,3067567,11330675670938139,,113,1,
1941108,3080373,11330803730938139,,113,1,
1941108,13080374,11330803740938139,,113,1,
1941108,3080375,11330803750938139,,113,1,
1941108,3067564,11430675640938139,,114,1,
1941108,3067566,11430675660938139,,114,1,
1941108,3067567,11430675670938139,,114,1,
1941108,3080373,11430803730938139,,114,1,
1941108,13080374,11430803740938139,,114,1,
1941108,3080375,11430803750938139,,114,1,
1941108,3067564,11530675640938139,,115,1,
1941108,3067566,11530675660938139,,115,1,
1941108,3067567,11530675670938139,,115,1,
1941108,3080373,11530803730938139,,115,1,
1941108,13080374,11530803740938139,,115,1,
1941108,3080375,11530803750938139,,115,1,
1941108,3067564,11630675640938139,,116,1,
1941108,3067566,11630675660938139,,116,1,
1941108,3067567,11630675670938139,,116,1,
1941108,3080373,11630803730938139,,116,1,
1941108,13080374,11630803740938139,,116,1,
1941108,3080375,11630803750938139,,116,1,
1941108,3067564,11730675640938139,,117,1,
1941108,3067566,11730675660938139,,117,1,
1941108,3067567,11730675670938139,,117,1,
1941108,3080373,11730803730938139,,117,1,
1941108,3080375,11730803750938139,,117,1,
1941108,3067564,11830675640938139,,118,1,
1941108,3067566,11830675660938139,,118,1,
1941108,3067567,11830675670938139,,118,1,
1941108,3080373,11830803730938139,,118,1,
1941108,3080375,11830803750938139,,118,1,
1941108,3067564,11930675640938139,,119,1,
1941108,3067566,11930675660938139,,119,1,
1941108,3067567,11930675670938139,,119,1,
1941108,3080373,11930803730938139,,119,1,
1941108,3080375,11930803750938139,,119,1,
1941108,3067564,12030675640938139,,120,1,
1941108,3067566,12030675660938139,,120,1,
1941108,3067567,12030675670938139,,120,1,
1941108,3080373,12030803730938139,,120,1,
1941108,3080375,12030803750938139,,120,1,
1941108,3067564,12130675640938139,,121,1,
1941108,3067566,12130675660938139,,121,1,
1941108,3067567,12130675670938139,,121,1,
1941108,3080373,12130803730938139,,121,1,
1941108,3080375,12130803750938139,,121,1,
1941108,3067564,12230675640938139,,122,1,
1941108,3067566,12230675660938139,,122,1,
1941108,3067567,12230675670938139,,122,1,
1941108,3080373,12230803730938139,,122,1,
1941108,3080375,12230803750938139,,122,1,
1941108,3067563,1230675630938139,,12,1,
1941108,3067564,1230675640938139,,12,1,
1941108,3067566,1230675660938139,,12,1,
1941108,3067567,1230675670938139,,12,1,
1941108,3080372,1230803720938139,,12,1,
1941108,3080373,1230803730938139,,12,1,
1941108,3080374,1230803740938139,,12,1,
1941108,3080375,1230803750938139,,12,1,
1941108,3067564,12330675640938139,,123,1,
1941108,3067566,12330675660938139,,123,1,
1941108,3067567,12330675670938139,,123,1,
1941108,3080373,12330803730938139,,123,1,
1941108,3080375,12330803750938139,,123,1,
1941108,3067564,12430675640938139,,124,1,
1941108,3067566,12430675660938139,,124,1,
1941108,3067567,12430675670938139,,124,1,
1941108,3080373,12430803730938139,,124,1,
1941108,3080375,12430803750938139,,124,1,
1941108,3067564,12530675640938139,,125,1,
1941108,3067566,12530675660938139,,125,1,
1941108,3067567,12530675670938139,,125,1,
1941108,3080373,12530803730938139,,125,1,
1941108,3080375,12530803750938139,,125,1,
1941108,3067564,12630675640938139,,126,1,
1941108,3067566,12630675660938139,,126,1,
1941108,3067567,12630675670938139,,126,1,
1941108,3080373,12630803730938139,,126,1,
1941108,3080375,12630803750938139,,126,1,
1941108,3067564,12730675640938139,,127,1,
1941108,3067566,12730675660938139,,127,1,
1941108,3067567,12730675670938139,,127,1,
1941108,3080373,12730803730938139,,127,1,
1941108,3080375,12730803750938139,,127,1,
1941108,3067564,12830675640938139,,128,1,
1941108,3067566,12830675660938139,,128,1,
1941108,3067567,12830675670938139,,128,1,
1941108,3080373,12830803730938139,,128,1,
1941108,3080375,12830803750938139,,128,1,
1941108,3067564,12930675640938139,,129,1,
1941108,3067566,12930675660938139,,129,1,
1941108,3067567,12930675670938139,,129,1,
1941108,3080373,12930803730938139,,129,1,
1941108,3080375,12930803750938139,,129,1,
1941108,3067564,13030675640938139,,130,1,
1941108,3067566,13030675660938139,,130,1,
1941108,3067567,13030675670938139,,130,1,
1941108,3080373,13030803730938139,,130,1,
1941108,3080375,13030803750938139,,130,1,
1941108,3067563,130675630938139,,1,1,
1941108,3067564,130675640938139,,1,1,
1941108,3067566,130675660938139,,1,1,
1941108,3067567,130675670938139,,1,1,
1941108,3080372,130803720938139,,1,1,
1941108,3080373,130803730938139,,1,1,
1941108,3080374,130803740938139,,1,1,
1941108,3080375,130803750938139,,1,1,
1941108,3067564,13130675640938139,,131,1,
1941108,3067566,13130675660938139,,131,1,
1941108,3067567,13130675670938139,,131,1,
1941108,3080373,13130803730938139,,131,1,
1941108,3080375,13130803750938139,,131,1,
1941108,3067564,13230675640938139,,132,1,
1941108,3067566,13230675660938139,,132,1,
1941108,3067567,13230675670938139,,132,1,
1941108,3080373,13230803730938139,,132,1,
1941108,3080375,13230803750938139,,132,1,
1941108,3067563,1330675630938139,,13,1,
1941108,3067564,1330675640938139,,13,1,
1941108,3067566,1330675660938139,,13,1,
1941108,3067567,1330675670938139,,13,1,
1941108,3080372,1330803720938139,,13,1,
1941108,3080373,1330803730938139,,13,1,
1941108,3080374,1330803740938139,,13,1,
1941108,3080375,1330803750938139,,13,1,
1941108,3067564,13330675640938139,,133,1,
1941108,3067566,13330675660938139,,133,1,
1941108,3067567,13330675670938139,,133,1,
1941108,3080373,13330803730938139,,133,1,
1941108,3080375,13330803750938139,,133,1,
1941108,3067564,13430675640938139,,134,1,
1941108,3067566,13430675660938139,,134,1,
1941108,3067567,13430675670938139,,134,1,
1941108,3080373,13430803730938139,,134,1,
1941108,3080375,13430803750938139,,134,1,
1941108,3067564,13530675640938139,,135,1,
1941108,3067566,13530675660938139,,135,1,
1941108,3067567,13530675670938139,,135,1,
1941108,3080373,13530803730938139,,135,1,
1941108,3080375,13530803750938139,,135,1,
1941108,3067564,13630675640938139,,136,1,
1941108,3067566,13630675660938139,,136,1,
1941108,3067567,13630675670938139,,136,1,
1941108,3080373,13630803730938139,,136,1,
1941108,3080375,13630803750938139,,136,1,
1941108,3067564,13730675640938139,,137,1,
1941108,3067566,13730675660938139,,137,1,
1941108,3067567,13730675670938139,,137,1,
1941108,3080373,13730803730938139,,137,1,
1941108,3080375,13730803750938139,,137,1,
1941108,3067564,13830675640938139,,138,1,
1941108,3067566,13830675660938139,,138,1,
1941108,3067567,13830675670938139,,138,1,
1941108,3080373,13830803730938139,,138,1,
1941108,3080375,13830803750938139,,138,1,
1941108,13067564,13930675640938139,,139,1,
1941108,13067566,13930675660938139,,139,1,
1941108,13067567,13930675670938139,,139,1,
1941108,3080373,13930803730938139,,139,1,
1941108,3080375,13930803750938139,,139,1,
1941108,13067564,14030675640938139,,140,1,
1941108,13067566,14030675660938139,,140,1,
1941108,13067567,14030675670938139,,140,1,
1941108,3080373,14030803730938139,,140,1,
1941108,3080375,14030803750938139,,140,1,
1941108,13067566,14130675660938139,,141,1,
1941108,13067567,14130675670938139,,141,1,
1941108,3080373,14130803730938139,,141,1,
1941108,3080375,14130803750938139,,141,1,
1941108,13067566,14230675660938139,,142,1,
1941108,13067567,14230675670938139,,142,1,
1941108,3080373,14230803730938139,,142,1,
1941108,3080375,14230803750938139,,142,1,
1941108,3067563,1430675630938139,,14,1,
1941108,3067564,1430675640938139,,14,1,
1941108,3067566,1430675660938139,,14,1,
1941108,3067567,1430675670938139,,14,1,
1941108,3080372,1430803720938139,,14,1,
1941108,3080373,1430803730938139,,14,1,
1941108,3080374,1430803740938139,,14,1,
1941108,3080375,1430803750938139,,14,1,
1941108,13067566,14330675660938139,,143,1,
1941108,13067567,14330675670938139,,143,1,
1941108,3080373,14330803730938139,,143,1,
1941108,3080375,14330803750938139,,143,1,
1941108,3080373,14430803730938139,,144,1,
1941108,3080375,14430803750938139,,144,1,
1941108,3080373,14530803730938139,,145,1,
1941108,3080375,14530803750938139,,145,1,
1941108,3080373,14630803730938139,,146,1,
1941108,3080375,14630803750938139,,146,1,
1941108,3080373,14730803730938139,,147,1,
1941108,3080375,14730803750938139,,147,1,
1941108,3080373,14830803730938139,,148,1,
1941108,3080375,14830803750938139,,148,1,
1941108,3080373,14930803730938139,,149,1,
1941108,3080375,14930803750938139,,149,1,
1941108,3080373,15030803730938139,,150,1,
1941108,3080375,15030803750938139,,150,1,
1941108,3080373,15130803730938139,,151,1,
1941108,3080375,15130803750938139,,151,1,
1941108,3080373,15230803730938139,,152,1,
1941108,3080375,15230803750938139,,152,1,
1941108,3067563,1530675630938139,,15,1,
1941108,3067564,1530675640938139,,15,1,
1941108,3067566,1530675660938139,,15,1,
1941108,3067567,1530675670938139,,15,1,
1941108,3080372,1530803720938139,,15,1,
1941108,3080373,1530803730938139,,15,1,
1941108,3080374,1530803740938139,,15,1,
1941108,3080375,1530803750938139,,15,1,
1941108,3080373,15330803730938139,,153,1,
1941108,3080375,15330803750938139,,153,1,
1941108,13080373,15430803730938139,,154,1,
1941108,13080375,15430803750938139,,154,1,
1941108,13080373,15530803730938139,,155,1,
1941108,13080375,15530803750938139,,155,1,
1941108,13080375,15630803750938139,,156,1,
1941108,13080375,15730803750938139,,157,1,
1941108,13080375,15830803750938139,,158,1,
1941108,3067563,1630675630938139,,16,1,
1941108,3067564,1630675640938139,,16,1,
1941108,3067566,1630675660938139,,16,1,
1941108,3067567,1630675670938139,,16,1,
1941108,3080372,1630803720938139,,16,1,
1941108,3080373,1630803730938139,,16,1,
1941108,3080374,1630803740938139,,16,1,
1941108,3080375,1630803750938139,,16,1,
1941108,3067563,1730675630938139,,17,1,
1941108,3067564,1730675640938139,,17,1,
1941108,3067566,1730675660938139,,17,1,
1941108,3067567,1730675670938139,,17,1,
1941108,3080372,1730803720938139,,17,1,
1941108,3080373,1730803730938139,,17,1,
1941108,3080374,1730803740938139,,17,1,
1941108,3080375,1730803750938139,,17,1,
1941108,3067563,1830675630938139,,18,1,
1941108,3067564,1830675640938139,,18,1,
1941108,3067566,1830675660938139,,18,1,
1941108,3067567,1830675670938139,,18,1,
1941108,3080372,1830803720938139,,18,1,
1941108,3080373,1830803730938139,,18,1,
1941108,3080374,1830803740938139,,18,1,
1941108,3080375,1830803750938139,,18,1,
1941108,3067563,1930675630938139,,19,1,
1941108,3067564,1930675640938139,,19,1,
1941108,3067566,1930675660938139,,19,1,
1941108,3067567,1930675670938139,,19,1,
1941108,3080372,1930803720938139,,19,1,
1941108,3080373,1930803730938139,,19,1,
1941108,3080374,1930803740938139,,19,1,
1941108,3080375,1930803750938139,,19,1,
1941108,3067563,2030675630938139,,20,1,
1941108,3067564,2030675640938139,,20,1,
1941108,3067566,2030675660938139,,20,1,
1941108,3067567,2030675670938139,,20,1,
1941108,3080372,2030803720938139,,20,1,
1941108,3080373,2030803730938139,,20,1,
1941108,3080374,2030803740938139,,20,1,
1941108,3080375,2030803750938139,,20,1,
1941108,3067563,2130675630938139,,21,1,
1941108,3067564,2130675640938139,,21,1,
1941108,3067566,2130675660938139,,21,1,
1941108,3067567,2130675670938139,,21,1,
1941108,3080372,2130803720938139,,21,1,
1941108,3080373,2130803730938139,,21,1,
1941108,3080374,2130803740938139,,21,1,
1941108,3080375,2130803750938139,,21,1,
1941108,3067563,2230675630938139,,22,1,
1941108,3067564,2230675640938139,,22,1,
1941108,3067566,2230675660938139,,22,1,
1941108,3067567,2230675670938139,,22,1,
1941108,3080372,2230803720938139,,22,1,
1941108,3080373,2230803730938139,,22,1,
1941108,3080374,2230803740938139,,22,1,
1941108,3080375,2230803750938139,,22,1,
1941108,3067563,230675630938139,,2,1,
1941108,3067564,230675640938139,,2,1,
1941108,3067566,230675660938139,,2,1,
1941108,3067567,230675670938139,,2,1,
1941108,3080372,230803720938139,,2,1,
1941108,3080373,230803730938139,,2,1,
1941108,3080374,230803740938139,,2,1,
1941108,3080375,230803750938139,,2,1,
1941108,3067563,2330675630938139,,23,1,
1941108,3067564,2330675640938139,,23,1,
1941108,3067566,2330675660938139,,23,1,
1941108,3067567,2330675670938139,,23,1,
1941108,3080372,2330803720938139,,23,1,
1941108,3080373,2330803730938139,,23,1,
1941108,3080374,2330803740938139,,23,1,
1941108,3080375,2330803750938139,,23,1,
1941108,3067563,2430675630938139,,24,1,
1941108,3067564,2430675640938139,,24,1,
1941108,3067566,2430675660938139,,24,1,
1941108,3067567,2430675670938139,,24,1,
1941108,3080372,2430803720938139,,24,1,
1941108,3080373,2430803730938139,,24,1,
1941108,3080374,2430803740938139,,24,1,
1941108,3080375,2430803750938139,,24,1,
1941108,3067563,2530675630938139,,25,1,
1941108,3067564,2530675640938139,,25,1,
1941108,3067566,2530675660938139,,25,1,
1941108,3067567,2530675670938139,,25,1,
1941108,3080372,2530803720938139,,25,1,
1941108,3080373,2530803730938139,,25,1,
1941108,3080374,2530803740938139,,25,1,
1941108,3080375,2530803750938139,,25,1,
1941108,3067563,2630675630938139,,26,1,
1941108,3067564,2630675640938139,,26,1,
1941108,3067566,2630675660938139,,26,1,
1941108,3067567,2630675670938139,,26,1,
1941108,3080372,2630803720938139,,26,1,
1941108,3080373,2630803730938139,,26,1,
1941108,3080374,2630803740938139,,26,1,
1941108,3080375,2630803750938139,,26,1,
1941108,3067563,2730675630938139,,27,1,
1941108,3067564,2730675640938139,,27,1,
1941108,3067566,2730675660938139,,27,1,
1941108,3067567,2730675670938139,,27,1,
1941108,3080372,2730803720938139,,27,1,
1941108,3080373,2730803730938139,,27,1,
1941108,3080374,2730803740938139,,27,1,
1941108,3080375,2730803750938139,,27,1,
1941108,3067563,2830675630938139,,28,1,
1941108,3067564,2830675640938139,,28,1,
1941108,3067566,2830675660938139,,28,1,
1941108,3067567,2830675670938139,,28,1,
1941108,3080372,2830803720938139,,28,1,
1941108,3080373,2830803730938139,,28,1,
1941108,3080374,2830803740938139,,28,1,
1941108,3080375,2830803750938139,,28,1,
1941108,3067563,2930675630938139,,29,1,
1941108,3067564,2930675640938139,,29,1,
1941108,3067566,2930675660938139,,29,1,
1941108,3067567,2930675670938139,,29,1,
1941108,3080372,2930803720938139,,29,1,
1941108,3080373,2930803730938139,,29,1,
1941108,3080374,2930803740938139,,29,1,
1941108,3080375,2930803750938139,,29,1,
1941108,3067563,3030675630938139,,30,1,
1941108,3067564,3030675640938139,,30,1,
1941108,3067566,3030675660938139,,30,1,
1941108,3067567,3030675670938139,,30,1,
1941108,3080372,3030803720938139,,30,1,
1941108,3080373,3030803730938139,,30,1,
1941108,3080374,3030803740938139,,30,1,
1941108,3080375,3030803750938139,,30,1,
1941108,3067563,3130675630938139,,31,1,
1941108,3067564,3130675640938139,,31,1,
1941108,3067566,3130675660938139,,31,1,
1941108,3067567,3130675670938139,,31,1,
1941108,3080372,3130803720938139,,31,1,
1941108,3080373,3130803730938139,,31,1,
1941108,3080374,3130803740938139,,31,1,
1941108,3080375,3130803750938139,,31,1,
1941108,3067563,3230675630938139,,32,1,
1941108,3067564,3230675640938139,,32,1,
1941108,3067566,3230675660938139,,32,1,
1941108,3067567,3230675670938139,,32,1,
1941108,3080372,3230803720938139,,32,1,
1941108,3080373,3230803730938139,,32,1,
1941108,3080374,3230803740938139,,32,1,
1941108,3080375,3230803750938139,,32,1,
1941108,3067563,330675630938139,,3,1,
1941108,3067564,330675640938139,,3,1,
1941108,3067566,330675660938139,,3,1,
1941108,3067567,330675670938139,,3,1,
1941108,3080372,330803720938139,,3,1,
1941108,3080373,330803730938139,,3,1,
1941108,3080374,330803740938139,,3,1,
1941108,3080375,330803750938139,,3,1,
1941108,3067563,3330675630938139,,33,1,
1941108,3067564,3330675640938139,,33,1,
1941108,3067566,3330675660938139,,33,1,
1941108,3067567,3330675670938139,,33,1,
1941108,3080372,3330803720938139,,33,1,
1941108,3080373,3330803730938139,,33,1,
1941108,3080374,3330803740938139,,33,1,
1941108,3080375,3330803750938139,,33,1,
1941108,3067563,3430675630938139,,34,1,
1941108,3067564,3430675640938139,,34,1,
1941108,3067566,3430675660938139,,34,1,
1941108,3067567,3430675670938139,,34,1,
1941108,3080372,3430803720938139,,34,1,
1941108,3080373,3430803730938139,,34,1,
1941108,3080374,3430803740938139,,34,1,
1941108,3080375,3430803750938139,,34,1,
1941108,3067563,3530675630938139,,35,1,
1941108,3067564,3530675640938139,,35,1,
1941108,3067566,3530675660938139,,35,1,
1941108,3067567,3530675670938139,,35,1,
1941108,3080372,3530803720938139,,35,1,
1941108,3080373,3530803730938139,,35,1,
1941108,3080374,3530803740938139,,35,1,
1941108,3080375,3530803750938139,,35,1,
1941108,3067563,3630675630938139,,36,1,
1941108,3067564,3630675640938139,,36,1,
1941108,3067566,3630675660938139,,36,1,
1941108,3067567,3630675670938139,,36,1,
1941108,3080372,3630803720938139,,36,1,
1941108,3080373,3630803730938139,,36,1,
1941108,3080374,3630803740938139,,36,1,
1941108,3080375,3630803750938139,,36,1,
1941108,3067563,3730675630938139,,37,1,
1941108,3067564,3730675640938139,,37,1,
1941108,3067566,3730675660938139,,37,1,
1941108,3067567,3730675670938139,,37,1,
1941108,3080372,3730803720938139,,37,1,
1941108,3080373,3730803730938139,,37,1,
1941108,3080374,3730803740938139,,37,1,
1941108,3080375,3730803750938139,,37,1,
1941108,3067563,3830675630938139,,38,1,
1941108,3067564,3830675640938139,,38,1,
1941108,3067566,3830675660938139,,38,1,
1941108,3067567,3830675670938139,,38,1,
1941108,3080372,3830803720938139,,38,1,
1941108,3080373,3830803730938139,,38,1,
1941108,3080374,3830803740938139,,38,1,
1941108,3080375,3830803750938139,,38,1,
1941108,3067563,3930675630938139,,39,1,
1941108,3067564,3930675640938139,,39,1,
1941108,3067566,3930675660938139,,39,1,
1941108,3067567,3930675670938139,,39,1,
1941108,3080372,3930803720938139,,39,1,
1941108,3080373,3930803730938139,,39,1,
1941108,3080374,3930803740938139,,39,1,
1941108,3080375,3930803750938139,,39,1,
1941108,3067563,4030675630938139,,40,1,
1941108,3067564,4030675640938139,,40,1,
1941108,3067566,4030675660938139,,40,1,
1941108,3067567,4030675670938139,,40,1,
1941108,3080372,4030803720938139,,40,1,
1941108,3080373,4030803730938139,,40,1,
1941108,3080374,4030803740938139,,40,1,
1941108,3080375,4030803750938139,,40,1,
1941108,3067563,4130675630938139,,41,1,
1941108,3067564,4130675640938139,,41,1,
1941108,3067566,4130675660938139,,41,1,
1941108,3067567,4130675670938139,,41,1,
1941108,3080372,4130803720938139,,41,1,
1941108,3080373,4130803730938139,,41,1,
1941108,3080374,4130803740938139,,41,1,
1941108,3080375,4130803750938139,,41,1,
1941108,3067563,4230675630938139,,42,1,
1941108,3067564,4230675640938139,,42,1,
1941108,3067566,4230675660938139,,42,1,
1941108,3067567,4230675670938139,,42,1,
1941108,3080372,4230803720938139,,42,1,
1941108,3080373,4230803730938139,,42,1,
1941108,3080374,4230803740938139,,42,1,
1941108,3080375,4230803750938139,,42,1,
1941108,3067563,430675630938139,,4,1,
1941108,3067564,430675640938139,,4,1,
1941108,3067566,430675660938139,,4,1,
1941108,3067567,430675670938139,,4,1,
1941108,3080372,430803720938139,,4,1,
1941108,3080373,430803730938139,,4,1,
1941108,3080374,430803740938139,,4,1,
1941108,3080375,430803750938139,,4,1,
1941108,3067563,4330675630938139,,43,1,
1941108,3067564,4330675640938139,,43,1,
1941108,3067566,4330675660938139,,43,1,
1941108,3067567,4330675670938139,,43,1,
1941108,3080372,4330803720938139,,43,1,
1941108,3080373,4330803730938139,,43,1,
1941108,3080374,4330803740938139,,43,1,
1941108,3080375,4330803750938139,,43,1,
1941108,3067563,4430675630938139,,44,1,
1941108,3067564,4430675640938139,,44,1,
1941108,3067566,4430675660938139,,44,1,
1941108,3067567,4430675670938139,,44,1,
1941108,3080372,4430803720938139,,44,1,
1941108,3080373,4430803730938139,,44,1,
1941108,3080374,4430803740938139,,44,1,
1941108,3080375,4430803750938139,,44,1,
1941108,3067563,4530675630938139,,45,1,
1941108,3067564,4530675640938139,,45,1,
1941108,3067566,4530675660938139,,45,1,
1941108,3067567,4530675670938139,,45,1,
1941108,3080372,4530803720938139,,45,1,
1941108,3080373,4530803730938139,,45,1,
1941108,3080374,4530803740938139,,45,1,
1941108,3080375,4530803750938139,,45,1,
1941108,3067563,4630675630938139,,46,1,
1941108,3067564,4630675640938139,,46,1,
1941108,3067566,4630675660938139,,46,1,
1941108,3067567,4630675670938139,,46,1,
1941108,3080372,4630803720938139,,46,1,
1941108,3080373,4630803730938139,,46,1,
1941108,3080374,4630803740938139,,46,1,
1941108,3080375,4630803750938139,,46,1,
1941108,3067563,4730675630938139,,47,1,
1941108,3067564,4730675640938139,,47,1,
1941108,3067566,4730675660938139,,47,1,
1941108,3067567,4730675670938139,,47,1,
1941108,3080372,4730803720938139,,47,1,
1941108,3080373,4730803730938139,,47,1,
1941108,3080374,4730803740938139,,47,1,
1941108,3080375,4730803750938139,,47,1,
1941108,3067563,4830675630938139,,48,1,
1941108,3067564,4830675640938139,,48,1,
1941108,3067566,4830675660938139,,48,1,
1941108,3067567,4830675670938139,,48,1,
1941108,3080372,4830803720938139,,48,1,
1941108,3080373,4830803730938139,,48,1,
1941108,3080374,4830803740938139,,48,1,
1941108,3080375,4830803750938139,,48,1,
1941108,3067563,4930675630938139,,49,1,
1941108,3067564,4930675640938139,,49,1,
1941108,3067566,4930675660938139,,49,1,
1941108,3067567,4930675670938139,,49,1,
1941108,3080372,4930803720938139,,49,1,
1941108,3080373,4930803730938139,,49,1,
1941108,3080374,4930803740938139,,49,1,
1941108,3080375,4930803750938139,,49,1,
1941108,3067563,5030675630938139,,50,1,
1941108,3067564,5030675640938139,,50,1,
1941108,3067566,5030675660938139,,50,1,
1941108,3067567,5030675670938139,,50,1,
1941108,3080372,5030803720938139,,50,1,
1941108,3080373,5030803730938139,,50,1,
1941108,3080374,5030803740938139,,50,1,
1941108,3080375,5030803750938139,,50,1,
1941108,3067563,5130675630938139,,51,1,
1941108,3067564,5130675640938139,,51,1,
1941108,3067566,5130675660938139,,51,1,
1941108,3067567,5130675670938139,,51,1,
1941108,3080372,5130803720938139,,51,1,
1941108,3080373,5130803730938139,,51,1,
1941108,3080374,5130803740938139,,51,1,
1941108,3080375,5130803750938139,,51,1,
1941108,3067563,5230675630938139,,52,1,
1941108,3067564,5230675640938139,,52,1,
1941108,3067566,5230675660938139,,52,1,
1941108,3067567,5230675670938139,,52,1,
1941108,3080372,5230803720938139,,52,1,
1941108,3080373,5230803730938139,,52,1,
1941108,3080374,5230803740938139,,52,1,
1941108,3080375,5230803750938139,,52,1,
1941108,3067563,530675630938139,,5,1,
1941108,3067564,530675640938139,,5,1,
1941108,3067566,530675660938139,,5,1,
1941108,3067567,530675670938139,,5,1,
1941108,3080372,530803720938139,,5,1,
1941108,3080373,530803730938139,,5,1,
1941108,3080374,530803740938139,,5,1,
1941108,3080375,530803750938139,,5,1,
1941108,3067563,5330675630938139,,53,1,
1941108,3067564,5330675640938139,,53,1,
1941108,3067566,5330675660938139,,53,1,
1941108,3067567,5330675670938139,,53,1,
1941108,3080372,5330803720938139,,53,1,
1941108,3080373,5330803730938139,,53,1,
1941108,3080374,5330803740938139,,53,1,
1941108,3080375,5330803750938139,,53,1,
1941108,3067563,5430675630938139,,54,1,
1941108,3067564,5430675640938139,,54,1,
1941108,3067566,5430675660938139,,54,1,
1941108,3067567,5430675670938139,,54,1,
1941108,3080372,5430803720938139,,54,1,
1941108,3080373,5430803730938139,,54,1,
1941108,3080374,5430803740938139,,54,1,
1941108,3080375,5430803750938139,,54,1,
1941108,3067563,5530675630938139,,55,1,
1941108,3067564,5530675640938139,,55,1,
1941108,3067566,5530675660938139,,55,1,
1941108,3067567,5530675670938139,,55,1,
1941108,3080372,5530803720938139,,55,1,
1941108,3080373,5530803730938139,,55,1,
1941108,3080374,5530803740938139,,55,1,
1941108,3080375,5530803750938139,,55,1,
1941108,3067563,5630675630938139,,56,1,
1941108,3067564,5630675640938139,,56,1,
1941108,3067566,5630675660938139,,56,1,
1941108,3067567,5630675670938139,,56,1,
1941108,3080372,5630803720938139,,56,1,
1941108,3080373,5630803730938139,,56,1,
1941108,3080374,5630803740938139,,56,1,
1941108,3080375,5630803750938139,,56,1,
1941108,3067563,5730675630938139,,57,1,
1941108,3067564,5730675640938139,,57,1,
1941108,3067566,5730675660938139,,57,1,
1941108,3067567,5730675670938139,,57,1,
1941108,3080372,5730803720938139,,57,1,
1941108,3080373,5730803730938139,,57,1,
1941108,3080374,5730803740938139,,57,1,
1941108,3080375,5730803750938139,,57,1,
1941108,3067563,5830675630938139,,58,1,
1941108,3067564,5830675640938139,,58,1,
1941108,3067566,5830675660938139,,58,1,
1941108,3067567,5830675670938139,,58,1,
1941108,3080372,5830803720938139,,58,1,
1941108,3080373,5830803730938139,,58,1,
1941108,3080374,5830803740938139,,58,1,
1941108,3080375,5830803750938139,,58,1,
1941108,3067563,5930675630938139,,59,1,
1941108,3067564,5930675640938139,,59,1,
1941108,3067566,5930675660938139,,59,1,
1941108,3067567,5930675670938139,,59,1,
1941108,3080372,5930803720938139,,59,1,
1941108,3080373,5930803730938139,,59,1,
1941108,3080374,5930803740938139,,59,1,
1941108,3080375,5930803750938139,,59,1,
1941108,3067563,6030675630938139,,60,1,
1941108,3067564,6030675640938139,,60,1,
1941108,3067566,6030675660938139,,60,1,
1941108,3067567,6030675670938139,,60,1,
1941108,3080372,6030803720938139,,60,1,
1941108,3080373,6030803730938139,,60,1,
1941108,3080374,6030803740938139,,60,1,
1941108,3080375,6030803750938139,,60,1,
1941108,3067563,6130675630938139,,61,1,
1941108,3067564,6130675640938139,,61,1,
1941108,3067566,6130675660938139,,61,1,
1941108,3067567,6130675670938139,,61,1,
1941108,3080372,6130803720938139,,61,1,
1941108,3080373,6130803730938139,,61,1,
1941108,3080374,6130803740938139,,61,1,
1941108,3080375,6130803750938139,,61,1,
1941108,3067563,6230675630938139,,62,1,
1941108,3067564,6230675640938139,,62,1,
1941108,3067566,6230675660938139,,62,1,
1941108,3067567,6230675670938139,,62,1,
1941108,3080372,6230803720938139,,62,1,
1941108,3080373,6230803730938139,,62,1,
1941108,3080374,6230803740938139,,62,1,
1941108,3080375,6230803750938139,,62,1,
1941108,3067563,630675630938139,,6,1,
1941108,3067564,630675640938139,,6,1,
1941108,3067566,630675660938139,,6,1,
1941108,3067567,630675670938139,,6,1,
1941108,3080372,630803720938139,,6,1,
1941108,3080373,630803730938139,,6,1,
1941108,3080374,630803740938139,,6,1,
1941108,3080375,630803750938139,,6,1,
1941108,3067563,6330675630938139,,63,1,
1941108,3067564,6330675640938139,,63,1,
1941108,3067566,6330675660938139,,63,1,
1941108,3067567,6330675670938139,,63,1,
1941108,3080372,6330803720938139,,63,1,
1941108,3080373,6330803730938139,,63,1,
1941108,3080374,6330803740938139,,63,1,
1941108,3080375,6330803750938139,,63,1,
1941108,3067563,6430675630938139,,64,1,
1941108,3067564,6430675640938139,,64,1,
1941108,3067566,6430675660938139,,64,1,
1941108,3067567,6430675670938139,,64,1,
1941108,3080372,6430803720938139,,64,1,
1941108,3080373,6430803730938139,,64,1,
1941108,3080374,6430803740938139,,64,1,
1941108,3080375,6430803750938139,,64,1,
1941108,3067563,6530675630938139,,65,1,
1941108,3067564,6530675640938139,,65,1,
1941108,3067566,6530675660938139,,65,1,
1941108,3067567,6530675670938139,,65,1,
1941108,3080372,6530803720938139,,65,1,
1941108,3080373,6530803730938139,,65,1,
1941108,3080374,6530803740938139,,65,1,
1941108,3080375,6530803750938139,,65,1,
1941108,3067563,6630675630938139,,66,1,
1941108,3067564,6630675640938139,,66,1,
1941108,3067566,6630675660938139,,66,1,
1941108,3067567,6630675670938139,,66,1,
1941108,3080372,6630803720938139,,66,1,
1941108,3080373,6630803730938139,,66,1,
1941108,3080374,6630803740938139,,66,1,
1941108,3080375,6630803750938139,,66,1,
1941108,3067563,6730675630938139,,67,1,
1941108,3067564,6730675640938139,,67,1,
1941108,3067566,6730675660938139,,67,1,
1941108,3067567,6730675670938139,,67,1,
1941108,3080372,6730803720938139,,67,1,
1941108,3080373,6730803730938139,,67,1,
1941108,3080374,6730803740938139,,67,1,
1941108,3080375,6730803750938139,,67,1,
1941108,3067563,6830675630938139,,68,1,
1941108,3067564,6830675640938139,,68,1,
1941108,3067566,6830675660938139,,68,1,
1941108,3067567,6830675670938139,,68,1,
1941108,3080372,6830803720938139,,68,1,
1941108,3080373,6830803730938139,,68,1,
1941108,3080374,6830803740938139,,68,1,
1941108,3080375,6830803750938139,,68,1,
1941108,3067563,6930675630938139,,69,1,
1941108,3067564,6930675640938139,,69,1,
1941108,3067566,6930675660938139,,69,1,
1941108,3067567,6930675670938139,,69,1,
1941108,3080372,6930803720938139,,69,1,
1941108,3080373,6930803730938139,,69,1,
1941108,3080374,6930803740938139,,69,1,
1941108,3080375,6930803750938139,,69,1,
1941108,3067563,7030675630938139,,70,1,
1941108,3067564,7030675640938139,,70,1,
1941108,3067566,7030675660938139,,70,1,
1941108,3067567,7030675670938139,,70,1,
1941108,3080372,7030803720938139,,70,1,
1941108,3080373,7030803730938139,,70,1,
1941108,3080374,7030803740938139,,70,1,
1941108,3080375,7030803750938139,,70,1,
1941108,3067563,7130675630938139,,71,1,
1941108,3067564,7130675640938139,,71,1,
1941108,3067566,7130675660938139,,71,1,
1941108,3067567,7130675670938139,,71,1,
1941108,3080372,7130803720938139,,71,1,
1941108,3080373,7130803730938139,,71,1,
1941108,3080374,7130803740938139,,71,1,
1941108,3080375,7130803750938139,,71,1,
1941108,3067563,7230675630938139,,72,1,
1941108,3067564,7230675640938139,,72,1,
1941108,3067566,7230675660938139,,72,1,
1941108,3067567,7230675670938139,,72,1,
1941108,3080372,7230803720938139,,72,1,
1941108,3080373,7230803730938139,,72,1,
1941108,3080374,7230803740938139,,72,1,
1941108,3080375,7230803750938139,,72,1,
1941108,3067563,730675630938139,,7,1,
1941108,3067564,730675640938139,,7,1,
1941108,3067566,730675660938139,,7,1,
1941108,3067567,730675670938139,,7,1,
1941108,3080372,730803720938139,,7,1,
1941108,3080373,730803730938139,,7,1,
1941108,3080374,730803740938139,,7,1,
1941108,3080375,730803750938139,,7,1,
1941108,3067563,7330675630938139,,73,1,
1941108,3067564,7330675640938139,,73,1,
1941108,3067566,7330675660938139,,73,1,
1941108,3067567,7330675670938139,,73,1,
1941108,3080372,7330803720938139,,73,1,
1941108,3080373,7330803730938139,,73,1,
1941108,3080374,7330803740938139,,73,1,
1941108,3080375,7330803750938139,,73,1,
1941108,3067563,7430675630938139,,74,1,
1941108,3067564,7430675640938139,,74,1,
1941108,3067566,7430675660938139,,74,1,
1941108,3067567,7430675670938139,,74,1,
1941108,3080372,7430803720938139,,74,1,
1941108,3080373,7430803730938139,,74,1,
1941108,3080374,7430803740938139,,74,1,
1941108,3080375,7430803750938139,,74,1,
1941108,3067563,7530675630938139,,75,1,
1941108,3067564,7530675640938139,,75,1,
1941108,3067566,7530675660938139,,75,1,
1941108,3067567,7530675670938139,,75,1,
1941108,3080372,7530803720938139,,75,1,
1941108,3080373,7530803730938139,,75,1,
1941108,3080374,7530803740938139,,75,1,
1941108,3080375,7530803750938139,,75,1,
1941108,3067563,7630675630938139,,76,1,
1941108,3067564,7630675640938139,,76,1,
1941108,3067566,7630675660938139,,76,1,
1941108,3067567,7630675670938139,,76,1,
1941108,3080372,7630803720938139,,76,1,
1941108,3080373,7630803730938139,,76,1,
1941108,3080374,7630803740938139,,76,1,
1941108,3080375,7630803750938139,,76,1,
1941108,3067563,7730675630938139,,77,1,
1941108,3067564,7730675640938139,,77,1,
1941108,3067566,7730675660938139,,77,1,
1941108,3067567,7730675670938139,,77,1,
1941108,3080372,7730803720938139,,77,1,
1941108,3080373,7730803730938139,,77,1,
1941108,3080374,7730803740938139,,77,1,
1941108,3080375,7730803750938139,,77,1,
1941108,3067563,7830675630938139,,78,1,
1941108,3067564,7830675640938139,,78,1,
1941108,3067566,7830675660938139,,78,1,
1941108,3067567,7830675670938139,,78,1,
1941108,3080372,7830803720938139,,78,1,
1941108,3080373,7830803730938139,,78,1,
1941108,3080374,7830803740938139,,78,1,
1941108,3080375,7830803750938139,,78,1,
1941108,3067563,7930675630938139,,79,1,
1941108,3067564,7930675640938139,,79,1,
1941108,3067566,7930675660938139,,79,1,
1941108,3067567,7930675670938139,,79,1,
1941108,3080372,7930803720938139,,79,1,
1941108,3080373,7930803730938139,,79,1,
1941108,3080374,7930803740938139,,79,1,
1941108,3080375,7930803750938139,,79,1,
1941108,3067563,8030675630938139,,80,1,
1941108,3067564,8030675640938139,,80,1,
1941108,3067566,8030675660938139,,80,1,
1941108,3067567,8030675670938139,,80,1,
1941108,3080372,8030803720938139,,80,1,
1941108,3080373,8030803730938139,,80,1,
1941108,3080374,8030803740938139,,80,1,
1941108,3080375,8030803750938139,,80,1,
1941108,13067563,8130675630938139,,81,1,
1941108,3067564,8130675640938139,,81,1,
1941108,3067566,8130675660938139,,81,1,
1941108,3067567,8130675670938139,,81,1,
1941108,13080372,8130803720938139,,81,1,
1941108,3080373,8130803730938139,,81,1,
1941108,3080374,8130803740938139,,81,1,
1941108,3080375,8130803750938139,,81,1,
1941108,13067563,8230675630938139,,82,1,
1941108,3067564,8230675640938139,,82,1,
1941108,3067566,8230675660938139,,82,1,
1941108,3067567,8230675670938139,,82,1,
1941108,13080372,8230803720938139,,82,1,
1941108,3080373,8230803730938139,,82,1,
1941108,3080374,8230803740938139,,82,1,
1941108,3080375,8230803750938139,,82,1,
1941108,3067563,830675630938139,,8,1,
1941108,3067564,830675640938139,,8,1,
1941108,3067566,830675660938139,,8,1,
1941108,3067567,830675670938139,,8,1,
1941108,3080372,830803720938139,,8,1,
1941108,3080373,830803730938139,,8,1,
1941108,3080374,830803740938139,,8,1,
1941108,3080375,830803750938139,,8,1,
1941108,13067563,8330675630938139,,83,1,
1941108,3067564,8330675640938139,,83,1,
1941108,3067566,8330675660938139,,83,1,
1941108,3067567,8330675670938139,,83,1,
1941108,3080373,8330803730938139,,83,1,
1941108,3080374,8330803740938139,,83,1,
1941108,3080375,8330803750938139,,83,1,
1941108,13067563,8430675630938139,,84,1,
1941108,3067564,8430675640938139,,84,1,
1941108,3067566,8430675660938139,,84,1,
1941108,3067567,8430675670938139,,84,1,
1941108,3080373,8430803730938139,,84,1,
1941108,3080374,8430803740938139,,84,1,
1941108,3080375,8430803750938139,,84,1,
1941108,13067563,8530675630938139,,85,1,
1941108,3067564,8530675640938139,,85,1,
1941108,3067566,8530675660938139,,85,1,
1941108,3067567,8530675670938139,,85,1,
1941108,3080373,8530803730938139,,85,1,
1941108,3080374,8530803740938139,,85,1,
1941108,3080375,8530803750938139,,85,1,
1941108,3067564,8630675640938139,,86,1,
1941108,3067566,8630675660938139,,86,1,
1941108,3067567,8630675670938139,,86,1,
1941108,3080373,8630803730938139,,86,1,
1941108,3080374,8630803740938139,,86,1,
1941108,3080375,8630803750938139,,86,1,
1941108,3067564,8730675640938139,,87,1,
1941108,3067566,8730675660938139,,87,1,
1941108,3067567,8730675670938139,,87,1,
1941108,3080373,8730803730938139,,87,1,
1941108,3080374,8730803740938139,,87,1,
1941108,3080375,8730803750938139,,87,1,
1941108,3067564,8830675640938139,,88,1,
1941108,3067566,8830675660938139,,88,1,
1941108,3067567,8830675670938139,,88,1,
1941108,3080373,8830803730938139,,88,1,
1941108,3080374,8830803740938139,,88,1,
1941108,3080375,8830803750938139,,88,1,
1941108,3067564,8930675640938139,,89,1,
1941108,3067566,8930675660938139,,89,1,
1941108,3067567,8930675670938139,,89,1,
1941108,3080373,8930803730938139,,89,1,
1941108,3080374,8930803740938139,,89,1,
1941108,3080375,8930803750938139,,89,1,
1941108,3067564,9030675640938139,,90,1,
1941108,3067566,9030675660938139,,90,1,
1941108,3067567,9030675670938139,,90,1,
1941108,3080373,9030803730938139,,90,1,
1941108,3080374,9030803740938139,,90,1,
1941108,3080375,9030803750938139,,90,1,
1941108,3067564,9130675640938139,,91,1,
1941108,3067566,9130675660938139,,91,1,
1941108,3067567,9130675670938139,,91,1,
1941108,3080373,9130803730938139,,91,1,
1941108,3080374,9130803740938139,,91,1,
1941108,3080375,9130803750938139,,91,1,
1941108,3067564,9230675640938139,,92,1,
1941108,3067566,9230675660938139,,92,1,
1941108,3067567,9230675670938139,,92,1,
1941108,3080373,9230803730938139,,92,1,
1941108,3080374,9230803740938139,,92,1,
1941108,3080375,9230803750938139,,92,1,
1941108,3067563,930675630938139,,9,1,
1941108,3067564,930675640938139,,9,1,
1941108,3067566,930675660938139,,9,1,
1941108,3067567,930675670938139,,9,1,
1941108,3080372,930803720938139,,9,1,
1941108,3080373,930803730938139,,9,1,
1941108,3080374,930803740938139,,9,1,
1941108,3080375,930803750938139,,9,1,
1941108,3067564,9330675640938139,,93,1,
1941108,3067566,9330675660938139,,93,1,
1941108,3067567,9330675670938139,,93,1,
1941108,3080373,9330803730938139,,93,1,
1941108,3080374,9330803740938139,,93,1,
1941108,3080375,9330803750938139,,93,1,
1941108,3067564,9430675640938139,,94,1,
1941108,3067566,9430675660938139,,94,1,
1941108,3067567,9430675670938139,,94,1,
1941108,3080373,9430803730938139,,94,1,
1941108,3080374,9430803740938139,,94,1,
1941108,3080375,9430803750938139,,94,1,
1941108,3067564,9530675640938139,,95,1,
1941108,3067566,9530675660938139,,95,1,
1941108,3067567,9530675670938139,,95,1,
1941108,3080373,9530803730938139,,95,1,
1941108,3080374,9530803740938139,,95,1,
1941108,3080375,9530803750938139,,95,1,
1941108,3067564,9630675640938139,,96,1,
1941108,3067566,9630675660938139,,96,1,
1941108,3067567,9630675670938139,,96,1,
1941108,3080373,9630803730938139,,96,1,
1941108,3080374,9630803740938139,,96,1,
1941108,3080375,9630803750938139,,96,1,
1941108,3067564,9730675640938139,,97,1,
1941108,3067566,9730675660938139,,97,1,
1941108,3067567,9730675670938139,,97,1,
1941108,3080373,9730803730938139,,97,1,
1941108,3080374,9730803740938139,,97,1,
1941108,3080375,9730803750938139,,97,1,
1941108,3067564,9830675640938139,,98,1,
1941108,3067566,9830675660938139,,98,1,
1941108,3067567,9830675670938139,,98,1,
1941108,3080373,9830803730938139,,98,1,
1941108,3080374,9830803740938139,,98,1,
1941108,3080375,9830803750938139,,98,1,
1941108,3067564,9930675640938139,,99,1,
1941108,3067566,9930675660938139,,99,1,
1941108,3067567,9930675670938139,,99,1,
1941108,3080373,9930803730938139,,99,1,
1941108,3080374,9930803740938139,,99,1,
1941108,3080375,9930803750938139,,99,1,
1941108,3067563,130675630938140,,1,1,
1941108,3067564,130675640938140,,1,1,
1941108,3067566,130675660938140,,1,1,
1941108,3067567,130675670938140,,1,1,
1941108,3080372,130803720938140,,1,1,
1941108,3080373,130803730938140,,1,1,
1941108,3080374,130803740938140,,1,1,
1941108,3080375,130803750938140,,1,1,
1941108,3067563,230675630938140,,2,1,
1941108,3067564,230675640938140,,2,1,
1941108,3067566,230675660938140,,2,1,
1941108,3067567,230675670938140,,2,1,
1941108,3080372,230803720938140,,2,1,
1941108,3080373,230803730938140,,2,1,
1941108,3080374,230803740938140,,2,1,
1941108,3080375,230803750938140,,2,1,
1941108,3067564,330675640938140,,3,1,
1941108,3067566,330675660938140,,3,1,
1941108,3067567,330675670938140,,3,1,
1941108,3080373,330803730938140,,3,1,
1941108,3080374,330803740938140,,3,1,
1941108,3080375,330803750938140,,3,1,
