route_id,service_id,trip_id,trip_headsign,trip_short_name,direction_id,shape_id
2165735,3005947,1030059470868998,,10,0,
2165735,3045323,1030453230868998,,10,0,
2165735,3045324,1030453240868998,,10,0,
2165735,3005947,1130059470868998,,11,0,
2165735,3045323,1130453230868998,,11,0,
2165735,3045324,1130453240868998,,11,0,
2165735,3005947,1230059470868998,,12,0,
2165735,3045323,1230453230868998,,12,0,
2165735,3045324,1230453240868998,,12,0,
2165735,3005947,130059470868998,,1,0,
2165735,3045323,130453230868998,,1,0,
2165735,3045324,130453240868998,,1,0,
2165735,3005947,1330059470868998,,13,0,
2165735,3045323,1330453230868998,,13,0,
2165735,3045324,1330453240868998,,13,0,
2165735,3005947,1430059470868998,,14,0,
2165735,3045323,1430453230868998,,14,0,
2165735,3045324,1430453240868998,,14,0,
2165735,3005947,1530059470868998,,15,0,
2165735,3045323,1530453230868998,,15,0,
2165735,3045324,1530453240868998,,15,0,
2165735,3005947,1630059470868998,,16,0,
2165735,3045323,1630453230868998,,16,0,
2165735,3045324,1630453240868998,,16,0,
2165735,3005947,1730059470868998,,17,0,
2165735,3045323,1730453230868998,,17,0,
2165735,3045324,1730453240868998,,17,0,
2165735,3005947,1830059470868998,,18,0,
2165735,3045323,1830453230868998,,18,0,
2165735,3045324,1830453240868998,,18,0,
2165735,3005947,1930059470868998,,19,0,
2165735,3045324,1930453240868998,,19,0,
2165735,3005947,2030059470868998,,20,0,
2165735,3045324,2030453240868998,,20,0,
2165735,3005947,2130059470868998,,21,0,
2165735,3045324,2130453240868998,,21,0,
2165735,3005947,2230059470868998,,22,0,
2165735,3045324,2230453240868998,,22,0,
2165735,3005947,230059470868998,,2,0,
2165735,3045323,230453230868998,,2,0,
2165735,3045324,230453240868998,,2,0,
2165735,3005947,2330059470868998,,23,0,
2165735,3045324,2330453240868998,,23,0,
2165735,3005947,2430059470868998,,24,0,
2165735,3045324,2430453240868998,,24,0,
2165735,3005947,2530059470868998,,25,0,
2165735,3045324,2530453240868998,,25,0,
2165735,3005947,2630059470868998,,26,0,
2165735,3045324,2630453240868998,,26,0,
2165735,3005947,2730059470868998,,27,0,
2165735,3045324,2730453240868998,,27,0,
2165735,3045324,2830453240868998,,28,0,
2165735,3045324,2930453240868998,,29,0,
2165735,3045324,3030453240868998,,30,0,
2165735,3045324,3130453240868998,,31,0,
2165735,3045324,3230453240868998,,32,0,
2165735,3005947,330059470868998,,3,0,
2165735,3045323,330453230868998,,3,0,
2165735,3045324,330453240868998,,3,0,
2165735,3045324,3330453240868998,,33,0,
2165735,3045324,3430453240868998,,34,0,
2165735,3045324,3530453240868998,,35,0,
2165735,3045324,3630453240868998,,36,0,
2165735,3045324,3730453240868998,,37,0,
2165735,3045324,3830453240868998,,38,0,
2165735,3045324,3930453240868998,,39,0,
2165735,3045324,4030453240868998,,40,0,
2165735,3045324,4130453240868998,,41,0,
2165735,3005947,430059470868998,,4,0,
2165735,3045323,430453230868998,,4,0,
2165735,3045324,430453240868998,,4,0,
2165735,3005947,530059470868998,,5,0,
2165735,3045323,530453230868998,,5,0,
2165735,3045324,530453240868998,,5,0,
2165735,3005947,630059470868998,,6,0,
2165735,3045323,630453230868998,,6,0,
2165735,3045324,630453240868998,,6,0,
2165735,3005947,730059470868998,,7,0,
2165735,3045323,730453230868998,,7,0,
2165735,3045324,730453240868998,,7,0,
2165735,3005947,830059470868998,,8,0,
2165735,3045323,830453230868998,,8,0,
2165735,3045324,830453240868998,,8,0,
2165735,3005947,930059470868998,,9,0,
2165735,3045323,930453230868998,,9,0,
2165735,3045324,930453240868998,,9,0,
2165735,3005947,130059470868996,,1,0,
2165735,3045323,130453230868996,,1,0,
2165735,3045324,130453240868996,,1,0,
2165735,3005947,230059470868996,,2,0,
2165735,3045324,230453240868996,,2,0,
2165735,3005947,330059470868996,,3,0,
2165735,3045324,330453240868996,,3,0,
2165735,3005947,430059470868996,,4,0,
2165735,3045324,430453240868996,,4,0,
2165735,3045324,530453240868996,,5,0,
2165735,3005947,130059470868997,,1,0,
2165735,3045324,130453240868997,,1,0,
2165735,3005947,230059470868997,,2,0,
2165735,3045324,230453240868997,,2,0,
2165735,3045324,330453240868997,,3,0,
2165735,3045324,430453240868997,,4,0,
2165736,3005947,1030059470868999,,10,1,
2165736,3045323,1030453230868999,,10,1,
2165736,3045324,1030453240868999,,10,1,
2165736,3005947,1130059470868999,,11,1,
2165736,3045323,1130453230868999,,11,1,
2165736,3045324,1130453240868999,,11,1,
2165736,3005947,1230059470868999,,12,1,
2165736,3045323,1230453230868999,,12,1,
2165736,3045324,1230453240868999,,12,1,
2165736,3005947,130059470868999,,1,1,
2165736,3045323,130453230868999,,1,1,
2165736,3045324,130453240868999,,1,1,
2165736,3005947,1330059470868999,,13,1,
2165736,3045323,1330453230868999,,13,1,
2165736,3045324,1330453240868999,,13,1,
2165736,3005947,1430059470868999,,14,1,
2165736,3045323,1430453230868999,,14,1,
2165736,3045324,1430453240868999,,14,1,
2165736,3005947,1530059470868999,,15,1,
2165736,3045323,1530453230868999,,15,1,
2165736,3045324,1530453240868999,,15,1,
2165736,3005947,1630059470868999,,16,1,
2165736,3045323,1630453230868999,,16,1,
2165736,3045324,1630453240868999,,16,1,
2165736,3005947,1730059470868999,,17,1,
2165736,3045323,1730453230868999,,17,1,
2165736,3045324,1730453240868999,,17,1,
2165736,3005947,1830059470868999,,18,1,
2165736,3045323,1830453230868999,,18,1,
2165736,3045324,1830453240868999,,18,1,
2165736,3005947,1930059470868999,,19,1,
2165736,3045324,1930453240868999,,19,1,
2165736,3005947,2030059470868999,,20,1,
2165736,3045324,2030453240868999,,20,1,
2165736,3005947,2130059470868999,,21,1,
2165736,3045324,2130453240868999,,21,1,
2165736,3005947,2230059470868999,,22,1,
2165736,3045324,2230453240868999,,22,1,
2165736,3005947,230059470868999,,2,1,
2165736,3045323,230453230868999,,2,1,
2165736,3045324,230453240868999,,2,1,
2165736,3005947,2330059470868999,,23,1,
2165736,3045324,2330453240868999,,23,1,
2165736,3005947,2430059470868999,,24,1,
2165736,3045324,2430453240868999,,24,1,
2165736,3005947,2530059470868999,,25,1,
2165736,3045324,2530453240868999,,25,1,
2165736,3005947,2630059470868999,,26,1,
2165736,3045324,2630453240868999,,26,1,
2165736,3005947,2730059470868999,,27,1,
2165736,3045324,2730453240868999,,27,1,
2165736,3005947,2830059470868999,,28,1,
2165736,3045324,2830453240868999,,28,1,
2165736,3005947,2930059470868999,,29,1,
2165736,3045324,2930453240868999,,29,1,
2165736,3005947,3030059470868999,,30,1,
2165736,3045324,3030453240868999,,30,1,
2165736,3045324,3130453240868999,,31,1,
2165736,3045324,3230453240868999,,32,1,
2165736,3005947,330059470868999,,3,1,
2165736,3045323,330453230868999,,3,1,
2165736,3045324,330453240868999,,3,1,
2165736,3045324,3330453240868999,,33,1,
2165736,3045324,3430453240868999,,34,1,
2165736,3045324,3530453240868999,,35,1,
2165736,3045324,3630453240868999,,36,1,
2165736,3045324,3730453240868999,,37,1,
2165736,3045324,3830453240868999,,38,1,
2165736,3045324,3930453240868999,,39,1,
2165736,3045324,4030453240868999,,40,1,
2165736,3045324,4130453240868999,,41,1,
2165736,3005947,430059470868999,,4,1,
2165736,3045323,430453230868999,,4,1,
2165736,3045324,430453240868999,,4,1,
2165736,3005947,530059470868999,,5,1,
2165736,3045323,530453230868999,,5,1,
2165736,3045324,530453240868999,,5,1,
2165736,3005947,630059470868999,,6,1,
2165736,3045323,630453230868999,,6,1,
2165736,3045324,630453240868999,,6,1,
2165736,3005947,730059470868999,,7,1,
2165736,3045323,730453230868999,,7,1,
2165736,3045324,730453240868999,,7,1,
2165736,3005947,830059470868999,,8,1,
2165736,3045323,830453230868999,,8,1,
2165736,3045324,830453240868999,,8,1,
2165736,3005947,930059470868999,,9,1,
2165736,3045323,930453230868999,,9,1,
2165736,3045324,930453240868999,,9,1,
2165736,3005947,130059470869001,,1,1,
2165736,3045323,130453230869001,,1,1,
2165736,3045324,130453240869001,,1,1,
2165736,3005947,230059470869001,,2,1,
2165736,3045324,230453240869001,,2,1,
2165736,3045324,330453240869001,,3,1,
2165736,3045324,430453240869001,,4,1,
2165736,3045324,530453240869001,,5,1,
2165736,3045323,130453230869000,,1,1,
2165736,3045324,130453240869000,,1,1,
2165736,3045324,230453240869000,,2,1,
2165736,3045324,330453240869000,,3,1,
2165736,3045324,430453240869000,,4,1,
2165736,3045324,530453240869000,,5,1,
