route_id,service_id,trip_id,trip_headsign,trip_short_name,direction_id,shape_id
2166277,2999949,10029999492005436,,100,0,
2166277,2999950,10029999502005436,,100,0,
2166277,2999951,10029999512005436,,100,0,
2166277,2999952,10029999522005436,,100,0,
2166277,2999953,10029999532005436,,100,0,
2166277,2999949,10129999492005436,,101,0,
2166277,2999950,10129999502005436,,101,0,
2166277,2999951,10129999512005436,,101,0,
2166277,2999952,10129999522005436,,101,0,
2166277,2999953,10129999532005436,,101,0,
2166277,2999949,10229999492005436,,102,0,
2166277,2999950,10229999502005436,,102,0,
2166277,2999951,10229999512005436,,102,0,
2166277,2999952,10229999522005436,,102,0,
2166277,2999953,10229999532005436,,102,0,
2166277,2999947,1029999472005436,,10,0,
2166277,2999948,1029999482005436,,10,0,
2166277,2999949,1029999492005436,,10,0,
2166277,2999950,1029999502005436,,10,0,
2166277,2999951,1029999512005436,,10,0,
2166277,2999952,1029999522005436,,10,0,
2166277,2999953,1029999532005436,,10,0,
2166277,2999949,10329999492005436,,103,0,
2166277,2999950,10329999502005436,,103,0,
2166277,2999951,10329999512005436,,103,0,
2166277,2999952,10329999522005436,,103,0,
2166277,2999953,10329999532005436,,103,0,
2166277,2999949,10429999492005436,,104,0,
2166277,2999950,10429999502005436,,104,0,
2166277,2999951,10429999512005436,,104,0,
2166277,2999952,10429999522005436,,104,0,
2166277,2999953,10429999532005436,,104,0,
2166277,2999949,10529999492005436,,105,0,
2166277,2999950,10529999502005436,,105,0,
2166277,2999951,10529999512005436,,105,0,
2166277,2999952,10529999522005436,,105,0,
2166277,2999953,10529999532005436,,105,0,
2166277,2999949,10629999492005436,,106,0,
2166277,2999950,10629999502005436,,106,0,
2166277,2999951,10629999512005436,,106,0,
2166277,2999952,10629999522005436,,106,0,
2166277,2999953,10629999532005436,,106,0,
2166277,2999949,10729999492005436,,107,0,
2166277,2999950,10729999502005436,,107,0,
2166277,2999951,10729999512005436,,107,0,
2166277,12999952,10729999522005436,,107,0,
2166277,2999953,10729999532005436,,107,0,
2166277,2999949,10829999492005436,,108,0,
2166277,2999950,10829999502005436,,108,0,
2166277,2999951,10829999512005436,,108,0,
2166277,12999952,10829999522005436,,108,0,
2166277,2999953,10829999532005436,,108,0,
2166277,2999949,10929999492005436,,109,0,
2166277,2999950,10929999502005436,,109,0,
2166277,2999951,10929999512005436,,109,0,
2166277,2999953,10929999532005436,,109,0,
2166277,2999949,11029999492005436,,110,0,
2166277,2999950,11029999502005436,,110,0,
2166277,2999951,11029999512005436,,110,0,
2166277,2999953,11029999532005436,,110,0,
2166277,2999949,11129999492005436,,111,0,
2166277,2999950,11129999502005436,,111,0,
2166277,2999951,11129999512005436,,111,0,
2166277,2999953,11129999532005436,,111,0,
2166277,2999949,11229999492005436,,112,0,
2166277,2999950,11229999502005436,,112,0,
2166277,2999951,11229999512005436,,112,0,
2166277,2999953,11229999532005436,,112,0,
2166277,2999947,1129999472005436,,11,0,
2166277,2999948,1129999482005436,,11,0,
2166277,2999949,1129999492005436,,11,0,
2166277,2999950,1129999502005436,,11,0,
2166277,2999951,1129999512005436,,11,0,
2166277,2999952,1129999522005436,,11,0,
2166277,2999953,1129999532005436,,11,0,
2166277,2999949,11329999492005436,,113,0,
2166277,2999950,11329999502005436,,113,0,
2166277,2999951,11329999512005436,,113,0,
2166277,2999953,11329999532005436,,113,0,
2166277,2999949,11429999492005436,,114,0,
2166277,2999950,11429999502005436,,114,0,
2166277,2999951,11429999512005436,,114,0,
2166277,2999953,11429999532005436,,114,0,
2166277,2999949,11529999492005436,,115,0,
2166277,2999950,11529999502005436,,115,0,
2166277,2999951,11529999512005436,,115,0,
2166277,2999953,11529999532005436,,115,0,
2166277,2999949,11629999492005436,,116,0,
2166277,2999950,11629999502005436,,116,0,
2166277,2999951,11629999512005436,,116,0,
2166277,2999953,11629999532005436,,116,0,
2166277,2999949,11729999492005436,,117,0,
2166277,2999950,11729999502005436,,117,0,
2166277,2999951,11729999512005436,,117,0,
2166277,2999953,11729999532005436,,117,0,
2166277,2999949,11829999492005436,,118,0,
2166277,2999950,11829999502005436,,118,0,
2166277,2999951,11829999512005436,,118,0,
2166277,2999953,11829999532005436,,118,0,
2166277,2999949,11929999492005436,,119,0,
2166277,2999950,11929999502005436,,119,0,
2166277,2999951,11929999512005436,,119,0,
2166277,2999953,11929999532005436,,119,0,
2166277,2999949,12029999492005436,,120,0,
2166277,2999950,12029999502005436,,120,0,
2166277,2999951,12029999512005436,,120,0,
2166277,12999953,12029999532005436,,120,0,
2166277,2999949,12129999492005436,,121,0,
2166277,2999950,12129999502005436,,121,0,
2166277,2999951,12129999512005436,,121,0,
2166277,12999953,12129999532005436,,121,0,
2166277,2999949,12229999492005436,,122,0,
2166277,2999950,12229999502005436,,122,0,
2166277,2999951,12229999512005436,,122,0,
2166277,2999947,1229999472005436,,12,0,
2166277,2999948,1229999482005436,,12,0,
2166277,2999949,1229999492005436,,12,0,
2166277,2999950,1229999502005436,,12,0,
2166277,2999951,1229999512005436,,12,0,
2166277,2999952,1229999522005436,,12,0,
2166277,2999953,1229999532005436,,12,0,
2166277,2999949,12329999492005436,,123,0,
2166277,2999950,12329999502005436,,123,0,
2166277,12999951,12329999512005436,,123,0,
2166277,12999949,12429999492005436,,124,0,
2166277,2999950,12429999502005436,,124,0,
2166277,12999951,12429999512005436,,124,0,
2166277,12999949,12529999492005436,,125,0,
2166277,2999950,12529999502005436,,125,0,
2166277,2999950,12629999502005436,,126,0,
2166277,2999950,12729999502005436,,127,0,
2166277,2999950,12829999502005436,,128,0,
2166277,2999950,12929999502005436,,129,0,
2166277,2999947,129999472005436,,1,0,
2166277,2999948,129999482005436,,1,0,
2166277,2999949,129999492005436,,1,0,
2166277,2999950,129999502005436,,1,0,
2166277,2999951,129999512005436,,1,0,
2166277,2999952,129999522005436,,1,0,
2166277,2999953,129999532005436,,1,0,
2166277,2999950,13029999502005436,,130,0,
2166277,2999950,13129999502005436,,131,0,
2166277,2999950,13229999502005436,,132,0,
2166277,2999947,1329999472005436,,13,0,
2166277,2999948,1329999482005436,,13,0,
2166277,2999949,1329999492005436,,13,0,
2166277,2999950,1329999502005436,,13,0,
2166277,2999951,1329999512005436,,13,0,
2166277,2999952,1329999522005436,,13,0,
2166277,2999953,1329999532005436,,13,0,
2166277,2999950,13329999502005436,,133,0,
2166277,2999950,13429999502005436,,134,0,
2166277,2999950,13529999502005436,,135,0,
2166277,2999950,13629999502005436,,136,0,
2166277,2999950,13729999502005436,,137,0,
2166277,2999950,13829999502005436,,138,0,
2166277,2999950,13929999502005436,,139,0,
2166277,2999950,14029999502005436,,140,0,
2166277,2999950,14129999502005436,,141,0,
2166277,2999950,14229999502005436,,142,0,
2166277,2999947,1429999472005436,,14,0,
2166277,2999948,1429999482005436,,14,0,
2166277,2999949,1429999492005436,,14,0,
2166277,2999950,1429999502005436,,14,0,
2166277,2999951,1429999512005436,,14,0,
2166277,2999952,1429999522005436,,14,0,
2166277,2999953,1429999532005436,,14,0,
2166277,2999950,14329999502005436,,143,0,
2166277,2999950,14429999502005436,,144,0,
2166277,2999950,14529999502005436,,145,0,
2166277,2999950,14629999502005436,,146,0,
2166277,12999950,14729999502005436,,147,0,
2166277,12999950,14829999502005436,,148,0,
2166277,2999947,1529999472005436,,15,0,
2166277,2999948,1529999482005436,,15,0,
2166277,2999949,1529999492005436,,15,0,
2166277,2999950,1529999502005436,,15,0,
2166277,2999951,1529999512005436,,15,0,
2166277,2999952,1529999522005436,,15,0,
2166277,2999953,1529999532005436,,15,0,
2166277,2999947,1629999472005436,,16,0,
2166277,2999948,1629999482005436,,16,0,
2166277,2999949,1629999492005436,,16,0,
2166277,2999950,1629999502005436,,16,0,
2166277,2999951,1629999512005436,,16,0,
2166277,2999952,1629999522005436,,16,0,
2166277,2999953,1629999532005436,,16,0,
2166277,2999947,1729999472005436,,17,0,
2166277,2999948,1729999482005436,,17,0,
2166277,2999949,1729999492005436,,17,0,
2166277,2999950,1729999502005436,,17,0,
2166277,2999951,1729999512005436,,17,0,
2166277,2999952,1729999522005436,,17,0,
2166277,2999953,1729999532005436,,17,0,
2166277,2999947,1829999472005436,,18,0,
2166277,2999948,1829999482005436,,18,0,
2166277,2999949,1829999492005436,,18,0,
2166277,2999950,1829999502005436,,18,0,
2166277,2999951,1829999512005436,,18,0,
2166277,2999952,1829999522005436,,18,0,
2166277,2999953,1829999532005436,,18,0,
2166277,2999947,1929999472005436,,19,0,
2166277,2999948,1929999482005436,,19,0,
2166277,2999949,1929999492005436,,19,0,
2166277,2999950,1929999502005436,,19,0,
2166277,2999951,1929999512005436,,19,0,
2166277,2999952,1929999522005436,,19,0,
2166277,2999953,1929999532005436,,19,0,
2166277,2999947,2029999472005436,,20,0,
2166277,2999948,2029999482005436,,20,0,
2166277,2999949,2029999492005436,,20,0,
2166277,2999950,2029999502005436,,20,0,
2166277,2999951,2029999512005436,,20,0,
2166277,2999952,2029999522005436,,20,0,
2166277,2999953,2029999532005436,,20,0,
2166277,2999947,2129999472005436,,21,0,
2166277,2999948,2129999482005436,,21,0,
2166277,2999949,2129999492005436,,21,0,
2166277,2999950,2129999502005436,,21,0,
2166277,2999951,2129999512005436,,21,0,
2166277,2999952,2129999522005436,,21,0,
2166277,2999953,2129999532005436,,21,0,
2166277,2999947,2229999472005436,,22,0,
2166277,2999948,2229999482005436,,22,0,
2166277,2999949,2229999492005436,,22,0,
2166277,2999950,2229999502005436,,22,0,
2166277,2999951,2229999512005436,,22,0,
2166277,2999952,2229999522005436,,22,0,
2166277,2999953,2229999532005436,,22,0,
2166277,2999947,229999472005436,,2,0,
2166277,2999948,229999482005436,,2,0,
2166277,2999949,229999492005436,,2,0,
2166277,2999950,229999502005436,,2,0,
2166277,2999951,229999512005436,,2,0,
2166277,2999952,229999522005436,,2,0,
2166277,2999953,229999532005436,,2,0,
2166277,2999947,2329999472005436,,23,0,
2166277,2999948,2329999482005436,,23,0,
2166277,2999949,2329999492005436,,23,0,
2166277,2999950,2329999502005436,,23,0,
2166277,2999951,2329999512005436,,23,0,
2166277,2999952,2329999522005436,,23,0,
2166277,2999953,2329999532005436,,23,0,
2166277,2999947,2429999472005436,,24,0,
2166277,2999948,2429999482005436,,24,0,
2166277,2999949,2429999492005436,,24,0,
2166277,2999950,2429999502005436,,24,0,
2166277,2999951,2429999512005436,,24,0,
2166277,2999952,2429999522005436,,24,0,
2166277,2999953,2429999532005436,,24,0,
2166277,2999947,2529999472005436,,25,0,
2166277,2999948,2529999482005436,,25,0,
2166277,2999949,2529999492005436,,25,0,
2166277,2999950,2529999502005436,,25,0,
2166277,2999951,2529999512005436,,25,0,
2166277,2999952,2529999522005436,,25,0,
2166277,2999953,2529999532005436,,25,0,
2166277,2999947,2629999472005436,,26,0,
2166277,2999948,2629999482005436,,26,0,
2166277,2999949,2629999492005436,,26,0,
2166277,2999950,2629999502005436,,26,0,
2166277,2999951,2629999512005436,,26,0,
2166277,2999952,2629999522005436,,26,0,
2166277,2999953,2629999532005436,,26,0,
2166277,2999947,2729999472005436,,27,0,
2166277,2999948,2729999482005436,,27,0,
2166277,2999949,2729999492005436,,27,0,
2166277,2999950,2729999502005436,,27,0,
2166277,2999951,2729999512005436,,27,0,
2166277,2999952,2729999522005436,,27,0,
2166277,2999953,2729999532005436,,27,0,
2166277,2999947,2829999472005436,,28,0,
2166277,2999948,2829999482005436,,28,0,
2166277,2999949,2829999492005436,,28,0,
2166277,2999950,2829999502005436,,28,0,
2166277,2999951,2829999512005436,,28,0,
2166277,2999952,2829999522005436,,28,0,
2166277,2999953,2829999532005436,,28,0,
2166277,2999947,2929999472005436,,29,0,
2166277,2999948,2929999482005436,,29,0,
2166277,2999949,2929999492005436,,29,0,
2166277,2999950,2929999502005436,,29,0,
2166277,2999951,2929999512005436,,29,0,
2166277,2999952,2929999522005436,,29,0,
2166277,2999953,2929999532005436,,29,0,
2166277,2999947,3029999472005436,,30,0,
2166277,2999948,3029999482005436,,30,0,
2166277,2999949,3029999492005436,,30,0,
2166277,2999950,3029999502005436,,30,0,
2166277,2999951,3029999512005436,,30,0,
2166277,2999952,3029999522005436,,30,0,
2166277,2999953,3029999532005436,,30,0,
2166277,2999947,3129999472005436,,31,0,
2166277,2999948,3129999482005436,,31,0,
2166277,2999949,3129999492005436,,31,0,
2166277,2999950,3129999502005436,,31,0,
2166277,2999951,3129999512005436,,31,0,
2166277,2999952,3129999522005436,,31,0,
2166277,2999953,3129999532005436,,31,0,
2166277,2999947,3229999472005436,,32,0,
2166277,2999948,3229999482005436,,32,0,
2166277,2999949,3229999492005436,,32,0,
2166277,2999950,3229999502005436,,32,0,
2166277,2999951,3229999512005436,,32,0,
2166277,2999952,3229999522005436,,32,0,
2166277,2999953,3229999532005436,,32,0,
2166277,2999947,329999472005436,,3,0,
2166277,2999948,329999482005436,,3,0,
2166277,2999949,329999492005436,,3,0,
2166277,2999950,329999502005436,,3,0,
2166277,2999951,329999512005436,,3,0,
2166277,2999952,329999522005436,,3,0,
2166277,2999953,329999532005436,,3,0,
2166277,2999947,3329999472005436,,33,0,
2166277,2999948,3329999482005436,,33,0,
2166277,2999949,3329999492005436,,33,0,
2166277,2999950,3329999502005436,,33,0,
2166277,2999951,3329999512005436,,33,0,
2166277,2999952,3329999522005436,,33,0,
2166277,2999953,3329999532005436,,33,0,
2166277,2999947,3429999472005436,,34,0,
2166277,2999948,3429999482005436,,34,0,
2166277,2999949,3429999492005436,,34,0,
2166277,2999950,3429999502005436,,34,0,
2166277,2999951,3429999512005436,,34,0,
2166277,2999952,3429999522005436,,34,0,
2166277,2999953,3429999532005436,,34,0,
2166277,2999947,3529999472005436,,35,0,
2166277,2999948,3529999482005436,,35,0,
2166277,2999949,3529999492005436,,35,0,
2166277,2999950,3529999502005436,,35,0,
2166277,2999951,3529999512005436,,35,0,
2166277,2999952,3529999522005436,,35,0,
2166277,2999953,3529999532005436,,35,0,
2166277,2999947,3629999472005436,,36,0,
2166277,2999948,3629999482005436,,36,0,
2166277,2999949,3629999492005436,,36,0,
2166277,2999950,3629999502005436,,36,0,
2166277,2999951,3629999512005436,,36,0,
2166277,2999952,3629999522005436,,36,0,
2166277,2999953,3629999532005436,,36,0,
2166277,2999947,3729999472005436,,37,0,
2166277,2999948,3729999482005436,,37,0,
2166277,2999949,3729999492005436,,37,0,
2166277,2999950,3729999502005436,,37,0,
2166277,2999951,3729999512005436,,37,0,
2166277,2999952,3729999522005436,,37,0,
2166277,2999953,3729999532005436,,37,0,
2166277,2999947,3829999472005436,,38,0,
2166277,2999948,3829999482005436,,38,0,
2166277,2999949,3829999492005436,,38,0,
2166277,2999950,3829999502005436,,38,0,
2166277,2999951,3829999512005436,,38,0,
2166277,2999952,3829999522005436,,38,0,
2166277,2999953,3829999532005436,,38,0,
2166277,2999947,3929999472005436,,39,0,
2166277,2999948,3929999482005436,,39,0,
2166277,2999949,3929999492005436,,39,0,
2166277,2999950,3929999502005436,,39,0,
2166277,2999951,3929999512005436,,39,0,
2166277,2999952,3929999522005436,,39,0,
2166277,2999953,3929999532005436,,39,0,
2166277,2999947,4029999472005436,,40,0,
2166277,2999948,4029999482005436,,40,0,
2166277,2999949,4029999492005436,,40,0,
2166277,2999950,4029999502005436,,40,0,
2166277,2999951,4029999512005436,,40,0,
2166277,2999952,4029999522005436,,40,0,
2166277,2999953,4029999532005436,,40,0,
2166277,2999947,4129999472005436,,41,0,
2166277,2999948,4129999482005436,,41,0,
2166277,2999949,4129999492005436,,41,0,
2166277,2999950,4129999502005436,,41,0,
2166277,2999951,4129999512005436,,41,0,
2166277,2999952,4129999522005436,,41,0,
2166277,2999953,4129999532005436,,41,0,
2166277,2999947,4229999472005436,,42,0,
2166277,2999948,4229999482005436,,42,0,
2166277,2999949,4229999492005436,,42,0,
2166277,2999950,4229999502005436,,42,0,
2166277,2999951,4229999512005436,,42,0,
2166277,2999952,4229999522005436,,42,0,
2166277,2999953,4229999532005436,,42,0,
2166277,2999947,429999472005436,,4,0,
2166277,2999948,429999482005436,,4,0,
2166277,2999949,429999492005436,,4,0,
2166277,2999950,429999502005436,,4,0,
2166277,2999951,429999512005436,,4,0,
2166277,2999952,429999522005436,,4,0,
2166277,2999953,429999532005436,,4,0,
2166277,2999947,4329999472005436,,43,0,
2166277,2999948,4329999482005436,,43,0,
2166277,2999949,4329999492005436,,43,0,
2166277,2999950,4329999502005436,,43,0,
2166277,2999951,4329999512005436,,43,0,
2166277,2999952,4329999522005436,,43,0,
2166277,2999953,4329999532005436,,43,0,
2166277,2999947,4429999472005436,,44,0,
2166277,2999948,4429999482005436,,44,0,
2166277,2999949,4429999492005436,,44,0,
2166277,2999950,4429999502005436,,44,0,
2166277,2999951,4429999512005436,,44,0,
2166277,2999952,4429999522005436,,44,0,
2166277,2999953,4429999532005436,,44,0,
2166277,2999947,4529999472005436,,45,0,
2166277,2999948,4529999482005436,,45,0,
2166277,2999949,4529999492005436,,45,0,
2166277,2999950,4529999502005436,,45,0,
2166277,2999951,4529999512005436,,45,0,
2166277,2999952,4529999522005436,,45,0,
2166277,2999953,4529999532005436,,45,0,
2166277,2999947,4629999472005436,,46,0,
2166277,2999948,4629999482005436,,46,0,
2166277,2999949,4629999492005436,,46,0,
2166277,2999950,4629999502005436,,46,0,
2166277,2999951,4629999512005436,,46,0,
2166277,2999952,4629999522005436,,46,0,
2166277,2999953,4629999532005436,,46,0,
2166277,2999947,4729999472005436,,47,0,
2166277,2999948,4729999482005436,,47,0,
2166277,2999949,4729999492005436,,47,0,
2166277,2999950,4729999502005436,,47,0,
2166277,2999951,4729999512005436,,47,0,
2166277,2999952,4729999522005436,,47,0,
2166277,2999953,4729999532005436,,47,0,
2166277,2999947,4829999472005436,,48,0,
2166277,2999948,4829999482005436,,48,0,
2166277,2999949,4829999492005436,,48,0,
2166277,2999950,4829999502005436,,48,0,
2166277,2999951,4829999512005436,,48,0,
2166277,2999952,4829999522005436,,48,0,
2166277,2999953,4829999532005436,,48,0,
2166277,2999947,4929999472005436,,49,0,
2166277,2999948,4929999482005436,,49,0,
2166277,2999949,4929999492005436,,49,0,
2166277,2999950,4929999502005436,,49,0,
2166277,2999951,4929999512005436,,49,0,
2166277,2999952,4929999522005436,,49,0,
2166277,2999953,4929999532005436,,49,0,
2166277,2999947,5029999472005436,,50,0,
2166277,2999948,5029999482005436,,50,0,
2166277,2999949,5029999492005436,,50,0,
2166277,2999950,5029999502005436,,50,0,
2166277,2999951,5029999512005436,,50,0,
2166277,2999952,5029999522005436,,50,0,
2166277,2999953,5029999532005436,,50,0,
2166277,2999947,5129999472005436,,51,0,
2166277,2999948,5129999482005436,,51,0,
2166277,2999949,5129999492005436,,51,0,
2166277,2999950,5129999502005436,,51,0,
2166277,2999951,5129999512005436,,51,0,
2166277,2999952,5129999522005436,,51,0,
2166277,2999953,5129999532005436,,51,0,
2166277,2999947,5229999472005436,,52,0,
2166277,2999948,5229999482005436,,52,0,
2166277,2999949,5229999492005436,,52,0,
2166277,2999950,5229999502005436,,52,0,
2166277,2999951,5229999512005436,,52,0,
2166277,2999952,5229999522005436,,52,0,
2166277,2999953,5229999532005436,,52,0,
2166277,2999947,529999472005436,,5,0,
2166277,2999948,529999482005436,,5,0,
2166277,2999949,529999492005436,,5,0,
2166277,2999950,529999502005436,,5,0,
2166277,2999951,529999512005436,,5,0,
2166277,2999952,529999522005436,,5,0,
2166277,2999953,529999532005436,,5,0,
2166277,2999947,5329999472005436,,53,0,
2166277,2999948,5329999482005436,,53,0,
2166277,2999949,5329999492005436,,53,0,
2166277,2999950,5329999502005436,,53,0,
2166277,2999951,5329999512005436,,53,0,
2166277,2999952,5329999522005436,,53,0,
2166277,2999953,5329999532005436,,53,0,
2166277,2999947,5429999472005436,,54,0,
2166277,2999948,5429999482005436,,54,0,
2166277,2999949,5429999492005436,,54,0,
2166277,2999950,5429999502005436,,54,0,
2166277,2999951,5429999512005436,,54,0,
2166277,2999952,5429999522005436,,54,0,
2166277,2999953,5429999532005436,,54,0,
2166277,2999947,5529999472005436,,55,0,
2166277,2999948,5529999482005436,,55,0,
2166277,2999949,5529999492005436,,55,0,
2166277,2999950,5529999502005436,,55,0,
2166277,2999951,5529999512005436,,55,0,
2166277,2999952,5529999522005436,,55,0,
2166277,2999953,5529999532005436,,55,0,
2166277,2999947,5629999472005436,,56,0,
2166277,2999948,5629999482005436,,56,0,
2166277,2999949,5629999492005436,,56,0,
2166277,2999950,5629999502005436,,56,0,
2166277,2999951,5629999512005436,,56,0,
2166277,2999952,5629999522005436,,56,0,
2166277,2999953,5629999532005436,,56,0,
2166277,2999947,5729999472005436,,57,0,
2166277,2999948,5729999482005436,,57,0,
2166277,2999949,5729999492005436,,57,0,
2166277,2999950,5729999502005436,,57,0,
2166277,2999951,5729999512005436,,57,0,
2166277,2999952,5729999522005436,,57,0,
2166277,2999953,5729999532005436,,57,0,
2166277,2999947,5829999472005436,,58,0,
2166277,2999948,5829999482005436,,58,0,
2166277,2999949,5829999492005436,,58,0,
2166277,2999950,5829999502005436,,58,0,
2166277,2999951,5829999512005436,,58,0,
2166277,2999952,5829999522005436,,58,0,
2166277,2999953,5829999532005436,,58,0,
2166277,2999947,5929999472005436,,59,0,
2166277,2999948,5929999482005436,,59,0,
2166277,2999949,5929999492005436,,59,0,
2166277,2999950,5929999502005436,,59,0,
2166277,2999951,5929999512005436,,59,0,
2166277,2999952,5929999522005436,,59,0,
2166277,2999953,5929999532005436,,59,0,
2166277,2999947,6029999472005436,,60,0,
2166277,2999948,6029999482005436,,60,0,
2166277,2999949,6029999492005436,,60,0,
2166277,2999950,6029999502005436,,60,0,
2166277,2999951,6029999512005436,,60,0,
2166277,2999952,6029999522005436,,60,0,
2166277,2999953,6029999532005436,,60,0,
2166277,2999947,6129999472005436,,61,0,
2166277,2999948,6129999482005436,,61,0,
2166277,2999949,6129999492005436,,61,0,
2166277,2999950,6129999502005436,,61,0,
2166277,2999951,6129999512005436,,61,0,
2166277,2999952,6129999522005436,,61,0,
2166277,2999953,6129999532005436,,61,0,
2166277,2999947,6229999472005436,,62,0,
2166277,2999948,6229999482005436,,62,0,
2166277,2999949,6229999492005436,,62,0,
2166277,2999950,6229999502005436,,62,0,
2166277,2999951,6229999512005436,,62,0,
2166277,2999952,6229999522005436,,62,0,
2166277,2999953,6229999532005436,,62,0,
2166277,2999947,629999472005436,,6,0,
2166277,2999948,629999482005436,,6,0,
2166277,2999949,629999492005436,,6,0,
2166277,2999950,629999502005436,,6,0,
2166277,2999951,629999512005436,,6,0,
2166277,2999952,629999522005436,,6,0,
2166277,2999953,629999532005436,,6,0,
2166277,2999947,6329999472005436,,63,0,
2166277,2999948,6329999482005436,,63,0,
2166277,2999949,6329999492005436,,63,0,
2166277,2999950,6329999502005436,,63,0,
2166277,2999951,6329999512005436,,63,0,
2166277,2999952,6329999522005436,,63,0,
2166277,2999953,6329999532005436,,63,0,
2166277,2999947,6429999472005436,,64,0,
2166277,2999948,6429999482005436,,64,0,
2166277,2999949,6429999492005436,,64,0,
2166277,2999950,6429999502005436,,64,0,
2166277,2999951,6429999512005436,,64,0,
2166277,2999952,6429999522005436,,64,0,
2166277,2999953,6429999532005436,,64,0,
2166277,2999947,6529999472005436,,65,0,
2166277,2999948,6529999482005436,,65,0,
2166277,2999949,6529999492005436,,65,0,
2166277,2999950,6529999502005436,,65,0,
2166277,2999951,6529999512005436,,65,0,
2166277,2999952,6529999522005436,,65,0,
2166277,2999953,6529999532005436,,65,0,
2166277,2999947,6629999472005436,,66,0,
2166277,2999948,6629999482005436,,66,0,
2166277,2999949,6629999492005436,,66,0,
2166277,2999950,6629999502005436,,66,0,
2166277,2999951,6629999512005436,,66,0,
2166277,2999952,6629999522005436,,66,0,
2166277,2999953,6629999532005436,,66,0,
2166277,2999947,6729999472005436,,67,0,
2166277,2999948,6729999482005436,,67,0,
2166277,2999949,6729999492005436,,67,0,
2166277,2999950,6729999502005436,,67,0,
2166277,2999951,6729999512005436,,67,0,
2166277,2999952,6729999522005436,,67,0,
2166277,2999953,6729999532005436,,67,0,
2166277,2999947,6829999472005436,,68,0,
2166277,2999948,6829999482005436,,68,0,
2166277,2999949,6829999492005436,,68,0,
2166277,2999950,6829999502005436,,68,0,
2166277,2999951,6829999512005436,,68,0,
2166277,2999952,6829999522005436,,68,0,
2166277,2999953,6829999532005436,,68,0,
2166277,2999947,6929999472005436,,69,0,
2166277,2999948,6929999482005436,,69,0,
2166277,2999949,6929999492005436,,69,0,
2166277,2999950,6929999502005436,,69,0,
2166277,2999951,6929999512005436,,69,0,
2166277,2999952,6929999522005436,,69,0,
2166277,2999953,6929999532005436,,69,0,
2166277,2999947,7029999472005436,,70,0,
2166277,2999948,7029999482005436,,70,0,
2166277,2999949,7029999492005436,,70,0,
2166277,2999950,7029999502005436,,70,0,
2166277,2999951,7029999512005436,,70,0,
2166277,2999952,7029999522005436,,70,0,
2166277,2999953,7029999532005436,,70,0,
2166277,2999947,7129999472005436,,71,0,
2166277,2999948,7129999482005436,,71,0,
2166277,2999949,7129999492005436,,71,0,
2166277,2999950,7129999502005436,,71,0,
2166277,2999951,7129999512005436,,71,0,
2166277,2999952,7129999522005436,,71,0,
2166277,2999953,7129999532005436,,71,0,
2166277,2999947,7229999472005436,,72,0,
2166277,2999948,7229999482005436,,72,0,
2166277,2999949,7229999492005436,,72,0,
2166277,2999950,7229999502005436,,72,0,
2166277,2999951,7229999512005436,,72,0,
2166277,2999952,7229999522005436,,72,0,
2166277,2999953,7229999532005436,,72,0,
2166277,2999947,729999472005436,,7,0,
2166277,2999948,729999482005436,,7,0,
2166277,2999949,729999492005436,,7,0,
2166277,2999950,729999502005436,,7,0,
2166277,2999951,729999512005436,,7,0,
2166277,2999952,729999522005436,,7,0,
2166277,2999953,729999532005436,,7,0,
2166277,2999947,7329999472005436,,73,0,
2166277,2999948,7329999482005436,,73,0,
2166277,2999949,7329999492005436,,73,0,
2166277,2999950,7329999502005436,,73,0,
2166277,2999951,7329999512005436,,73,0,
2166277,2999952,7329999522005436,,73,0,
2166277,2999953,7329999532005436,,73,0,
2166277,2999947,7429999472005436,,74,0,
2166277,2999948,7429999482005436,,74,0,
2166277,2999949,7429999492005436,,74,0,
2166277,2999950,7429999502005436,,74,0,
2166277,2999951,7429999512005436,,74,0,
2166277,2999952,7429999522005436,,74,0,
2166277,2999953,7429999532005436,,74,0,
2166277,2999947,7529999472005436,,75,0,
2166277,2999948,7529999482005436,,75,0,
2166277,2999949,7529999492005436,,75,0,
2166277,2999950,7529999502005436,,75,0,
2166277,2999951,7529999512005436,,75,0,
2166277,2999952,7529999522005436,,75,0,
2166277,2999953,7529999532005436,,75,0,
2166277,2999947,7629999472005436,,76,0,
2166277,2999948,7629999482005436,,76,0,
2166277,2999949,7629999492005436,,76,0,
2166277,2999950,7629999502005436,,76,0,
2166277,2999951,7629999512005436,,76,0,
2166277,2999952,7629999522005436,,76,0,
2166277,2999953,7629999532005436,,76,0,
2166277,2999947,7729999472005436,,77,0,
2166277,2999948,7729999482005436,,77,0,
2166277,2999949,7729999492005436,,77,0,
2166277,2999950,7729999502005436,,77,0,
2166277,2999951,7729999512005436,,77,0,
2166277,2999952,7729999522005436,,77,0,
2166277,2999953,7729999532005436,,77,0,
2166277,2999947,7829999472005436,,78,0,
2166277,2999948,7829999482005436,,78,0,
2166277,2999949,7829999492005436,,78,0,
2166277,2999950,7829999502005436,,78,0,
2166277,2999951,7829999512005436,,78,0,
2166277,2999952,7829999522005436,,78,0,
2166277,2999953,7829999532005436,,78,0,
2166277,2999947,7929999472005436,,79,0,
2166277,2999948,7929999482005436,,79,0,
2166277,2999949,7929999492005436,,79,0,
2166277,2999950,7929999502005436,,79,0,
2166277,2999951,7929999512005436,,79,0,
2166277,2999952,7929999522005436,,79,0,
2166277,2999953,7929999532005436,,79,0,
2166277,2999947,8029999472005436,,80,0,
2166277,2999948,8029999482005436,,80,0,
2166277,2999949,8029999492005436,,80,0,
2166277,2999950,8029999502005436,,80,0,
2166277,2999951,8029999512005436,,80,0,
2166277,2999952,8029999522005436,,80,0,
2166277,2999953,8029999532005436,,80,0,
2166277,2999947,8129999472005436,,81,0,
2166277,2999948,8129999482005436,,81,0,
2166277,2999949,8129999492005436,,81,0,
2166277,2999950,8129999502005436,,81,0,
2166277,2999951,8129999512005436,,81,0,
2166277,2999952,8129999522005436,,81,0,
2166277,2999953,8129999532005436,,81,0,
2166277,2999947,8229999472005436,,82,0,
2166277,2999948,8229999482005436,,82,0,
2166277,2999949,8229999492005436,,82,0,
2166277,2999950,8229999502005436,,82,0,
2166277,2999951,8229999512005436,,82,0,
2166277,2999952,8229999522005436,,82,0,
2166277,2999953,8229999532005436,,82,0,
2166277,2999947,829999472005436,,8,0,
2166277,2999948,829999482005436,,8,0,
2166277,2999949,829999492005436,,8,0,
2166277,2999950,829999502005436,,8,0,
2166277,2999951,829999512005436,,8,0,
2166277,2999952,829999522005436,,8,0,
2166277,2999953,829999532005436,,8,0,
2166277,2999947,8329999472005436,,83,0,
2166277,2999948,8329999482005436,,83,0,
2166277,2999949,8329999492005436,,83,0,
2166277,2999950,8329999502005436,,83,0,
2166277,2999951,8329999512005436,,83,0,
2166277,2999952,8329999522005436,,83,0,
2166277,2999953,8329999532005436,,83,0,
2166277,2999947,8429999472005436,,84,0,
2166277,2999948,8429999482005436,,84,0,
2166277,2999949,8429999492005436,,84,0,
2166277,2999950,8429999502005436,,84,0,
2166277,2999951,8429999512005436,,84,0,
2166277,2999952,8429999522005436,,84,0,
2166277,2999953,8429999532005436,,84,0,
2166277,2999947,8529999472005436,,85,0,
2166277,2999948,8529999482005436,,85,0,
2166277,2999949,8529999492005436,,85,0,
2166277,2999950,8529999502005436,,85,0,
2166277,2999951,8529999512005436,,85,0,
2166277,2999952,8529999522005436,,85,0,
2166277,2999953,8529999532005436,,85,0,
2166277,2999947,8629999472005436,,86,0,
2166277,2999948,8629999482005436,,86,0,
2166277,2999949,8629999492005436,,86,0,
2166277,2999950,8629999502005436,,86,0,
2166277,2999951,8629999512005436,,86,0,
2166277,2999952,8629999522005436,,86,0,
2166277,2999953,8629999532005436,,86,0,
2166277,2999947,8729999472005436,,87,0,
2166277,2999948,8729999482005436,,87,0,
2166277,2999949,8729999492005436,,87,0,
2166277,2999950,8729999502005436,,87,0,
2166277,2999951,8729999512005436,,87,0,
2166277,2999952,8729999522005436,,87,0,
2166277,2999953,8729999532005436,,87,0,
2166277,2999947,8829999472005436,,88,0,
2166277,2999948,8829999482005436,,88,0,
2166277,2999949,8829999492005436,,88,0,
2166277,2999950,8829999502005436,,88,0,
2166277,2999951,8829999512005436,,88,0,
2166277,2999952,8829999522005436,,88,0,
2166277,2999953,8829999532005436,,88,0,
2166277,2999947,8929999472005436,,89,0,
2166277,2999948,8929999482005436,,89,0,
2166277,2999949,8929999492005436,,89,0,
2166277,2999950,8929999502005436,,89,0,
2166277,2999951,8929999512005436,,89,0,
2166277,2999952,8929999522005436,,89,0,
2166277,2999953,8929999532005436,,89,0,
2166277,2999947,9029999472005436,,90,0,
2166277,2999948,9029999482005436,,90,0,
2166277,2999949,9029999492005436,,90,0,
2166277,2999950,9029999502005436,,90,0,
2166277,2999951,9029999512005436,,90,0,
2166277,2999952,9029999522005436,,90,0,
2166277,2999953,9029999532005436,,90,0,
2166277,2999947,9129999472005436,,91,0,
2166277,2999948,9129999482005436,,91,0,
2166277,2999949,9129999492005436,,91,0,
2166277,2999950,9129999502005436,,91,0,
2166277,2999951,9129999512005436,,91,0,
2166277,2999952,9129999522005436,,91,0,
2166277,2999953,9129999532005436,,91,0,
2166277,2999947,9229999472005436,,92,0,
2166277,2999948,9229999482005436,,92,0,
2166277,2999949,9229999492005436,,92,0,
2166277,2999950,9229999502005436,,92,0,
2166277,2999951,9229999512005436,,92,0,
2166277,2999952,9229999522005436,,92,0,
2166277,2999953,9229999532005436,,92,0,
2166277,2999947,929999472005436,,9,0,
2166277,2999948,929999482005436,,9,0,
2166277,2999949,929999492005436,,9,0,
2166277,2999950,929999502005436,,9,0,
2166277,2999951,929999512005436,,9,0,
2166277,2999952,929999522005436,,9,0,
2166277,2999953,929999532005436,,9,0,
2166277,2999947,9329999472005436,,93,0,
2166277,2999948,9329999482005436,,93,0,
2166277,2999949,9329999492005436,,93,0,
2166277,2999950,9329999502005436,,93,0,
2166277,2999951,9329999512005436,,93,0,
2166277,2999952,9329999522005436,,93,0,
2166277,2999953,9329999532005436,,93,0,
2166277,2999947,9429999472005436,,94,0,
2166277,2999948,9429999482005436,,94,0,
2166277,2999949,9429999492005436,,94,0,
2166277,2999950,9429999502005436,,94,0,
2166277,2999951,9429999512005436,,94,0,
2166277,2999952,9429999522005436,,94,0,
2166277,2999953,9429999532005436,,94,0,
2166277,12999947,9529999472005436,,95,0,
2166277,2999948,9529999482005436,,95,0,
2166277,2999949,9529999492005436,,95,0,
2166277,2999950,9529999502005436,,95,0,
2166277,2999951,9529999512005436,,95,0,
2166277,2999952,9529999522005436,,95,0,
2166277,2999953,9529999532005436,,95,0,
2166277,12999947,9629999472005436,,96,0,
2166277,2999948,9629999482005436,,96,0,
2166277,2999949,9629999492005436,,96,0,
2166277,2999950,9629999502005436,,96,0,
2166277,2999951,9629999512005436,,96,0,
2166277,2999952,9629999522005436,,96,0,
2166277,2999953,9629999532005436,,96,0,
2166277,2999948,9729999482005436,,97,0,
2166277,2999949,9729999492005436,,97,0,
2166277,2999950,9729999502005436,,97,0,
2166277,2999951,9729999512005436,,97,0,
2166277,2999952,9729999522005436,,97,0,
2166277,2999953,9729999532005436,,97,0,
2166277,12999948,9829999482005436,,98,0,
2166277,2999949,9829999492005436,,98,0,
2166277,2999950,9829999502005436,,98,0,
2166277,2999951,9829999512005436,,98,0,
2166277,2999952,9829999522005436,,98,0,
2166277,2999953,9829999532005436,,98,0,
2166277,12999948,9929999482005436,,99,0,
2166277,2999949,9929999492005436,,99,0,
2166277,2999950,9929999502005436,,99,0,
2166277,2999951,9929999512005436,,99,0,
2166277,2999952,9929999522005436,,99,0,
2166277,2999953,9929999532005436,,99,0,
2166277,2999949,1029999492005437,,10,0,
2166277,2999950,1029999502005437,,10,0,
2166277,2999951,1029999512005437,,10,0,
2166277,2999949,1129999492005437,,11,0,
2166277,2999950,1129999502005437,,11,0,
2166277,2999951,1129999512005437,,11,0,
2166277,2999949,1229999492005437,,12,0,
2166277,2999950,1229999502005437,,12,0,
2166277,2999951,1229999512005437,,12,0,
2166277,2999947,129999472005437,,1,0,
2166277,2999948,129999482005437,,1,0,
2166277,2999949,129999492005437,,1,0,
2166277,2999950,129999502005437,,1,0,
2166277,2999951,129999512005437,,1,0,
2166277,2999952,129999522005437,,1,0,
2166277,2999953,129999532005437,,1,0,
2166277,2999949,1329999492005437,,13,0,
2166277,2999950,1329999502005437,,13,0,
2166277,2999951,1329999512005437,,13,0,
2166277,2999949,1429999492005437,,14,0,
2166277,2999950,1429999502005437,,14,0,
2166277,2999951,1429999512005437,,14,0,
2166277,2999949,1529999492005437,,15,0,
2166277,2999950,1529999502005437,,15,0,
2166277,2999951,1529999512005437,,15,0,
2166277,2999949,1629999492005437,,16,0,
2166277,2999950,1629999502005437,,16,0,
2166277,2999951,1629999512005437,,16,0,
2166277,2999949,1729999492005437,,17,0,
2166277,2999950,1729999502005437,,17,0,
2166277,2999951,1729999512005437,,17,0,
2166277,2999949,1829999492005437,,18,0,
2166277,2999950,1829999502005437,,18,0,
2166277,2999951,1829999512005437,,18,0,
2166277,2999949,1929999492005437,,19,0,
2166277,2999950,1929999502005437,,19,0,
2166277,2999951,1929999512005437,,19,0,
2166277,2999949,2029999492005437,,20,0,
2166277,2999950,2029999502005437,,20,0,
2166277,2999951,2029999512005437,,20,0,
2166277,2999949,2129999492005437,,21,0,
2166277,2999950,2129999502005437,,21,0,
2166277,2999951,2129999512005437,,21,0,
2166277,2999949,2229999492005437,,22,0,
2166277,2999950,2229999502005437,,22,0,
2166277,2999947,229999472005437,,2,0,
2166277,2999948,229999482005437,,2,0,
2166277,2999949,229999492005437,,2,0,
2166277,2999950,229999502005437,,2,0,
2166277,2999951,229999512005437,,2,0,
2166277,2999952,229999522005437,,2,0,
2166277,2999953,229999532005437,,2,0,
2166277,2999949,2329999492005437,,23,0,
2166277,2999950,2329999502005437,,23,0,
2166277,2999950,2429999502005437,,24,0,
2166277,2999950,2529999502005437,,25,0,
2166277,2999950,2629999502005437,,26,0,
2166277,2999950,2729999502005437,,27,0,
2166277,2999950,2829999502005437,,28,0,
2166277,2999947,329999472005437,,3,0,
2166277,2999948,329999482005437,,3,0,
2166277,2999949,329999492005437,,3,0,
2166277,2999950,329999502005437,,3,0,
2166277,2999951,329999512005437,,3,0,
2166277,2999952,329999522005437,,3,0,
2166277,2999953,329999532005437,,3,0,
2166277,2999947,429999472005437,,4,0,
2166277,2999948,429999482005437,,4,0,
2166277,2999949,429999492005437,,4,0,
2166277,2999950,429999502005437,,4,0,
2166277,2999951,429999512005437,,4,0,
2166277,2999952,429999522005437,,4,0,
2166277,2999953,429999532005437,,4,0,
2166277,2999947,529999472005437,,5,0,
2166277,2999949,529999492005437,,5,0,
2166277,2999950,529999502005437,,5,0,
2166277,2999951,529999512005437,,5,0,
2166277,2999952,529999522005437,,5,0,
2166277,2999953,529999532005437,,5,0,
2166277,2999949,629999492005437,,6,0,
2166277,2999950,629999502005437,,6,0,
2166277,2999951,629999512005437,,6,0,
2166277,2999952,629999522005437,,6,0,
2166277,2999953,629999532005437,,6,0,
2166277,2999949,729999492005437,,7,0,
2166277,2999950,729999502005437,,7,0,
2166277,2999951,729999512005437,,7,0,
2166277,2999953,729999532005437,,7,0,
2166277,2999949,829999492005437,,8,0,
2166277,2999950,829999502005437,,8,0,
2166277,2999951,829999512005437,,8,0,
2166277,2999953,829999532005437,,8,0,
2166277,2999949,929999492005437,,9,0,
2166277,2999950,929999502005437,,9,0,
2166277,2999951,929999512005437,,9,0,
2166277,2999953,929999532005437,,9,0,
2166278,2999948,10029999482005438,,100,1,
2166278,2999949,10029999492005438,,100,1,
2166278,2999950,10029999502005438,,100,1,
2166278,2999951,10029999512005438,,100,1,
2166278,2999952,10029999522005438,,100,1,
2166278,2999953,10029999532005438,,100,1,
2166278,2999948,10129999482005438,,101,1,
2166278,2999949,10129999492005438,,101,1,
2166278,2999950,10129999502005438,,101,1,
2166278,2999951,10129999512005438,,101,1,
2166278,2999952,10129999522005438,,101,1,
2166278,2999953,10129999532005438,,101,1,
2166278,12999948,10229999482005438,,102,1,
2166278,2999949,10229999492005438,,102,1,
2166278,2999950,10229999502005438,,102,1,
2166278,2999951,10229999512005438,,102,1,
2166278,2999952,10229999522005438,,102,1,
2166278,2999953,10229999532005438,,102,1,
2166278,2999947,1029999472005438,,10,1,
2166278,2999948,1029999482005438,,10,1,
2166278,2999949,1029999492005438,,10,1,
2166278,2999950,1029999502005438,,10,1,
2166278,2999951,1029999512005438,,10,1,
2166278,2999952,1029999522005438,,10,1,
2166278,2999953,1029999532005438,,10,1,
2166278,12999948,10329999482005438,,103,1,
2166278,2999949,10329999492005438,,103,1,
2166278,2999950,10329999502005438,,103,1,
2166278,2999951,10329999512005438,,103,1,
2166278,2999952,10329999522005438,,103,1,
2166278,2999953,10329999532005438,,103,1,
2166278,2999949,10429999492005438,,104,1,
2166278,2999950,10429999502005438,,104,1,
2166278,2999951,10429999512005438,,104,1,
2166278,2999952,10429999522005438,,104,1,
2166278,2999953,10429999532005438,,104,1,
2166278,2999949,10529999492005438,,105,1,
2166278,2999950,10529999502005438,,105,1,
2166278,2999951,10529999512005438,,105,1,
2166278,2999952,10529999522005438,,105,1,
2166278,2999953,10529999532005438,,105,1,
2166278,2999949,10629999492005438,,106,1,
2166278,2999950,10629999502005438,,106,1,
2166278,2999951,10629999512005438,,106,1,
2166278,2999952,10629999522005438,,106,1,
2166278,2999953,10629999532005438,,106,1,
2166278,2999949,10729999492005438,,107,1,
2166278,2999950,10729999502005438,,107,1,
2166278,2999951,10729999512005438,,107,1,
2166278,2999952,10729999522005438,,107,1,
2166278,2999953,10729999532005438,,107,1,
2166278,2999949,10829999492005438,,108,1,
2166278,2999950,10829999502005438,,108,1,
2166278,2999951,10829999512005438,,108,1,
2166278,2999952,10829999522005438,,108,1,
2166278,2999953,10829999532005438,,108,1,
2166278,2999949,10929999492005438,,109,1,
2166278,2999950,10929999502005438,,109,1,
2166278,2999951,10929999512005438,,109,1,
2166278,2999952,10929999522005438,,109,1,
2166278,2999953,10929999532005438,,109,1,
2166278,2999949,11029999492005438,,110,1,
2166278,2999950,11029999502005438,,110,1,
2166278,2999951,11029999512005438,,110,1,
2166278,12999952,11029999522005438,,110,1,
2166278,2999953,11029999532005438,,110,1,
2166278,2999949,11129999492005438,,111,1,
2166278,2999950,11129999502005438,,111,1,
2166278,2999951,11129999512005438,,111,1,
2166278,12999952,11129999522005438,,111,1,
2166278,2999953,11129999532005438,,111,1,
2166278,2999949,11229999492005438,,112,1,
2166278,2999950,11229999502005438,,112,1,
2166278,2999951,11229999512005438,,112,1,
2166278,2999953,11229999532005438,,112,1,
2166278,2999947,1129999472005438,,11,1,
2166278,2999948,1129999482005438,,11,1,
2166278,2999949,1129999492005438,,11,1,
2166278,2999950,1129999502005438,,11,1,
2166278,2999951,1129999512005438,,11,1,
2166278,2999952,1129999522005438,,11,1,
2166278,2999953,1129999532005438,,11,1,
2166278,2999949,11329999492005438,,113,1,
2166278,2999950,11329999502005438,,113,1,
2166278,2999951,11329999512005438,,113,1,
2166278,2999953,11329999532005438,,113,1,
2166278,2999949,11429999492005438,,114,1,
2166278,2999950,11429999502005438,,114,1,
2166278,2999951,11429999512005438,,114,1,
2166278,2999953,11429999532005438,,114,1,
2166278,2999949,11529999492005438,,115,1,
2166278,2999950,11529999502005438,,115,1,
2166278,2999951,11529999512005438,,115,1,
2166278,2999953,11529999532005438,,115,1,
2166278,2999949,11629999492005438,,116,1,
2166278,2999950,11629999502005438,,116,1,
2166278,2999951,11629999512005438,,116,1,
2166278,2999953,11629999532005438,,116,1,
2166278,2999949,11729999492005438,,117,1,
2166278,2999950,11729999502005438,,117,1,
2166278,2999951,11729999512005438,,117,1,
2166278,2999953,11729999532005438,,117,1,
2166278,2999949,11829999492005438,,118,1,
2166278,2999950,11829999502005438,,118,1,
2166278,2999951,11829999512005438,,118,1,
2166278,2999953,11829999532005438,,118,1,
2166278,2999949,11929999492005438,,119,1,
2166278,2999950,11929999502005438,,119,1,
2166278,2999951,11929999512005438,,119,1,
2166278,2999953,11929999532005438,,119,1,
2166278,2999949,12029999492005438,,120,1,
2166278,2999950,12029999502005438,,120,1,
2166278,2999951,12029999512005438,,120,1,
2166278,2999953,12029999532005438,,120,1,
2166278,2999949,12129999492005438,,121,1,
2166278,2999950,12129999502005438,,121,1,
2166278,2999951,12129999512005438,,121,1,
2166278,2999953,12129999532005438,,121,1,
2166278,2999949,12229999492005438,,122,1,
2166278,2999950,12229999502005438,,122,1,
2166278,2999951,12229999512005438,,122,1,
2166278,2999953,12229999532005438,,122,1,
2166278,2999947,1229999472005438,,12,1,
2166278,2999948,1229999482005438,,12,1,
2166278,2999949,1229999492005438,,12,1,
2166278,2999950,1229999502005438,,12,1,
2166278,2999951,1229999512005438,,12,1,
2166278,2999952,1229999522005438,,12,1,
2166278,2999953,1229999532005438,,12,1,
2166278,2999949,12329999492005438,,123,1,
2166278,2999950,12329999502005438,,123,1,
2166278,2999951,12329999512005438,,123,1,
2166278,2999953,12329999532005438,,123,1,
2166278,2999949,12429999492005438,,124,1,
2166278,2999950,12429999502005438,,124,1,
2166278,2999951,12429999512005438,,124,1,
2166278,2999953,12429999532005438,,124,1,
2166278,2999949,12529999492005438,,125,1,
2166278,2999950,12529999502005438,,125,1,
2166278,12999951,12529999512005438,,125,1,
2166278,2999953,12529999532005438,,125,1,
2166278,2999949,12629999492005438,,126,1,
2166278,2999950,12629999502005438,,126,1,
2166278,12999951,12629999512005438,,126,1,
2166278,2999953,12629999532005438,,126,1,
2166278,12999949,12729999492005438,,127,1,
2166278,2999950,12729999502005438,,127,1,
2166278,12999953,12729999532005438,,127,1,
2166278,12999949,12829999492005438,,128,1,
2166278,2999950,12829999502005438,,128,1,
2166278,12999953,12829999532005438,,128,1,
2166278,2999950,12929999502005438,,129,1,
2166278,2999947,129999472005438,,1,1,
2166278,2999948,129999482005438,,1,1,
2166278,2999949,129999492005438,,1,1,
2166278,2999950,129999502005438,,1,1,
2166278,2999951,129999512005438,,1,1,
2166278,2999952,129999522005438,,1,1,
2166278,2999953,129999532005438,,1,1,
2166278,2999950,13029999502005438,,130,1,
2166278,2999950,13129999502005438,,131,1,
2166278,2999950,13229999502005438,,132,1,
2166278,2999947,1329999472005438,,13,1,
2166278,2999948,1329999482005438,,13,1,
2166278,2999949,1329999492005438,,13,1,
2166278,2999950,1329999502005438,,13,1,
2166278,2999951,1329999512005438,,13,1,
2166278,2999952,1329999522005438,,13,1,
2166278,2999953,1329999532005438,,13,1,
2166278,2999950,13329999502005438,,133,1,
2166278,2999950,13429999502005438,,134,1,
2166278,2999950,13529999502005438,,135,1,
2166278,2999950,13629999502005438,,136,1,
2166278,2999950,13729999502005438,,137,1,
2166278,2999950,13829999502005438,,138,1,
2166278,2999950,13929999502005438,,139,1,
2166278,2999950,14029999502005438,,140,1,
2166278,2999950,14129999502005438,,141,1,
2166278,2999950,14229999502005438,,142,1,
2166278,2999947,1429999472005438,,14,1,
2166278,2999948,1429999482005438,,14,1,
2166278,2999949,1429999492005438,,14,1,
2166278,2999950,1429999502005438,,14,1,
2166278,2999951,1429999512005438,,14,1,
2166278,2999952,1429999522005438,,14,1,
2166278,2999953,1429999532005438,,14,1,
2166278,2999950,14329999502005438,,143,1,
2166278,2999950,14429999502005438,,144,1,
2166278,2999950,14529999502005438,,145,1,
2166278,2999950,14629999502005438,,146,1,
2166278,2999950,14729999502005438,,147,1,
2166278,2999950,14829999502005438,,148,1,
2166278,2999950,14929999502005438,,149,1,
2166278,2999950,15029999502005438,,150,1,
2166278,2999950,15129999502005438,,151,1,
2166278,2999950,15229999502005438,,152,1,
2166278,2999947,1529999472005438,,15,1,
2166278,2999948,1529999482005438,,15,1,
2166278,2999949,1529999492005438,,15,1,
2166278,2999950,1529999502005438,,15,1,
2166278,2999951,1529999512005438,,15,1,
2166278,2999952,1529999522005438,,15,1,
2166278,2999953,1529999532005438,,15,1,
2166278,12999950,15329999502005438,,153,1,
2166278,12999950,15429999502005438,,154,1,
2166278,2999947,1629999472005438,,16,1,
2166278,2999948,1629999482005438,,16,1,
2166278,2999949,1629999492005438,,16,1,
2166278,2999950,1629999502005438,,16,1,
2166278,2999951,1629999512005438,,16,1,
2166278,2999952,1629999522005438,,16,1,
2166278,2999953,1629999532005438,,16,1,
2166278,2999947,1729999472005438,,17,1,
2166278,2999948,1729999482005438,,17,1,
2166278,2999949,1729999492005438,,17,1,
2166278,2999950,1729999502005438,,17,1,
2166278,2999951,1729999512005438,,17,1,
2166278,2999952,1729999522005438,,17,1,
2166278,2999953,1729999532005438,,17,1,
2166278,2999947,1829999472005438,,18,1,
2166278,2999948,1829999482005438,,18,1,
2166278,2999949,1829999492005438,,18,1,
2166278,2999950,1829999502005438,,18,1,
2166278,2999951,1829999512005438,,18,1,
2166278,2999952,1829999522005438,,18,1,
2166278,2999953,1829999532005438,,18,1,
2166278,2999947,1929999472005438,,19,1,
2166278,2999948,1929999482005438,,19,1,
2166278,2999949,1929999492005438,,19,1,
2166278,2999950,1929999502005438,,19,1,
2166278,2999951,1929999512005438,,19,1,
2166278,2999952,1929999522005438,,19,1,
2166278,2999953,1929999532005438,,19,1,
2166278,2999947,2029999472005438,,20,1,
2166278,2999948,2029999482005438,,20,1,
2166278,2999949,2029999492005438,,20,1,
2166278,2999950,2029999502005438,,20,1,
2166278,2999951,2029999512005438,,20,1,
2166278,2999952,2029999522005438,,20,1,
2166278,2999953,2029999532005438,,20,1,
2166278,2999947,2129999472005438,,21,1,
2166278,2999948,2129999482005438,,21,1,
2166278,2999949,2129999492005438,,21,1,
2166278,2999950,2129999502005438,,21,1,
2166278,2999951,2129999512005438,,21,1,
2166278,2999952,2129999522005438,,21,1,
2166278,2999953,2129999532005438,,21,1,
2166278,2999947,2229999472005438,,22,1,
2166278,2999948,2229999482005438,,22,1,
2166278,2999949,2229999492005438,,22,1,
2166278,2999950,2229999502005438,,22,1,
2166278,2999951,2229999512005438,,22,1,
2166278,2999952,2229999522005438,,22,1,
2166278,2999953,2229999532005438,,22,1,
2166278,2999947,229999472005438,,2,1,
2166278,2999948,229999482005438,,2,1,
2166278,2999949,229999492005438,,2,1,
2166278,2999950,229999502005438,,2,1,
2166278,2999951,229999512005438,,2,1,
2166278,2999952,229999522005438,,2,1,
2166278,2999953,229999532005438,,2,1,
2166278,2999947,2329999472005438,,23,1,
2166278,2999948,2329999482005438,,23,1,
2166278,2999949,2329999492005438,,23,1,
2166278,2999950,2329999502005438,,23,1,
2166278,2999951,2329999512005438,,23,1,
2166278,2999952,2329999522005438,,23,1,
2166278,2999953,2329999532005438,,23,1,
2166278,2999947,2429999472005438,,24,1,
2166278,2999948,2429999482005438,,24,1,
2166278,2999949,2429999492005438,,24,1,
2166278,2999950,2429999502005438,,24,1,
2166278,2999951,2429999512005438,,24,1,
2166278,2999952,2429999522005438,,24,1,
2166278,2999953,2429999532005438,,24,1,
2166278,2999947,2529999472005438,,25,1,
2166278,2999948,2529999482005438,,25,1,
2166278,2999949,2529999492005438,,25,1,
2166278,2999950,2529999502005438,,25,1,
2166278,2999951,2529999512005438,,25,1,
2166278,2999952,2529999522005438,,25,1,
2166278,2999953,2529999532005438,,25,1,
2166278,2999947,2629999472005438,,26,1,
2166278,2999948,2629999482005438,,26,1,
2166278,2999949,2629999492005438,,26,1,
2166278,2999950,2629999502005438,,26,1,
2166278,2999951,2629999512005438,,26,1,
2166278,2999952,2629999522005438,,26,1,
2166278,2999953,2629999532005438,,26,1,
2166278,2999947,2729999472005438,,27,1,
2166278,2999948,2729999482005438,,27,1,
2166278,2999949,2729999492005438,,27,1,
2166278,2999950,2729999502005438,,27,1,
2166278,2999951,2729999512005438,,27,1,
2166278,2999952,2729999522005438,,27,1,
2166278,2999953,2729999532005438,,27,1,
2166278,2999947,2829999472005438,,28,1,
2166278,2999948,2829999482005438,,28,1,
2166278,2999949,2829999492005438,,28,1,
2166278,2999950,2829999502005438,,28,1,
2166278,2999951,2829999512005438,,28,1,
2166278,2999952,2829999522005438,,28,1,
2166278,2999953,2829999532005438,,28,1,
2166278,2999947,2929999472005438,,29,1,
2166278,2999948,2929999482005438,,29,1,
2166278,2999949,2929999492005438,,29,1,
2166278,2999950,2929999502005438,,29,1,
2166278,2999951,2929999512005438,,29,1,
2166278,2999952,2929999522005438,,29,1,
2166278,2999953,2929999532005438,,29,1,
2166278,2999947,3029999472005438,,30,1,
2166278,2999948,3029999482005438,,30,1,
2166278,2999949,3029999492005438,,30,1,
2166278,2999950,3029999502005438,,30,1,
2166278,2999951,3029999512005438,,30,1,
2166278,2999952,3029999522005438,,30,1,
2166278,2999953,3029999532005438,,30,1,
2166278,2999947,3129999472005438,,31,1,
2166278,2999948,3129999482005438,,31,1,
2166278,2999949,3129999492005438,,31,1,
2166278,2999950,3129999502005438,,31,1,
2166278,2999951,3129999512005438,,31,1,
2166278,2999952,3129999522005438,,31,1,
2166278,2999953,3129999532005438,,31,1,
2166278,2999947,3229999472005438,,32,1,
2166278,2999948,3229999482005438,,32,1,
2166278,2999949,3229999492005438,,32,1,
2166278,2999950,3229999502005438,,32,1,
2166278,2999951,3229999512005438,,32,1,
2166278,2999952,3229999522005438,,32,1,
2166278,2999953,3229999532005438,,32,1,
2166278,2999947,329999472005438,,3,1,
2166278,2999948,329999482005438,,3,1,
2166278,2999949,329999492005438,,3,1,
2166278,2999950,329999502005438,,3,1,
2166278,2999951,329999512005438,,3,1,
2166278,2999952,329999522005438,,3,1,
2166278,2999953,329999532005438,,3,1,
2166278,2999947,3329999472005438,,33,1,
2166278,2999948,3329999482005438,,33,1,
2166278,2999949,3329999492005438,,33,1,
2166278,2999950,3329999502005438,,33,1,
2166278,2999951,3329999512005438,,33,1,
2166278,2999952,3329999522005438,,33,1,
2166278,2999953,3329999532005438,,33,1,
2166278,2999947,3429999472005438,,34,1,
2166278,2999948,3429999482005438,,34,1,
2166278,2999949,3429999492005438,,34,1,
2166278,2999950,3429999502005438,,34,1,
2166278,2999951,3429999512005438,,34,1,
2166278,2999952,3429999522005438,,34,1,
2166278,2999953,3429999532005438,,34,1,
2166278,2999947,3529999472005438,,35,1,
2166278,2999948,3529999482005438,,35,1,
2166278,2999949,3529999492005438,,35,1,
2166278,2999950,3529999502005438,,35,1,
2166278,2999951,3529999512005438,,35,1,
2166278,2999952,3529999522005438,,35,1,
2166278,2999953,3529999532005438,,35,1,
2166278,2999947,3629999472005438,,36,1,
2166278,2999948,3629999482005438,,36,1,
2166278,2999949,3629999492005438,,36,1,
2166278,2999950,3629999502005438,,36,1,
2166278,2999951,3629999512005438,,36,1,
2166278,2999952,3629999522005438,,36,1,
2166278,2999953,3629999532005438,,36,1,
2166278,2999947,3729999472005438,,37,1,
2166278,2999948,3729999482005438,,37,1,
2166278,2999949,3729999492005438,,37,1,
2166278,2999950,3729999502005438,,37,1,
2166278,2999951,3729999512005438,,37,1,
2166278,2999952,3729999522005438,,37,1,
2166278,2999953,3729999532005438,,37,1,
2166278,2999947,3829999472005438,,38,1,
2166278,2999948,3829999482005438,,38,1,
2166278,2999949,3829999492005438,,38,1,
2166278,2999950,3829999502005438,,38,1,
2166278,2999951,3829999512005438,,38,1,
2166278,2999952,3829999522005438,,38,1,
2166278,2999953,3829999532005438,,38,1,
2166278,2999947,3929999472005438,,39,1,
2166278,2999948,3929999482005438,,39,1,
2166278,2999949,3929999492005438,,39,1,
2166278,2999950,3929999502005438,,39,1,
2166278,2999951,3929999512005438,,39,1,
2166278,2999952,3929999522005438,,39,1,
2166278,2999953,3929999532005438,,39,1,
2166278,2999947,4029999472005438,,40,1,
2166278,2999948,4029999482005438,,40,1,
2166278,2999949,4029999492005438,,40,1,
2166278,2999950,4029999502005438,,40,1,
2166278,2999951,4029999512005438,,40,1,
2166278,2999952,4029999522005438,,40,1,
2166278,2999953,4029999532005438,,40,1,
2166278,2999947,4129999472005438,,41,1,
2166278,2999948,4129999482005438,,41,1,
2166278,2999949,4129999492005438,,41,1,
2166278,2999950,4129999502005438,,41,1,
2166278,2999951,4129999512005438,,41,1,
2166278,2999952,4129999522005438,,41,1,
2166278,2999953,4129999532005438,,41,1,
2166278,2999947,4229999472005438,,42,1,
2166278,2999948,4229999482005438,,42,1,
2166278,2999949,4229999492005438,,42,1,
2166278,2999950,4229999502005438,,42,1,
2166278,2999951,4229999512005438,,42,1,
2166278,2999952,4229999522005438,,42,1,
2166278,2999953,4229999532005438,,42,1,
2166278,2999947,429999472005438,,4,1,
2166278,2999948,429999482005438,,4,1,
2166278,2999949,429999492005438,,4,1,
2166278,2999950,429999502005438,,4,1,
2166278,2999951,429999512005438,,4,1,
2166278,2999952,429999522005438,,4,1,
2166278,2999953,429999532005438,,4,1,
2166278,2999947,4329999472005438,,43,1,
2166278,2999948,4329999482005438,,43,1,
2166278,2999949,4329999492005438,,43,1,
2166278,2999950,4329999502005438,,43,1,
2166278,2999951,4329999512005438,,43,1,
2166278,2999952,4329999522005438,,43,1,
2166278,2999953,4329999532005438,,43,1,
2166278,2999947,4429999472005438,,44,1,
2166278,2999948,4429999482005438,,44,1,
2166278,2999949,4429999492005438,,44,1,
2166278,2999950,4429999502005438,,44,1,
2166278,2999951,4429999512005438,,44,1,
2166278,2999952,4429999522005438,,44,1,
2166278,2999953,4429999532005438,,44,1,
2166278,2999947,4529999472005438,,45,1,
2166278,2999948,4529999482005438,,45,1,
2166278,2999949,4529999492005438,,45,1,
2166278,2999950,4529999502005438,,45,1,
2166278,2999951,4529999512005438,,45,1,
2166278,2999952,4529999522005438,,45,1,
2166278,2999953,4529999532005438,,45,1,
2166278,2999947,4629999472005438,,46,1,
2166278,2999948,4629999482005438,,46,1,
2166278,2999949,4629999492005438,,46,1,
2166278,2999950,4629999502005438,,46,1,
2166278,2999951,4629999512005438,,46,1,
2166278,2999952,4629999522005438,,46,1,
2166278,2999953,4629999532005438,,46,1,
2166278,2999947,4729999472005438,,47,1,
2166278,2999948,4729999482005438,,47,1,
2166278,2999949,4729999492005438,,47,1,
2166278,2999950,4729999502005438,,47,1,
2166278,2999951,4729999512005438,,47,1,
2166278,2999952,4729999522005438,,47,1,
2166278,2999953,4729999532005438,,47,1,
2166278,2999947,4829999472005438,,48,1,
2166278,2999948,4829999482005438,,48,1,
2166278,2999949,4829999492005438,,48,1,
2166278,2999950,4829999502005438,,48,1,
2166278,2999951,4829999512005438,,48,1,
2166278,2999952,4829999522005438,,48,1,
2166278,2999953,4829999532005438,,48,1,
2166278,2999947,4929999472005438,,49,1,
2166278,2999948,4929999482005438,,49,1,
2166278,2999949,4929999492005438,,49,1,
2166278,2999950,4929999502005438,,49,1,
2166278,2999951,4929999512005438,,49,1,
2166278,2999952,4929999522005438,,49,1,
2166278,2999953,4929999532005438,,49,1,
2166278,2999947,5029999472005438,,50,1,
2166278,2999948,5029999482005438,,50,1,
2166278,2999949,5029999492005438,,50,1,
2166278,2999950,5029999502005438,,50,1,
2166278,2999951,5029999512005438,,50,1,
2166278,2999952,5029999522005438,,50,1,
2166278,2999953,5029999532005438,,50,1,
2166278,2999947,5129999472005438,,51,1,
2166278,2999948,5129999482005438,,51,1,
2166278,2999949,5129999492005438,,51,1,
2166278,2999950,5129999502005438,,51,1,
2166278,2999951,5129999512005438,,51,1,
2166278,2999952,5129999522005438,,51,1,
2166278,2999953,5129999532005438,,51,1,
2166278,2999947,5229999472005438,,52,1,
2166278,2999948,5229999482005438,,52,1,
2166278,2999949,5229999492005438,,52,1,
2166278,2999950,5229999502005438,,52,1,
2166278,2999951,5229999512005438,,52,1,
2166278,2999952,5229999522005438,,52,1,
2166278,2999953,5229999532005438,,52,1,
2166278,2999947,529999472005438,,5,1,
2166278,2999948,529999482005438,,5,1,
2166278,2999949,529999492005438,,5,1,
2166278,2999950,529999502005438,,5,1,
2166278,2999951,529999512005438,,5,1,
2166278,2999952,529999522005438,,5,1,
2166278,2999953,529999532005438,,5,1,
2166278,2999947,5329999472005438,,53,1,
2166278,2999948,5329999482005438,,53,1,
2166278,2999949,5329999492005438,,53,1,
2166278,2999950,5329999502005438,,53,1,
2166278,2999951,5329999512005438,,53,1,
2166278,2999952,5329999522005438,,53,1,
2166278,2999953,5329999532005438,,53,1,
2166278,2999947,5429999472005438,,54,1,
2166278,2999948,5429999482005438,,54,1,
2166278,2999949,5429999492005438,,54,1,
2166278,2999950,5429999502005438,,54,1,
2166278,2999951,5429999512005438,,54,1,
2166278,2999952,5429999522005438,,54,1,
2166278,2999953,5429999532005438,,54,1,
2166278,2999947,5529999472005438,,55,1,
2166278,2999948,5529999482005438,,55,1,
2166278,2999949,5529999492005438,,55,1,
2166278,2999950,5529999502005438,,55,1,
2166278,2999951,5529999512005438,,55,1,
2166278,2999952,5529999522005438,,55,1,
2166278,2999953,5529999532005438,,55,1,
2166278,2999947,5629999472005438,,56,1,
2166278,2999948,5629999482005438,,56,1,
2166278,2999949,5629999492005438,,56,1,
2166278,2999950,5629999502005438,,56,1,
2166278,2999951,5629999512005438,,56,1,
2166278,2999952,5629999522005438,,56,1,
2166278,2999953,5629999532005438,,56,1,
2166278,2999947,5729999472005438,,57,1,
2166278,2999948,5729999482005438,,57,1,
2166278,2999949,5729999492005438,,57,1,
2166278,2999950,5729999502005438,,57,1,
2166278,2999951,5729999512005438,,57,1,
2166278,2999952,5729999522005438,,57,1,
2166278,2999953,5729999532005438,,57,1,
2166278,2999947,5829999472005438,,58,1,
2166278,2999948,5829999482005438,,58,1,
2166278,2999949,5829999492005438,,58,1,
2166278,2999950,5829999502005438,,58,1,
2166278,2999951,5829999512005438,,58,1,
2166278,2999952,5829999522005438,,58,1,
2166278,2999953,5829999532005438,,58,1,
2166278,2999947,5929999472005438,,59,1,
2166278,2999948,5929999482005438,,59,1,
2166278,2999949,5929999492005438,,59,1,
2166278,2999950,5929999502005438,,59,1,
2166278,2999951,5929999512005438,,59,1,
2166278,2999952,5929999522005438,,59,1,
2166278,2999953,5929999532005438,,59,1,
2166278,2999947,6029999472005438,,60,1,
2166278,2999948,6029999482005438,,60,1,
2166278,2999949,6029999492005438,,60,1,
2166278,2999950,6029999502005438,,60,1,
2166278,2999951,6029999512005438,,60,1,
2166278,2999952,6029999522005438,,60,1,
2166278,2999953,6029999532005438,,60,1,
2166278,2999947,6129999472005438,,61,1,
2166278,2999948,6129999482005438,,61,1,
2166278,2999949,6129999492005438,,61,1,
2166278,2999950,6129999502005438,,61,1,
2166278,2999951,6129999512005438,,61,1,
2166278,2999952,6129999522005438,,61,1,
2166278,2999953,6129999532005438,,61,1,
2166278,2999947,6229999472005438,,62,1,
2166278,2999948,6229999482005438,,62,1,
2166278,2999949,6229999492005438,,62,1,
2166278,2999950,6229999502005438,,62,1,
2166278,2999951,6229999512005438,,62,1,
2166278,2999952,6229999522005438,,62,1,
2166278,2999953,6229999532005438,,62,1,
2166278,2999947,629999472005438,,6,1,
2166278,2999948,629999482005438,,6,1,
2166278,2999949,629999492005438,,6,1,
2166278,2999950,629999502005438,,6,1,
2166278,2999951,629999512005438,,6,1,
2166278,2999952,629999522005438,,6,1,
2166278,2999953,629999532005438,,6,1,
2166278,2999947,6329999472005438,,63,1,
2166278,2999948,6329999482005438,,63,1,
2166278,2999949,6329999492005438,,63,1,
2166278,2999950,6329999502005438,,63,1,
2166278,2999951,6329999512005438,,63,1,
2166278,2999952,6329999522005438,,63,1,
2166278,2999953,6329999532005438,,63,1,
2166278,2999947,6429999472005438,,64,1,
2166278,2999948,6429999482005438,,64,1,
2166278,2999949,6429999492005438,,64,1,
2166278,2999950,6429999502005438,,64,1,
2166278,2999951,6429999512005438,,64,1,
2166278,2999952,6429999522005438,,64,1,
2166278,2999953,6429999532005438,,64,1,
2166278,2999947,6529999472005438,,65,1,
2166278,2999948,6529999482005438,,65,1,
2166278,2999949,6529999492005438,,65,1,
2166278,2999950,6529999502005438,,65,1,
2166278,2999951,6529999512005438,,65,1,
2166278,2999952,6529999522005438,,65,1,
2166278,2999953,6529999532005438,,65,1,
2166278,2999947,6629999472005438,,66,1,
2166278,2999948,6629999482005438,,66,1,
2166278,2999949,6629999492005438,,66,1,
2166278,2999950,6629999502005438,,66,1,
2166278,2999951,6629999512005438,,66,1,
2166278,2999952,6629999522005438,,66,1,
2166278,2999953,6629999532005438,,66,1,
2166278,2999947,6729999472005438,,67,1,
2166278,2999948,6729999482005438,,67,1,
2166278,2999949,6729999492005438,,67,1,
2166278,2999950,6729999502005438,,67,1,
2166278,2999951,6729999512005438,,67,1,
2166278,2999952,6729999522005438,,67,1,
2166278,2999953,6729999532005438,,67,1,
2166278,2999947,6829999472005438,,68,1,
2166278,2999948,6829999482005438,,68,1,
2166278,2999949,6829999492005438,,68,1,
2166278,2999950,6829999502005438,,68,1,
2166278,2999951,6829999512005438,,68,1,
2166278,2999952,6829999522005438,,68,1,
2166278,2999953,6829999532005438,,68,1,
2166278,2999947,6929999472005438,,69,1,
2166278,2999948,6929999482005438,,69,1,
2166278,2999949,6929999492005438,,69,1,
2166278,2999950,6929999502005438,,69,1,
2166278,2999951,6929999512005438,,69,1,
2166278,2999952,6929999522005438,,69,1,
2166278,2999953,6929999532005438,,69,1,
2166278,2999947,7029999472005438,,70,1,
2166278,2999948,7029999482005438,,70,1,
2166278,2999949,7029999492005438,,70,1,
2166278,2999950,7029999502005438,,70,1,
2166278,2999951,7029999512005438,,70,1,
2166278,2999952,7029999522005438,,70,1,
2166278,2999953,7029999532005438,,70,1,
2166278,2999947,7129999472005438,,71,1,
2166278,2999948,7129999482005438,,71,1,
2166278,2999949,7129999492005438,,71,1,
2166278,2999950,7129999502005438,,71,1,
2166278,2999951,7129999512005438,,71,1,
2166278,2999952,7129999522005438,,71,1,
2166278,2999953,7129999532005438,,71,1,
2166278,2999947,7229999472005438,,72,1,
2166278,2999948,7229999482005438,,72,1,
2166278,2999949,7229999492005438,,72,1,
2166278,2999950,7229999502005438,,72,1,
2166278,2999951,7229999512005438,,72,1,
2166278,2999952,7229999522005438,,72,1,
2166278,2999953,7229999532005438,,72,1,
2166278,2999947,729999472005438,,7,1,
2166278,2999948,729999482005438,,7,1,
2166278,2999949,729999492005438,,7,1,
2166278,2999950,729999502005438,,7,1,
2166278,2999951,729999512005438,,7,1,
2166278,2999952,729999522005438,,7,1,
2166278,2999953,729999532005438,,7,1,
2166278,2999947,7329999472005438,,73,1,
2166278,2999948,7329999482005438,,73,1,
2166278,2999949,7329999492005438,,73,1,
2166278,2999950,7329999502005438,,73,1,
2166278,2999951,7329999512005438,,73,1,
2166278,2999952,7329999522005438,,73,1,
2166278,2999953,7329999532005438,,73,1,
2166278,2999947,7429999472005438,,74,1,
2166278,2999948,7429999482005438,,74,1,
2166278,2999949,7429999492005438,,74,1,
2166278,2999950,7429999502005438,,74,1,
2166278,2999951,7429999512005438,,74,1,
2166278,2999952,7429999522005438,,74,1,
2166278,2999953,7429999532005438,,74,1,
2166278,2999947,7529999472005438,,75,1,
2166278,2999948,7529999482005438,,75,1,
2166278,2999949,7529999492005438,,75,1,
2166278,2999950,7529999502005438,,75,1,
2166278,2999951,7529999512005438,,75,1,
2166278,2999952,7529999522005438,,75,1,
2166278,2999953,7529999532005438,,75,1,
2166278,2999947,7629999472005438,,76,1,
2166278,2999948,7629999482005438,,76,1,
2166278,2999949,7629999492005438,,76,1,
2166278,2999950,7629999502005438,,76,1,
2166278,2999951,7629999512005438,,76,1,
2166278,2999952,7629999522005438,,76,1,
2166278,2999953,7629999532005438,,76,1,
2166278,2999947,7729999472005438,,77,1,
2166278,2999948,7729999482005438,,77,1,
2166278,2999949,7729999492005438,,77,1,
2166278,2999950,7729999502005438,,77,1,
2166278,2999951,7729999512005438,,77,1,
2166278,2999952,7729999522005438,,77,1,
2166278,2999953,7729999532005438,,77,1,
2166278,2999947,7829999472005438,,78,1,
2166278,2999948,7829999482005438,,78,1,
2166278,2999949,7829999492005438,,78,1,
2166278,2999950,7829999502005438,,78,1,
2166278,2999951,7829999512005438,,78,1,
2166278,2999952,7829999522005438,,78,1,
2166278,2999953,7829999532005438,,78,1,
2166278,2999947,7929999472005438,,79,1,
2166278,2999948,7929999482005438,,79,1,
2166278,2999949,7929999492005438,,79,1,
2166278,2999950,7929999502005438,,79,1,
2166278,2999951,7929999512005438,,79,1,
2166278,2999952,7929999522005438,,79,1,
2166278,2999953,7929999532005438,,79,1,
2166278,2999947,8029999472005438,,80,1,
2166278,2999948,8029999482005438,,80,1,
2166278,2999949,8029999492005438,,80,1,
2166278,2999950,8029999502005438,,80,1,
2166278,2999951,8029999512005438,,80,1,
2166278,2999952,8029999522005438,,80,1,
2166278,2999953,8029999532005438,,80,1,
2166278,2999947,8129999472005438,,81,1,
2166278,2999948,8129999482005438,,81,1,
2166278,2999949,8129999492005438,,81,1,
2166278,2999950,8129999502005438,,81,1,
2166278,2999951,8129999512005438,,81,1,
2166278,2999952,8129999522005438,,81,1,
2166278,2999953,8129999532005438,,81,1,
2166278,2999947,8229999472005438,,82,1,
2166278,2999948,8229999482005438,,82,1,
2166278,2999949,8229999492005438,,82,1,
2166278,2999950,8229999502005438,,82,1,
2166278,2999951,8229999512005438,,82,1,
2166278,2999952,8229999522005438,,82,1,
2166278,2999953,8229999532005438,,82,1,
2166278,2999947,829999472005438,,8,1,
2166278,2999948,829999482005438,,8,1,
2166278,2999949,829999492005438,,8,1,
2166278,2999950,829999502005438,,8,1,
2166278,2999951,829999512005438,,8,1,
2166278,2999952,829999522005438,,8,1,
2166278,2999953,829999532005438,,8,1,
2166278,2999947,8329999472005438,,83,1,
2166278,2999948,8329999482005438,,83,1,
2166278,2999949,8329999492005438,,83,1,
2166278,2999950,8329999502005438,,83,1,
2166278,2999951,8329999512005438,,83,1,
2166278,2999952,8329999522005438,,83,1,
2166278,2999953,8329999532005438,,83,1,
2166278,2999947,8429999472005438,,84,1,
2166278,2999948,8429999482005438,,84,1,
2166278,2999949,8429999492005438,,84,1,
2166278,2999950,8429999502005438,,84,1,
2166278,2999951,8429999512005438,,84,1,
2166278,2999952,8429999522005438,,84,1,
2166278,2999953,8429999532005438,,84,1,
2166278,2999947,8529999472005438,,85,1,
2166278,2999948,8529999482005438,,85,1,
2166278,2999949,8529999492005438,,85,1,
2166278,2999950,8529999502005438,,85,1,
2166278,2999951,8529999512005438,,85,1,
2166278,2999952,8529999522005438,,85,1,
2166278,2999953,8529999532005438,,85,1,
2166278,2999947,8629999472005438,,86,1,
2166278,2999948,8629999482005438,,86,1,
2166278,2999949,8629999492005438,,86,1,
2166278,2999950,8629999502005438,,86,1,
2166278,2999951,8629999512005438,,86,1,
2166278,2999952,8629999522005438,,86,1,
2166278,2999953,8629999532005438,,86,1,
2166278,2999947,8729999472005438,,87,1,
2166278,2999948,8729999482005438,,87,1,
2166278,2999949,8729999492005438,,87,1,
2166278,2999950,8729999502005438,,87,1,
2166278,2999951,8729999512005438,,87,1,
2166278,2999952,8729999522005438,,87,1,
2166278,2999953,8729999532005438,,87,1,
2166278,2999947,8829999472005438,,88,1,
2166278,2999948,8829999482005438,,88,1,
2166278,2999949,8829999492005438,,88,1,
2166278,2999950,8829999502005438,,88,1,
2166278,2999951,8829999512005438,,88,1,
2166278,2999952,8829999522005438,,88,1,
2166278,2999953,8829999532005438,,88,1,
2166278,2999947,8929999472005438,,89,1,
2166278,2999948,8929999482005438,,89,1,
2166278,2999949,8929999492005438,,89,1,
2166278,2999950,8929999502005438,,89,1,
2166278,2999951,8929999512005438,,89,1,
2166278,2999952,8929999522005438,,89,1,
2166278,2999953,8929999532005438,,89,1,
2166278,2999947,9029999472005438,,90,1,
2166278,2999948,9029999482005438,,90,1,
2166278,2999949,9029999492005438,,90,1,
2166278,2999950,9029999502005438,,90,1,
2166278,2999951,9029999512005438,,90,1,
2166278,2999952,9029999522005438,,90,1,
2166278,2999953,9029999532005438,,90,1,
2166278,2999947,9129999472005438,,91,1,
2166278,2999948,9129999482005438,,91,1,
2166278,2999949,9129999492005438,,91,1,
2166278,2999950,9129999502005438,,91,1,
2166278,2999951,9129999512005438,,91,1,
2166278,2999952,9129999522005438,,91,1,
2166278,2999953,9129999532005438,,91,1,
2166278,2999947,9229999472005438,,92,1,
2166278,2999948,9229999482005438,,92,1,
2166278,2999949,9229999492005438,,92,1,
2166278,2999950,9229999502005438,,92,1,
2166278,2999951,9229999512005438,,92,1,
2166278,2999952,9229999522005438,,92,1,
2166278,2999953,9229999532005438,,92,1,
2166278,2999947,929999472005438,,9,1,
2166278,2999948,929999482005438,,9,1,
2166278,2999949,929999492005438,,9,1,
2166278,2999950,929999502005438,,9,1,
2166278,2999951,929999512005438,,9,1,
2166278,2999952,929999522005438,,9,1,
2166278,2999953,929999532005438,,9,1,
2166278,2999947,9329999472005438,,93,1,
2166278,2999948,9329999482005438,,93,1,
2166278,2999949,9329999492005438,,93,1,
2166278,2999950,9329999502005438,,93,1,
2166278,2999951,9329999512005438,,93,1,
2166278,2999952,9329999522005438,,93,1,
2166278,2999953,9329999532005438,,93,1,
2166278,2999947,9429999472005438,,94,1,
2166278,2999948,9429999482005438,,94,1,
2166278,2999949,9429999492005438,,94,1,
2166278,2999950,9429999502005438,,94,1,
2166278,2999951,9429999512005438,,94,1,
2166278,2999952,9429999522005438,,94,1,
2166278,2999953,9429999532005438,,94,1,
2166278,2999947,9529999472005438,,95,1,
2166278,2999948,9529999482005438,,95,1,
2166278,2999949,9529999492005438,,95,1,
2166278,2999950,9529999502005438,,95,1,
2166278,2999951,9529999512005438,,95,1,
2166278,2999952,9529999522005438,,95,1,
2166278,2999953,9529999532005438,,95,1,
2166278,2999947,9629999472005438,,96,1,
2166278,2999948,9629999482005438,,96,1,
2166278,2999949,9629999492005438,,96,1,
2166278,2999950,9629999502005438,,96,1,
2166278,2999951,9629999512005438,,96,1,
2166278,2999952,9629999522005438,,96,1,
2166278,2999953,9629999532005438,,96,1,
2166278,2999947,9729999472005438,,97,1,
2166278,2999948,9729999482005438,,97,1,
2166278,2999949,9729999492005438,,97,1,
2166278,2999950,9729999502005438,,97,1,
2166278,2999951,9729999512005438,,97,1,
2166278,2999952,9729999522005438,,97,1,
2166278,2999953,9729999532005438,,97,1,
2166278,12999947,9829999472005438,,98,1,
2166278,2999948,9829999482005438,,98,1,
2166278,2999949,9829999492005438,,98,1,
2166278,2999950,9829999502005438,,98,1,
2166278,2999951,9829999512005438,,98,1,
2166278,2999952,9829999522005438,,98,1,
2166278,2999953,9829999532005438,,98,1,
2166278,12999947,9929999472005438,,99,1,
2166278,2999948,9929999482005438,,99,1,
2166278,2999949,9929999492005438,,99,1,
2166278,2999950,9929999502005438,,99,1,
2166278,2999951,9929999512005438,,99,1,
2166278,2999952,9929999522005438,,99,1,
2166278,2999953,9929999532005438,,99,1,
2166278,2999949,1029999492005439,,10,1,
2166278,2999950,1029999502005439,,10,1,
2166278,2999951,1029999512005439,,10,1,
2166278,2999949,1129999492005439,,11,1,
2166278,2999950,1129999502005439,,11,1,
2166278,2999951,1129999512005439,,11,1,
2166278,2999949,1229999492005439,,12,1,
2166278,2999950,1229999502005439,,12,1,
2166278,2999951,1229999512005439,,12,1,
2166278,2999947,129999472005439,,1,1,
2166278,2999948,129999482005439,,1,1,
2166278,2999949,129999492005439,,1,1,
2166278,2999950,129999502005439,,1,1,
2166278,2999951,129999512005439,,1,1,
2166278,2999952,129999522005439,,1,1,
2166278,2999953,129999532005439,,1,1,
2166278,2999949,1329999492005439,,13,1,
2166278,2999950,1329999502005439,,13,1,
2166278,2999951,1329999512005439,,13,1,
2166278,2999949,1429999492005439,,14,1,
2166278,2999950,1429999502005439,,14,1,
2166278,2999951,1429999512005439,,14,1,
2166278,2999949,1529999492005439,,15,1,
2166278,2999950,1529999502005439,,15,1,
2166278,2999951,1529999512005439,,15,1,
2166278,2999949,1629999492005439,,16,1,
2166278,2999950,1629999502005439,,16,1,
2166278,2999951,1629999512005439,,16,1,
2166278,2999949,1729999492005439,,17,1,
2166278,2999950,1729999502005439,,17,1,
2166278,2999951,1729999512005439,,17,1,
2166278,2999949,1829999492005439,,18,1,
2166278,2999950,1829999502005439,,18,1,
2166278,2999951,1829999512005439,,18,1,
2166278,2999949,1929999492005439,,19,1,
2166278,2999950,1929999502005439,,19,1,
2166278,2999951,1929999512005439,,19,1,
2166278,2999949,2029999492005439,,20,1,
2166278,2999950,2029999502005439,,20,1,
2166278,2999951,2029999512005439,,20,1,
2166278,2999949,2129999492005439,,21,1,
2166278,2999950,2129999502005439,,21,1,
2166278,2999951,2129999512005439,,21,1,
2166278,2999949,2229999492005439,,22,1,
2166278,2999951,2229999512005439,,22,1,
2166278,2999947,229999472005439,,2,1,
2166278,2999948,229999482005439,,2,1,
2166278,2999949,229999492005439,,2,1,
2166278,2999950,229999502005439,,2,1,
2166278,2999951,229999512005439,,2,1,
2166278,2999953,229999532005439,,2,1,
2166278,2999949,2329999492005439,,23,1,
2166278,2999949,2429999492005439,,24,1,
2166278,2999947,329999472005439,,3,1,
2166278,2999948,329999482005439,,3,1,
2166278,2999949,329999492005439,,3,1,
2166278,2999950,329999502005439,,3,1,
2166278,2999951,329999512005439,,3,1,
2166278,2999953,329999532005439,,3,1,
2166278,2999948,429999482005439,,4,1,
2166278,2999949,429999492005439,,4,1,
2166278,2999950,429999502005439,,4,1,
2166278,2999951,429999512005439,,4,1,
2166278,2999949,529999492005439,,5,1,
2166278,2999950,529999502005439,,5,1,
2166278,2999951,529999512005439,,5,1,
2166278,2999949,629999492005439,,6,1,
2166278,2999950,629999502005439,,6,1,
2166278,2999951,629999512005439,,6,1,
2166278,2999949,729999492005439,,7,1,
2166278,2999950,729999502005439,,7,1,
2166278,2999951,729999512005439,,7,1,
2166278,2999949,829999492005439,,8,1,
2166278,2999950,829999502005439,,8,1,
2166278,2999951,829999512005439,,8,1,
2166278,2999949,929999492005439,,9,1,
2166278,2999950,929999502005439,,9,1,
2166278,2999951,929999512005439,,9,1,
