route_id,service_id,trip_id,trip_headsign,trip_short_name,direction_id,shape_id
2166183,2987450,1029874501678313,,10,0,
2166183,2987451,1029874511678313,,10,0,
2166183,2987452,1029874521678313,,10,0,
2166183,2987450,1129874501678313,,11,0,
2166183,2987451,1129874511678313,,11,0,
2166183,2987452,1129874521678313,,11,0,
2166183,2987450,1229874501678313,,12,0,
2166183,2987451,1229874511678313,,12,0,
2166183,2987452,1229874521678313,,12,0,
2166183,2987450,129874501678313,,1,0,
2166183,2987451,129874511678313,,1,0,
2166183,2987452,129874521678313,,1,0,
2166183,2987453,129874531678313,,1,0,
2166183,2987450,1329874501678313,,13,0,
2166183,2987451,1329874511678313,,13,0,
2166183,2987452,1329874521678313,,13,0,
2166183,2987450,1429874501678313,,14,0,
2166183,2987451,1429874511678313,,14,0,
2166183,2987452,1429874521678313,,14,0,
2166183,2987450,1529874501678313,,15,0,
2166183,2987451,1529874511678313,,15,0,
2166183,2987452,1529874521678313,,15,0,
2166183,2987450,1629874501678313,,16,0,
2166183,2987451,1629874511678313,,16,0,
2166183,2987452,1629874521678313,,16,0,
2166183,2987450,1729874501678313,,17,0,
2166183,2987451,1729874511678313,,17,0,
2166183,2987452,1729874521678313,,17,0,
2166183,2987450,1829874501678313,,18,0,
2166183,2987451,1829874511678313,,18,0,
2166183,2987450,1929874501678313,,19,0,
2166183,2987451,1929874511678313,,19,0,
2166183,2987450,2029874501678313,,20,0,
2166183,2987451,2029874511678313,,20,0,
2166183,2987450,2129874501678313,,21,0,
2166183,2987451,2129874511678313,,21,0,
2166183,2987450,2229874501678313,,22,0,
2166183,2987450,229874501678313,,2,0,
2166183,2987451,229874511678313,,2,0,
2166183,2987452,229874521678313,,2,0,
2166183,2987453,229874531678313,,2,0,
2166183,2987450,2329874501678313,,23,0,
2166183,2987450,2429874501678313,,24,0,
2166183,2987450,2529874501678313,,25,0,
2166183,2987450,2629874501678313,,26,0,
2166183,2987450,2729874501678313,,27,0,
2166183,2987450,2829874501678313,,28,0,
2166183,2987450,2929874501678313,,29,0,
2166183,2987450,3029874501678313,,30,0,
2166183,2987450,329874501678313,,3,0,
2166183,2987451,329874511678313,,3,0,
2166183,2987452,329874521678313,,3,0,
2166183,2987453,329874531678313,,3,0,
2166183,2987450,429874501678313,,4,0,
2166183,2987451,429874511678313,,4,0,
2166183,2987452,429874521678313,,4,0,
2166183,2987453,429874531678313,,4,0,
2166183,2987450,529874501678313,,5,0,
2166183,2987451,529874511678313,,5,0,
2166183,2987452,529874521678313,,5,0,
2166183,2987453,529874531678313,,5,0,
2166183,2987450,629874501678313,,6,0,
2166183,2987451,629874511678313,,6,0,
2166183,2987452,629874521678313,,6,0,
2166183,2987450,729874501678313,,7,0,
2166183,2987451,729874511678313,,7,0,
2166183,2987452,729874521678313,,7,0,
2166183,2987450,829874501678313,,8,0,
2166183,2987451,829874511678313,,8,0,
2166183,2987452,829874521678313,,8,0,
2166183,2987450,929874501678313,,9,0,
2166183,2987451,929874511678313,,9,0,
2166183,2987452,929874521678313,,9,0,
2166183,2987451,1029874511678321,,10,0,
2166183,2987452,1029874521678321,,10,0,
2166183,2987453,1029874531678321,,10,0,
2166183,2987451,1129874511678321,,11,0,
2166183,2987452,1129874521678321,,11,0,
2166183,2987453,1129874531678321,,11,0,
2166183,2987451,1229874511678321,,12,0,
2166183,2987452,1229874521678321,,12,0,
2166183,2987453,1229874531678321,,12,0,
2166183,2987451,129874511678321,,1,0,
2166183,2987452,129874521678321,,1,0,
2166183,2987453,129874531678321,,1,0,
2166183,2987451,1329874511678321,,13,0,
2166183,2987452,1329874521678321,,13,0,
2166183,2987453,1329874531678321,,13,0,
2166183,2987451,1429874511678321,,14,0,
2166183,2987452,1429874521678321,,14,0,
2166183,2987453,1429874531678321,,14,0,
2166183,2987451,1529874511678321,,15,0,
2166183,2987452,1529874521678321,,15,0,
2166183,2987453,1529874531678321,,15,0,
2166183,2987451,1629874511678321,,16,0,
2166183,2987452,1629874521678321,,16,0,
2166183,2987453,1629874531678321,,16,0,
2166183,2987451,1729874511678321,,17,0,
2166183,2987452,1729874521678321,,17,0,
2166183,2987453,1729874531678321,,17,0,
2166183,2987451,1829874511678321,,18,0,
2166183,2987452,1829874521678321,,18,0,
2166183,2987453,1829874531678321,,18,0,
2166183,2987451,1929874511678321,,19,0,
2166183,2987452,1929874521678321,,19,0,
2166183,2987453,1929874531678321,,19,0,
2166183,2987451,2029874511678321,,20,0,
2166183,2987452,2029874521678321,,20,0,
2166183,2987453,2029874531678321,,20,0,
2166183,2987451,2129874511678321,,21,0,
2166183,2987452,2129874521678321,,21,0,
2166183,2987453,2129874531678321,,21,0,
2166183,2987451,2229874511678321,,22,0,
2166183,2987452,2229874521678321,,22,0,
2166183,2987453,2229874531678321,,22,0,
2166183,2987451,229874511678321,,2,0,
2166183,2987452,229874521678321,,2,0,
2166183,2987453,229874531678321,,2,0,
2166183,2987451,2329874511678321,,23,0,
2166183,2987452,2329874521678321,,23,0,
2166183,2987453,2329874531678321,,23,0,
2166183,2987451,2429874511678321,,24,0,
2166183,2987452,2429874521678321,,24,0,
2166183,2987453,2429874531678321,,24,0,
2166183,2987451,2529874511678321,,25,0,
2166183,2987452,2529874521678321,,25,0,
2166183,2987453,2529874531678321,,25,0,
2166183,2987451,2629874511678321,,26,0,
2166183,2987452,2629874521678321,,26,0,
2166183,2987453,2629874531678321,,26,0,
2166183,2987451,2729874511678321,,27,0,
2166183,2987452,2729874521678321,,27,0,
2166183,2987453,2729874531678321,,27,0,
2166183,2987451,2829874511678321,,28,0,
2166183,2987452,2829874521678321,,28,0,
2166183,2987453,2829874531678321,,28,0,
2166183,2987451,2929874511678321,,29,0,
2166183,2987452,2929874521678321,,29,0,
2166183,2987453,2929874531678321,,29,0,
2166183,2987451,3029874511678321,,30,0,
2166183,2987452,3029874521678321,,30,0,
2166183,2987453,3029874531678321,,30,0,
2166183,2987451,3129874511678321,,31,0,
2166183,2987452,3129874521678321,,31,0,
2166183,2987453,3129874531678321,,31,0,
2166183,2987451,3229874511678321,,32,0,
2166183,2987452,3229874521678321,,32,0,
2166183,2987453,3229874531678321,,32,0,
2166183,2987451,329874511678321,,3,0,
2166183,2987452,329874521678321,,3,0,
2166183,2987453,329874531678321,,3,0,
2166183,2987451,3329874511678321,,33,0,
2166183,2987452,3329874521678321,,33,0,
2166183,2987453,3329874531678321,,33,0,
2166183,2987451,3429874511678321,,34,0,
2166183,2987452,3429874521678321,,34,0,
2166183,2987453,3429874531678321,,34,0,
2166183,2987451,3529874511678321,,35,0,
2166183,2987452,3529874521678321,,35,0,
2166183,2987453,3529874531678321,,35,0,
2166183,2987451,3629874511678321,,36,0,
2166183,2987452,3629874521678321,,36,0,
2166183,2987453,3629874531678321,,36,0,
2166183,2987451,3729874511678321,,37,0,
2166183,2987452,3729874521678321,,37,0,
2166183,2987453,3729874531678321,,37,0,
2166183,2987451,3829874511678321,,38,0,
2166183,2987452,3829874521678321,,38,0,
2166183,2987453,3829874531678321,,38,0,
2166183,2987451,3929874511678321,,39,0,
2166183,2987452,3929874521678321,,39,0,
2166183,2987453,3929874531678321,,39,0,
2166183,2987451,4029874511678321,,40,0,
2166183,2987452,4029874521678321,,40,0,
2166183,2987453,4029874531678321,,40,0,
2166183,2987451,4129874511678321,,41,0,
2166183,2987452,4129874521678321,,41,0,
2166183,2987453,4129874531678321,,41,0,
2166183,2987451,4229874511678321,,42,0,
2166183,2987452,4229874521678321,,42,0,
2166183,2987453,4229874531678321,,42,0,
2166183,2987451,429874511678321,,4,0,
2166183,2987452,429874521678321,,4,0,
2166183,2987453,429874531678321,,4,0,
2166183,2987451,4329874511678321,,43,0,
2166183,2987452,4329874521678321,,43,0,
2166183,2987453,4329874531678321,,43,0,
2166183,2987451,4429874511678321,,44,0,
2166183,2987452,4429874521678321,,44,0,
2166183,2987453,4429874531678321,,44,0,
2166183,2987451,4529874511678321,,45,0,
2166183,2987452,4529874521678321,,45,0,
2166183,2987453,4529874531678321,,45,0,
2166183,2987451,4629874511678321,,46,0,
2166183,2987452,4629874521678321,,46,0,
2166183,2987453,4629874531678321,,46,0,
2166183,2987451,4729874511678321,,47,0,
2166183,2987452,4729874521678321,,47,0,
2166183,2987453,4729874531678321,,47,0,
2166183,2987451,4829874511678321,,48,0,
2166183,2987452,4829874521678321,,48,0,
2166183,2987453,4829874531678321,,48,0,
2166183,2987451,4929874511678321,,49,0,
2166183,2987452,4929874521678321,,49,0,
2166183,2987453,4929874531678321,,49,0,
2166183,2987451,5029874511678321,,50,0,
2166183,2987452,5029874521678321,,50,0,
2166183,2987453,5029874531678321,,50,0,
2166183,2987451,5129874511678321,,51,0,
2166183,2987452,5129874521678321,,51,0,
2166183,2987453,5129874531678321,,51,0,
2166183,2987451,5229874511678321,,52,0,
2166183,2987452,5229874521678321,,52,0,
2166183,2987453,5229874531678321,,52,0,
2166183,2987451,529874511678321,,5,0,
2166183,2987452,529874521678321,,5,0,
2166183,2987453,529874531678321,,5,0,
2166183,2987451,5329874511678321,,53,0,
2166183,2987452,5329874521678321,,53,0,
2166183,2987453,5329874531678321,,53,0,
2166183,2987451,5429874511678321,,54,0,
2166183,2987452,5429874521678321,,54,0,
2166183,2987451,5529874511678321,,55,0,
2166183,2987452,5529874521678321,,55,0,
2166183,2987451,5629874511678321,,56,0,
2166183,2987452,5629874521678321,,56,0,
2166183,2987451,5729874511678321,,57,0,
2166183,2987452,5729874521678321,,57,0,
2166183,2987451,5829874511678321,,58,0,
2166183,2987452,5829874521678321,,58,0,
2166183,2987451,5929874511678321,,59,0,
2166183,2987452,5929874521678321,,59,0,
2166183,2987451,6029874511678321,,60,0,
2166183,2987452,6029874521678321,,60,0,
2166183,2987451,6129874511678321,,61,0,
2166183,2987452,6129874521678321,,61,0,
2166183,2987451,6229874511678321,,62,0,
2166183,2987452,6229874521678321,,62,0,
2166183,2987451,629874511678321,,6,0,
2166183,2987452,629874521678321,,6,0,
2166183,2987453,629874531678321,,6,0,
2166183,2987452,6329874521678321,,63,0,
2166183,2987451,729874511678321,,7,0,
2166183,2987452,729874521678321,,7,0,
2166183,2987453,729874531678321,,7,0,
2166183,2987451,829874511678321,,8,0,
2166183,2987452,829874521678321,,8,0,
2166183,2987453,829874531678321,,8,0,
2166183,2987451,929874511678321,,9,0,
2166183,2987452,929874521678321,,9,0,
2166183,2987453,929874531678321,,9,0,
2166183,2987451,129874511678318,,1,0,
2166183,2987453,129874531678318,,1,0,
2166183,2987451,129874511678320,,1,0,
2166183,2987451,229874511678320,,2,0,
2166183,2987451,329874511678320,,3,0,
2166183,2987451,129874511678322,,1,0,
2166183,2987452,129874521678322,,1,0,
2166183,2987451,229874511678322,,2,0,
2166183,2987452,229874521678322,,2,0,
2166183,2987451,329874511678322,,3,0,
2166183,2987451,129874511678323,,1,0,
2166183,2987452,129874521678323,,1,0,
2166183,2987451,229874511678323,,2,0,
2166183,2987452,229874521678323,,2,0,
2166183,2987451,329874511678323,,3,0,
2166183,2987452,329874521678323,,3,0,
2166183,2987451,429874511678323,,4,0,
2166183,2987451,529874511678323,,5,0,
2166183,2987451,629874511678323,,6,0,
2166183,2987451,129874511678324,,1,0,
2166183,2987451,229874511678324,,2,0,
2166183,2987451,329874511678324,,3,0,
2166183,2987451,129874511678325,,1,0,
2166183,2987451,129874511678326,,1,0,
2166183,2987452,129874521678326,,1,0,
2166183,2987453,129874531678326,,1,0,
2166183,2987451,229874511678326,,2,0,
2166183,2987452,229874521678326,,2,0,
2166183,2987451,129874511678327,,1,0,
2166183,2987452,129874521678327,,1,0,
2166184,2987450,1029874501678312,,10,1,
2166184,2987451,1029874511678312,,10,1,
2166184,2987452,1029874521678312,,10,1,
2166184,2987450,1129874501678312,,11,1,
2166184,2987451,1129874511678312,,11,1,
2166184,2987452,1129874521678312,,11,1,
2166184,2987450,1229874501678312,,12,1,
2166184,2987451,1229874511678312,,12,1,
2166184,2987452,1229874521678312,,12,1,
2166184,2987450,129874501678312,,1,1,
2166184,2987451,129874511678312,,1,1,
2166184,2987452,129874521678312,,1,1,
2166184,2987453,129874531678312,,1,1,
2166184,2987450,1329874501678312,,13,1,
2166184,2987451,1329874511678312,,13,1,
2166184,2987452,1329874521678312,,13,1,
2166184,2987450,1429874501678312,,14,1,
2166184,2987451,1429874511678312,,14,1,
2166184,2987450,1529874501678312,,15,1,
2166184,2987451,1529874511678312,,15,1,
2166184,2987450,1629874501678312,,16,1,
2166184,2987451,1629874511678312,,16,1,
2166184,2987450,1729874501678312,,17,1,
2166184,2987451,1729874511678312,,17,1,
2166184,2987450,1829874501678312,,18,1,
2166184,2987451,1829874511678312,,18,1,
2166184,2987450,1929874501678312,,19,1,
2166184,2987450,2029874501678312,,20,1,
2166184,2987450,2129874501678312,,21,1,
2166184,2987450,2229874501678312,,22,1,
2166184,2987450,229874501678312,,2,1,
2166184,2987451,229874511678312,,2,1,
2166184,2987452,229874521678312,,2,1,
2166184,2987450,2329874501678312,,23,1,
2166184,2987450,2429874501678312,,24,1,
2166184,2987450,2529874501678312,,25,1,
2166184,2987450,2629874501678312,,26,1,
2166184,2987450,2729874501678312,,27,1,
2166184,2987450,2829874501678312,,28,1,
2166184,2987450,2929874501678312,,29,1,
2166184,2987450,3029874501678312,,30,1,
2166184,2987450,329874501678312,,3,1,
2166184,2987451,329874511678312,,3,1,
2166184,2987452,329874521678312,,3,1,
2166184,2987450,429874501678312,,4,1,
2166184,2987451,429874511678312,,4,1,
2166184,2987452,429874521678312,,4,1,
2166184,2987450,529874501678312,,5,1,
2166184,2987451,529874511678312,,5,1,
2166184,2987452,529874521678312,,5,1,
2166184,2987450,629874501678312,,6,1,
2166184,2987451,629874511678312,,6,1,
2166184,2987452,629874521678312,,6,1,
2166184,2987450,729874501678312,,7,1,
2166184,2987451,729874511678312,,7,1,
2166184,2987452,729874521678312,,7,1,
2166184,2987450,829874501678312,,8,1,
2166184,2987451,829874511678312,,8,1,
2166184,2987452,829874521678312,,8,1,
2166184,2987450,929874501678312,,9,1,
2166184,2987451,929874511678312,,9,1,
2166184,2987452,929874521678312,,9,1,
2166184,2987451,1029874511678316,,10,1,
2166184,2987451,129874511678316,,1,1,
2166184,2987452,129874521678316,,1,1,
2166184,2987453,129874531678316,,1,1,
2166184,2987451,229874511678316,,2,1,
2166184,2987452,229874521678316,,2,1,
2166184,2987451,329874511678316,,3,1,
2166184,2987452,329874521678316,,3,1,
2166184,2987451,429874511678316,,4,1,
2166184,2987452,429874521678316,,4,1,
2166184,2987451,529874511678316,,5,1,
2166184,2987452,529874521678316,,5,1,
2166184,2987451,629874511678316,,6,1,
2166184,2987452,629874521678316,,6,1,
2166184,2987451,729874511678316,,7,1,
2166184,2987452,729874521678316,,7,1,
2166184,2987451,829874511678316,,8,1,
2166184,2987451,929874511678316,,9,1,
2166184,2987451,1029874511678332,,10,1,
2166184,2987452,1029874521678332,,10,1,
2166184,2987453,1029874531678332,,10,1,
2166184,2987451,1129874511678332,,11,1,
2166184,2987452,1129874521678332,,11,1,
2166184,2987453,1129874531678332,,11,1,
2166184,2987451,1229874511678332,,12,1,
2166184,2987452,1229874521678332,,12,1,
2166184,2987453,1229874531678332,,12,1,
2166184,2987451,129874511678332,,1,1,
2166184,2987452,129874521678332,,1,1,
2166184,2987453,129874531678332,,1,1,
2166184,2987451,1329874511678332,,13,1,
2166184,2987452,1329874521678332,,13,1,
2166184,2987453,1329874531678332,,13,1,
2166184,2987451,1429874511678332,,14,1,
2166184,2987452,1429874521678332,,14,1,
2166184,2987453,1429874531678332,,14,1,
2166184,2987451,1529874511678332,,15,1,
2166184,2987452,1529874521678332,,15,1,
2166184,2987453,1529874531678332,,15,1,
2166184,2987451,1629874511678332,,16,1,
2166184,2987452,1629874521678332,,16,1,
2166184,2987453,1629874531678332,,16,1,
2166184,2987451,1729874511678332,,17,1,
2166184,2987452,1729874521678332,,17,1,
2166184,2987453,1729874531678332,,17,1,
2166184,2987451,1829874511678332,,18,1,
2166184,2987452,1829874521678332,,18,1,
2166184,2987453,1829874531678332,,18,1,
2166184,2987451,1929874511678332,,19,1,
2166184,2987452,1929874521678332,,19,1,
2166184,2987453,1929874531678332,,19,1,
2166184,2987451,2029874511678332,,20,1,
2166184,2987452,2029874521678332,,20,1,
2166184,2987453,2029874531678332,,20,1,
2166184,2987451,2129874511678332,,21,1,
2166184,2987452,2129874521678332,,21,1,
2166184,2987453,2129874531678332,,21,1,
2166184,2987451,2229874511678332,,22,1,
2166184,2987452,2229874521678332,,22,1,
2166184,2987453,2229874531678332,,22,1,
2166184,2987451,229874511678332,,2,1,
2166184,2987452,229874521678332,,2,1,
2166184,2987453,229874531678332,,2,1,
2166184,2987451,2329874511678332,,23,1,
2166184,2987452,2329874521678332,,23,1,
2166184,2987453,2329874531678332,,23,1,
2166184,2987451,2429874511678332,,24,1,
2166184,2987452,2429874521678332,,24,1,
2166184,2987453,2429874531678332,,24,1,
2166184,2987451,2529874511678332,,25,1,
2166184,2987452,2529874521678332,,25,1,
2166184,2987453,2529874531678332,,25,1,
2166184,2987451,2629874511678332,,26,1,
2166184,2987452,2629874521678332,,26,1,
2166184,2987453,2629874531678332,,26,1,
2166184,2987451,2729874511678332,,27,1,
2166184,2987452,2729874521678332,,27,1,
2166184,2987453,2729874531678332,,27,1,
2166184,2987451,2829874511678332,,28,1,
2166184,2987452,2829874521678332,,28,1,
2166184,2987453,2829874531678332,,28,1,
2166184,2987451,2929874511678332,,29,1,
2166184,2987452,2929874521678332,,29,1,
2166184,2987453,2929874531678332,,29,1,
2166184,2987451,3029874511678332,,30,1,
2166184,2987452,3029874521678332,,30,1,
2166184,2987453,3029874531678332,,30,1,
2166184,2987451,3129874511678332,,31,1,
2166184,2987452,3129874521678332,,31,1,
2166184,2987453,3129874531678332,,31,1,
2166184,2987451,3229874511678332,,32,1,
2166184,2987452,3229874521678332,,32,1,
2166184,2987453,3229874531678332,,32,1,
2166184,2987451,329874511678332,,3,1,
2166184,2987452,329874521678332,,3,1,
2166184,2987453,329874531678332,,3,1,
2166184,2987451,3329874511678332,,33,1,
2166184,2987452,3329874521678332,,33,1,
2166184,2987453,3329874531678332,,33,1,
2166184,2987451,3429874511678332,,34,1,
2166184,2987452,3429874521678332,,34,1,
2166184,2987453,3429874531678332,,34,1,
2166184,2987451,3529874511678332,,35,1,
2166184,2987452,3529874521678332,,35,1,
2166184,2987453,3529874531678332,,35,1,
2166184,2987451,3629874511678332,,36,1,
2166184,2987452,3629874521678332,,36,1,
2166184,2987453,3629874531678332,,36,1,
2166184,2987451,3729874511678332,,37,1,
2166184,2987452,3729874521678332,,37,1,
2166184,2987453,3729874531678332,,37,1,
2166184,2987451,3829874511678332,,38,1,
2166184,2987452,3829874521678332,,38,1,
2166184,2987453,3829874531678332,,38,1,
2166184,2987451,3929874511678332,,39,1,
2166184,2987452,3929874521678332,,39,1,
2166184,2987453,3929874531678332,,39,1,
2166184,2987451,4029874511678332,,40,1,
2166184,2987452,4029874521678332,,40,1,
2166184,2987453,4029874531678332,,40,1,
2166184,2987451,4129874511678332,,41,1,
2166184,2987452,4129874521678332,,41,1,
2166184,2987453,4129874531678332,,41,1,
2166184,2987451,4229874511678332,,42,1,
2166184,2987452,4229874521678332,,42,1,
2166184,2987453,4229874531678332,,42,1,
2166184,2987451,429874511678332,,4,1,
2166184,2987452,429874521678332,,4,1,
2166184,2987453,429874531678332,,4,1,
2166184,2987451,4329874511678332,,43,1,
2166184,2987452,4329874521678332,,43,1,
2166184,2987453,4329874531678332,,43,1,
2166184,2987451,4429874511678332,,44,1,
2166184,2987452,4429874521678332,,44,1,
2166184,2987453,4429874531678332,,44,1,
2166184,2987451,4529874511678332,,45,1,
2166184,2987452,4529874521678332,,45,1,
2166184,2987453,4529874531678332,,45,1,
2166184,2987451,4629874511678332,,46,1,
2166184,2987452,4629874521678332,,46,1,
2166184,2987453,4629874531678332,,46,1,
2166184,2987451,4729874511678332,,47,1,
2166184,2987452,4729874521678332,,47,1,
2166184,2987453,4729874531678332,,47,1,
2166184,2987451,4829874511678332,,48,1,
2166184,2987452,4829874521678332,,48,1,
2166184,2987453,4829874531678332,,48,1,
2166184,2987451,4929874511678332,,49,1,
2166184,2987452,4929874521678332,,49,1,
2166184,2987453,4929874531678332,,49,1,
2166184,2987451,5029874511678332,,50,1,
2166184,2987452,5029874521678332,,50,1,
2166184,2987453,5029874531678332,,50,1,
2166184,2987451,5129874511678332,,51,1,
2166184,2987452,5129874521678332,,51,1,
2166184,2987453,5129874531678332,,51,1,
2166184,2987451,5229874511678332,,52,1,
2166184,2987452,5229874521678332,,52,1,
2166184,2987453,5229874531678332,,52,1,
2166184,2987451,529874511678332,,5,1,
2166184,2987452,529874521678332,,5,1,
2166184,2987453,529874531678332,,5,1,
2166184,2987451,5329874511678332,,53,1,
2166184,2987452,5329874521678332,,53,1,
2166184,2987453,5329874531678332,,53,1,
2166184,2987451,5429874511678332,,54,1,
2166184,2987452,5429874521678332,,54,1,
2166184,2987451,5529874511678332,,55,1,
2166184,2987452,5529874521678332,,55,1,
2166184,2987451,5629874511678332,,56,1,
2166184,2987452,5629874521678332,,56,1,
2166184,2987451,5729874511678332,,57,1,
2166184,2987452,5729874521678332,,57,1,
2166184,2987451,5829874511678332,,58,1,
2166184,2987452,5829874521678332,,58,1,
2166184,2987452,5929874521678332,,59,1,
2166184,2987452,6029874521678332,,60,1,
2166184,2987451,629874511678332,,6,1,
2166184,2987452,629874521678332,,6,1,
2166184,2987453,629874531678332,,6,1,
2166184,2987451,729874511678332,,7,1,
2166184,2987452,729874521678332,,7,1,
2166184,2987453,729874531678332,,7,1,
2166184,2987451,829874511678332,,8,1,
2166184,2987452,829874521678332,,8,1,
2166184,2987453,829874531678332,,8,1,
2166184,2987451,929874511678332,,9,1,
2166184,2987452,929874521678332,,9,1,
2166184,2987453,929874531678332,,9,1,
2166184,2987451,1029874511697790,,10,1,
2166184,2987451,129874511697790,,1,1,
2166184,2987453,129874531697790,,1,1,
2166184,2987451,229874511697790,,2,1,
2166184,2987451,329874511697790,,3,1,
2166184,2987451,429874511697790,,4,1,
2166184,2987451,529874511697790,,5,1,
2166184,2987451,629874511697790,,6,1,
2166184,2987451,729874511697790,,7,1,
2166184,2987451,829874511697790,,8,1,
2166184,2987451,929874511697790,,9,1,
2166184,2987451,129874511678314,,1,1,
2166184,2987452,129874521678314,,1,1,
2166184,2987453,129874531678314,,1,1,
2166184,2987452,229874521678314,,2,1,
2166184,2987453,229874531678314,,2,1,
2166184,2987452,329874521678314,,3,1,
2166184,2987451,129874511678315,,1,1,
2166184,2987451,229874511678315,,2,1,
2166184,2987451,329874511678315,,3,1,
2166184,2987451,429874511678315,,4,1,
2166184,2987451,129874511678317,,1,1,
2166184,2987452,129874521678317,,1,1,
2166184,2987451,229874511678317,,2,1,
2166184,2987452,229874521678317,,2,1,
2166184,2987451,329874511678317,,3,1,
2166184,2987451,129874511678319,,1,1,
2166184,2987451,229874511678319,,2,1,
2166184,2987451,329874511678319,,3,1,
2166184,2987451,429874511678319,,4,1,
2166184,2987451,529874511678319,,5,1,
2166184,2987451,129874511678328,,1,1,
2166184,2987451,129874511678329,,1,1,
2166184,2987451,129874511678330,,1,1,
2166184,2987451,129874511678333,,1,1,
2166184,2987452,129874521678333,,1,1,
2166184,2987453,129874531678333,,1,1,
2166184,2987451,129874511678334,,1,1,
2166184,2987451,129874511678335,,1,1,
2166184,2987452,129874521678335,,1,1,
2166184,2987451,229874511678335,,2,1,
2166184,2987451,329874511678335,,3,1,
2166184,2987451,129874511678336,,1,1,
2166184,2987453,129874531678336,,1,1,
2166184,2987451,229874511678336,,2,1,
2166184,2987453,129874531678337,,1,1,
2166184,2987453,229874531678337,,2,1,
2166184,2987453,329874531678337,,3,1,
869472,2987454,129874541881470,,1,0,
869472,2987455,129874551881470,,1,0,
869472,2987454,229874541881470,,2,0,
869472,2987454,129874541881471,,1,0,
869474,2987456,129874561881472,,1,0,
869474,2987457,129874571881472,,1,0,
869474,2987456,229874561881472,,2,0,
869474,2987456,329874561881472,,3,0,
869474,2987456,429874561881472,,4,0,
869474,2987456,529874561881472,,5,0,
869474,2987456,629874561881472,,6,0,
869474,2987456,729874561881472,,7,0,
869474,2987456,829874561881472,,8,0,
869474,2987456,129874561881473,,1,0,
869474,2987457,129874571881473,,1,0,
869474,2987457,229874571881473,,2,0,
869474,2987456,129874561881474,,1,0,
869474,2987457,129874571881474,,1,0,
869474,2987456,229874561881474,,2,0,
