route_id,service_id,trip_id,trip_headsign,trip_short_name,direction_id,shape_id
2166159,3033557,10030335571622123,,100,0,
2166159,3033559,10030335591622123,,100,0,
2166159,3080264,10030802641622123,,100,0,
2166159,3080265,10030802651622123,,100,0,
2166159,13080266,10030802661622123,,100,0,
2166159,3033557,10130335571622123,,101,0,
2166159,3033559,10130335591622123,,101,0,
2166159,3080264,10130802641622123,,101,0,
2166159,3080265,10130802651622123,,101,0,
2166159,3033557,10230335571622123,,102,0,
2166159,3033559,10230335591622123,,102,0,
2166159,3080264,10230802641622123,,102,0,
2166159,3080265,10230802651622123,,102,0,
2166159,3033557,1030335571622123,,10,0,
2166159,3033558,1030335581622123,,10,0,
2166159,3033559,1030335591622123,,10,0,
2166159,3061960,1030619601622123,,10,0,
2166159,3061962,1030619621622123,,10,0,
2166159,3061963,1030619631622123,,10,0,
2166159,3080263,1030802631622123,,10,0,
2166159,3080264,1030802641622123,,10,0,
2166159,3080265,1030802651622123,,10,0,
2166159,3080266,1030802661622123,,10,0,
2166159,3033557,10330335571622123,,103,0,
2166159,3033559,10330335591622123,,103,0,
2166159,3080264,10330802641622123,,103,0,
2166159,3080265,10330802651622123,,103,0,
2166159,3033557,10430335571622123,,104,0,
2166159,3033559,10430335591622123,,104,0,
2166159,3080264,10430802641622123,,104,0,
2166159,3080265,10430802651622123,,104,0,
2166159,3033557,10530335571622123,,105,0,
2166159,3033559,10530335591622123,,105,0,
2166159,3080264,10530802641622123,,105,0,
2166159,3080265,10530802651622123,,105,0,
2166159,3033557,10630335571622123,,106,0,
2166159,3033559,10630335591622123,,106,0,
2166159,3080264,10630802641622123,,106,0,
2166159,3080265,10630802651622123,,106,0,
2166159,3033557,10730335571622123,,107,0,
2166159,3033559,10730335591622123,,107,0,
2166159,3080264,10730802641622123,,107,0,
2166159,3080265,10730802651622123,,107,0,
2166159,3033557,10830335571622123,,108,0,
2166159,3033559,10830335591622123,,108,0,
2166159,3080264,10830802641622123,,108,0,
2166159,3080265,10830802651622123,,108,0,
2166159,3033557,10930335571622123,,109,0,
2166159,3033559,10930335591622123,,109,0,
2166159,3080264,10930802641622123,,109,0,
2166159,3080265,10930802651622123,,109,0,
2166159,3033557,11030335571622123,,110,0,
2166159,3033559,11030335591622123,,110,0,
2166159,3080264,11030802641622123,,110,0,
2166159,3080265,11030802651622123,,110,0,
2166159,3033557,11130335571622123,,111,0,
2166159,3033559,11130335591622123,,111,0,
2166159,3080264,11130802641622123,,111,0,
2166159,3080265,11130802651622123,,111,0,
2166159,3033557,11230335571622123,,112,0,
2166159,3033559,11230335591622123,,112,0,
2166159,3080264,11230802641622123,,112,0,
2166159,3080265,11230802651622123,,112,0,
2166159,3033557,1130335571622123,,11,0,
2166159,3033558,1130335581622123,,11,0,
2166159,3033559,1130335591622123,,11,0,
2166159,3061960,1130619601622123,,11,0,
2166159,3061962,1130619621622123,,11,0,
2166159,3061963,1130619631622123,,11,0,
2166159,3080263,1130802631622123,,11,0,
2166159,3080264,1130802641622123,,11,0,
2166159,3080265,1130802651622123,,11,0,
2166159,3080266,1130802661622123,,11,0,
2166159,3033557,11330335571622123,,113,0,
2166159,3033559,11330335591622123,,113,0,
2166159,3080264,11330802641622123,,113,0,
2166159,3080265,11330802651622123,,113,0,
2166159,3033557,11430335571622123,,114,0,
2166159,3033559,11430335591622123,,114,0,
2166159,3080264,11430802641622123,,114,0,
2166159,3080265,11430802651622123,,114,0,
2166159,3033557,11530335571622123,,115,0,
2166159,3033559,11530335591622123,,115,0,
2166159,3080264,11530802641622123,,115,0,
2166159,3080265,11530802651622123,,115,0,
2166159,3033557,11630335571622123,,116,0,
2166159,3033559,11630335591622123,,116,0,
2166159,3080264,11630802641622123,,116,0,
2166159,3080265,11630802651622123,,116,0,
2166159,3033557,11730335571622123,,117,0,
2166159,3033559,11730335591622123,,117,0,
2166159,3080264,11730802641622123,,117,0,
2166159,3080265,11730802651622123,,117,0,
2166159,3033557,11830335571622123,,118,0,
2166159,3033559,11830335591622123,,118,0,
2166159,3080264,11830802641622123,,118,0,
2166159,3080265,11830802651622123,,118,0,
2166159,13033557,11930335571622123,,119,0,
2166159,13033559,11930335591622123,,119,0,
2166159,3080264,11930802641622123,,119,0,
2166159,3080265,11930802651622123,,119,0,
2166159,13033557,12030335571622123,,120,0,
2166159,13033559,12030335591622123,,120,0,
2166159,3080264,12030802641622123,,120,0,
2166159,3080265,12030802651622123,,120,0,
2166159,13033557,12130335571622123,,121,0,
2166159,13033559,12130335591622123,,121,0,
2166159,13080264,12130802641622123,,121,0,
2166159,13080265,12130802651622123,,121,0,
2166159,13033557,12230335571622123,,122,0,
2166159,13033559,12230335591622123,,122,0,
2166159,13080264,12230802641622123,,122,0,
2166159,13080265,12230802651622123,,122,0,
2166159,3033557,1230335571622123,,12,0,
2166159,3033558,1230335581622123,,12,0,
2166159,3033559,1230335591622123,,12,0,
2166159,3061960,1230619601622123,,12,0,
2166159,3061962,1230619621622123,,12,0,
2166159,3061963,1230619631622123,,12,0,
2166159,3080263,1230802631622123,,12,0,
2166159,3080264,1230802641622123,,12,0,
2166159,3080265,1230802651622123,,12,0,
2166159,3080266,1230802661622123,,12,0,
2166159,13033559,12330335591622123,,123,0,
2166159,13080264,12330802641622123,,123,0,
2166159,13080265,12330802651622123,,123,0,
2166159,13033559,12430335591622123,,124,0,
2166159,13080264,12430802641622123,,124,0,
2166159,13080265,12430802651622123,,124,0,
2166159,13033559,12530335591622123,,125,0,
2166159,13080265,12530802651622123,,125,0,
2166159,13080265,12630802651622123,,126,0,
2166159,13080265,12730802651622123,,127,0,
2166159,3033557,130335571622123,,1,0,
2166159,3033558,130335581622123,,1,0,
2166159,3033559,130335591622123,,1,0,
2166159,3061960,130619601622123,,1,0,
2166159,3061962,130619621622123,,1,0,
2166159,3061963,130619631622123,,1,0,
2166159,3080263,130802631622123,,1,0,
2166159,3080264,130802641622123,,1,0,
2166159,3080265,130802651622123,,1,0,
2166159,3080266,130802661622123,,1,0,
2166159,3033557,1330335571622123,,13,0,
2166159,3033558,1330335581622123,,13,0,
2166159,3033559,1330335591622123,,13,0,
2166159,3061960,1330619601622123,,13,0,
2166159,3061962,1330619621622123,,13,0,
2166159,3061963,1330619631622123,,13,0,
2166159,3080263,1330802631622123,,13,0,
2166159,3080264,1330802641622123,,13,0,
2166159,3080265,1330802651622123,,13,0,
2166159,3080266,1330802661622123,,13,0,
2166159,3033557,1430335571622123,,14,0,
2166159,3033558,1430335581622123,,14,0,
2166159,3033559,1430335591622123,,14,0,
2166159,3061960,1430619601622123,,14,0,
2166159,3061962,1430619621622123,,14,0,
2166159,3061963,1430619631622123,,14,0,
2166159,3080263,1430802631622123,,14,0,
2166159,3080264,1430802641622123,,14,0,
2166159,3080265,1430802651622123,,14,0,
2166159,3080266,1430802661622123,,14,0,
2166159,3033557,1530335571622123,,15,0,
2166159,3033558,1530335581622123,,15,0,
2166159,3033559,1530335591622123,,15,0,
2166159,3061960,1530619601622123,,15,0,
2166159,3061962,1530619621622123,,15,0,
2166159,3061963,1530619631622123,,15,0,
2166159,3080263,1530802631622123,,15,0,
2166159,3080264,1530802641622123,,15,0,
2166159,3080265,1530802651622123,,15,0,
2166159,3080266,1530802661622123,,15,0,
2166159,3033557,1630335571622123,,16,0,
2166159,3033558,1630335581622123,,16,0,
2166159,3033559,1630335591622123,,16,0,
2166159,3061960,1630619601622123,,16,0,
2166159,3061962,1630619621622123,,16,0,
2166159,3061963,1630619631622123,,16,0,
2166159,3080263,1630802631622123,,16,0,
2166159,3080264,1630802641622123,,16,0,
2166159,3080265,1630802651622123,,16,0,
2166159,3080266,1630802661622123,,16,0,
2166159,3033557,1730335571622123,,17,0,
2166159,3033558,1730335581622123,,17,0,
2166159,3033559,1730335591622123,,17,0,
2166159,3061960,1730619601622123,,17,0,
2166159,3061962,1730619621622123,,17,0,
2166159,3061963,1730619631622123,,17,0,
2166159,3080263,1730802631622123,,17,0,
2166159,3080264,1730802641622123,,17,0,
2166159,3080265,1730802651622123,,17,0,
2166159,3080266,1730802661622123,,17,0,
2166159,3033557,1830335571622123,,18,0,
2166159,3033558,1830335581622123,,18,0,
2166159,3033559,1830335591622123,,18,0,
2166159,3061960,1830619601622123,,18,0,
2166159,3061962,1830619621622123,,18,0,
2166159,3061963,1830619631622123,,18,0,
2166159,3080263,1830802631622123,,18,0,
2166159,3080264,1830802641622123,,18,0,
2166159,3080265,1830802651622123,,18,0,
2166159,3080266,1830802661622123,,18,0,
2166159,3033557,1930335571622123,,19,0,
2166159,3033558,1930335581622123,,19,0,
2166159,3033559,1930335591622123,,19,0,
2166159,3061960,1930619601622123,,19,0,
2166159,3061962,1930619621622123,,19,0,
2166159,3061963,1930619631622123,,19,0,
2166159,3080263,1930802631622123,,19,0,
2166159,3080264,1930802641622123,,19,0,
2166159,3080265,1930802651622123,,19,0,
2166159,3080266,1930802661622123,,19,0,
2166159,3033557,2030335571622123,,20,0,
2166159,3033558,2030335581622123,,20,0,
2166159,3033559,2030335591622123,,20,0,
2166159,3061960,2030619601622123,,20,0,
2166159,3061962,2030619621622123,,20,0,
2166159,3061963,2030619631622123,,20,0,
2166159,3080263,2030802631622123,,20,0,
2166159,3080264,2030802641622123,,20,0,
2166159,3080265,2030802651622123,,20,0,
2166159,3080266,2030802661622123,,20,0,
2166159,3033557,2130335571622123,,21,0,
2166159,3033558,2130335581622123,,21,0,
2166159,3033559,2130335591622123,,21,0,
2166159,3061960,2130619601622123,,21,0,
2166159,3061962,2130619621622123,,21,0,
2166159,3061963,2130619631622123,,21,0,
2166159,3080263,2130802631622123,,21,0,
2166159,3080264,2130802641622123,,21,0,
2166159,3080265,2130802651622123,,21,0,
2166159,3080266,2130802661622123,,21,0,
2166159,3033557,2230335571622123,,22,0,
2166159,3033558,2230335581622123,,22,0,
2166159,3033559,2230335591622123,,22,0,
2166159,3061960,2230619601622123,,22,0,
2166159,3061962,2230619621622123,,22,0,
2166159,3061963,2230619631622123,,22,0,
2166159,3080263,2230802631622123,,22,0,
2166159,3080264,2230802641622123,,22,0,
2166159,3080265,2230802651622123,,22,0,
2166159,3080266,2230802661622123,,22,0,
2166159,3033557,230335571622123,,2,0,
2166159,3033558,230335581622123,,2,0,
2166159,3033559,230335591622123,,2,0,
2166159,3061960,230619601622123,,2,0,
2166159,3061962,230619621622123,,2,0,
2166159,3061963,230619631622123,,2,0,
2166159,3080263,230802631622123,,2,0,
2166159,3080264,230802641622123,,2,0,
2166159,3080265,230802651622123,,2,0,
2166159,3080266,230802661622123,,2,0,
2166159,3033557,2330335571622123,,23,0,
2166159,3033558,2330335581622123,,23,0,
2166159,3033559,2330335591622123,,23,0,
2166159,3061960,2330619601622123,,23,0,
2166159,3061962,2330619621622123,,23,0,
2166159,3061963,2330619631622123,,23,0,
2166159,3080263,2330802631622123,,23,0,
2166159,3080264,2330802641622123,,23,0,
2166159,3080265,2330802651622123,,23,0,
2166159,3080266,2330802661622123,,23,0,
2166159,3033557,2430335571622123,,24,0,
2166159,3033558,2430335581622123,,24,0,
2166159,3033559,2430335591622123,,24,0,
2166159,3061960,2430619601622123,,24,0,
2166159,3061962,2430619621622123,,24,0,
2166159,3061963,2430619631622123,,24,0,
2166159,3080263,2430802631622123,,24,0,
2166159,3080264,2430802641622123,,24,0,
2166159,3080265,2430802651622123,,24,0,
2166159,3080266,2430802661622123,,24,0,
2166159,3033557,2530335571622123,,25,0,
2166159,3033558,2530335581622123,,25,0,
2166159,3033559,2530335591622123,,25,0,
2166159,3061960,2530619601622123,,25,0,
2166159,3061962,2530619621622123,,25,0,
2166159,3061963,2530619631622123,,25,0,
2166159,3080263,2530802631622123,,25,0,
2166159,3080264,2530802641622123,,25,0,
2166159,3080265,2530802651622123,,25,0,
2166159,3080266,2530802661622123,,25,0,
2166159,3033557,2630335571622123,,26,0,
2166159,3033558,2630335581622123,,26,0,
2166159,3033559,2630335591622123,,26,0,
2166159,3061960,2630619601622123,,26,0,
2166159,3061962,2630619621622123,,26,0,
2166159,3061963,2630619631622123,,26,0,
2166159,3080263,2630802631622123,,26,0,
2166159,3080264,2630802641622123,,26,0,
2166159,3080265,2630802651622123,,26,0,
2166159,3080266,2630802661622123,,26,0,
2166159,3033557,2730335571622123,,27,0,
2166159,3033558,2730335581622123,,27,0,
2166159,3033559,2730335591622123,,27,0,
2166159,3061960,2730619601622123,,27,0,
2166159,3061962,2730619621622123,,27,0,
2166159,3061963,2730619631622123,,27,0,
2166159,3080263,2730802631622123,,27,0,
2166159,3080264,2730802641622123,,27,0,
2166159,3080265,2730802651622123,,27,0,
2166159,3080266,2730802661622123,,27,0,
2166159,3033557,2830335571622123,,28,0,
2166159,3033558,2830335581622123,,28,0,
2166159,3033559,2830335591622123,,28,0,
2166159,3061960,2830619601622123,,28,0,
2166159,3061962,2830619621622123,,28,0,
2166159,3061963,2830619631622123,,28,0,
2166159,3080263,2830802631622123,,28,0,
2166159,3080264,2830802641622123,,28,0,
2166159,3080265,2830802651622123,,28,0,
2166159,3080266,2830802661622123,,28,0,
2166159,3033557,2930335571622123,,29,0,
2166159,3033558,2930335581622123,,29,0,
2166159,3033559,2930335591622123,,29,0,
2166159,3061960,2930619601622123,,29,0,
2166159,3061962,2930619621622123,,29,0,
2166159,3061963,2930619631622123,,29,0,
2166159,3080263,2930802631622123,,29,0,
2166159,3080264,2930802641622123,,29,0,
2166159,3080265,2930802651622123,,29,0,
2166159,3080266,2930802661622123,,29,0,
2166159,3033557,3030335571622123,,30,0,
2166159,3033558,3030335581622123,,30,0,
2166159,3033559,3030335591622123,,30,0,
2166159,3061960,3030619601622123,,30,0,
2166159,3061962,3030619621622123,,30,0,
2166159,3061963,3030619631622123,,30,0,
2166159,3080263,3030802631622123,,30,0,
2166159,3080264,3030802641622123,,30,0,
2166159,3080265,3030802651622123,,30,0,
2166159,3080266,3030802661622123,,30,0,
2166159,3033557,3130335571622123,,31,0,
2166159,3033558,3130335581622123,,31,0,
2166159,3033559,3130335591622123,,31,0,
2166159,3061960,3130619601622123,,31,0,
2166159,3061962,3130619621622123,,31,0,
2166159,3061963,3130619631622123,,31,0,
2166159,3080263,3130802631622123,,31,0,
2166159,3080264,3130802641622123,,31,0,
2166159,3080265,3130802651622123,,31,0,
2166159,3080266,3130802661622123,,31,0,
2166159,3033557,3230335571622123,,32,0,
2166159,3033558,3230335581622123,,32,0,
2166159,3033559,3230335591622123,,32,0,
2166159,3061960,3230619601622123,,32,0,
2166159,3061962,3230619621622123,,32,0,
2166159,3061963,3230619631622123,,32,0,
2166159,3080263,3230802631622123,,32,0,
2166159,3080264,3230802641622123,,32,0,
2166159,3080265,3230802651622123,,32,0,
2166159,3080266,3230802661622123,,32,0,
2166159,3033557,330335571622123,,3,0,
2166159,3033558,330335581622123,,3,0,
2166159,3033559,330335591622123,,3,0,
2166159,3061960,330619601622123,,3,0,
2166159,3061962,330619621622123,,3,0,
2166159,3061963,330619631622123,,3,0,
2166159,3080263,330802631622123,,3,0,
2166159,3080264,330802641622123,,3,0,
2166159,3080265,330802651622123,,3,0,
2166159,3080266,330802661622123,,3,0,
2166159,3033557,3330335571622123,,33,0,
2166159,3033558,3330335581622123,,33,0,
2166159,3033559,3330335591622123,,33,0,
2166159,3061960,3330619601622123,,33,0,
2166159,3061962,3330619621622123,,33,0,
2166159,3061963,3330619631622123,,33,0,
2166159,3080263,3330802631622123,,33,0,
2166159,3080264,3330802641622123,,33,0,
2166159,3080265,3330802651622123,,33,0,
2166159,3080266,3330802661622123,,33,0,
2166159,3033557,3430335571622123,,34,0,
2166159,3033558,3430335581622123,,34,0,
2166159,3033559,3430335591622123,,34,0,
2166159,3061960,3430619601622123,,34,0,
2166159,3061962,3430619621622123,,34,0,
2166159,3061963,3430619631622123,,34,0,
2166159,3080263,3430802631622123,,34,0,
2166159,3080264,3430802641622123,,34,0,
2166159,3080265,3430802651622123,,34,0,
2166159,3080266,3430802661622123,,34,0,
2166159,3033557,3530335571622123,,35,0,
2166159,3033558,3530335581622123,,35,0,
2166159,3033559,3530335591622123,,35,0,
2166159,3061960,3530619601622123,,35,0,
2166159,3061962,3530619621622123,,35,0,
2166159,3061963,3530619631622123,,35,0,
2166159,3080263,3530802631622123,,35,0,
2166159,3080264,3530802641622123,,35,0,
2166159,3080265,3530802651622123,,35,0,
2166159,3080266,3530802661622123,,35,0,
2166159,3033557,3630335571622123,,36,0,
2166159,3033558,3630335581622123,,36,0,
2166159,3033559,3630335591622123,,36,0,
2166159,3061960,3630619601622123,,36,0,
2166159,3061962,3630619621622123,,36,0,
2166159,3061963,3630619631622123,,36,0,
2166159,3080263,3630802631622123,,36,0,
2166159,3080264,3630802641622123,,36,0,
2166159,3080265,3630802651622123,,36,0,
2166159,3080266,3630802661622123,,36,0,
2166159,3033557,3730335571622123,,37,0,
2166159,3033558,3730335581622123,,37,0,
2166159,3033559,3730335591622123,,37,0,
2166159,3061960,3730619601622123,,37,0,
2166159,3061962,3730619621622123,,37,0,
2166159,3061963,3730619631622123,,37,0,
2166159,3080263,3730802631622123,,37,0,
2166159,3080264,3730802641622123,,37,0,
2166159,3080265,3730802651622123,,37,0,
2166159,3080266,3730802661622123,,37,0,
2166159,3033557,3830335571622123,,38,0,
2166159,3033558,3830335581622123,,38,0,
2166159,3033559,3830335591622123,,38,0,
2166159,3061960,3830619601622123,,38,0,
2166159,3061962,3830619621622123,,38,0,
2166159,3061963,3830619631622123,,38,0,
2166159,3080263,3830802631622123,,38,0,
2166159,3080264,3830802641622123,,38,0,
2166159,3080265,3830802651622123,,38,0,
2166159,3080266,3830802661622123,,38,0,
2166159,3033557,3930335571622123,,39,0,
2166159,3033558,3930335581622123,,39,0,
2166159,3033559,3930335591622123,,39,0,
2166159,3061960,3930619601622123,,39,0,
2166159,3061962,3930619621622123,,39,0,
2166159,3061963,3930619631622123,,39,0,
2166159,3080263,3930802631622123,,39,0,
2166159,3080264,3930802641622123,,39,0,
2166159,3080265,3930802651622123,,39,0,
2166159,3080266,3930802661622123,,39,0,
2166159,3033557,4030335571622123,,40,0,
2166159,3033558,4030335581622123,,40,0,
2166159,3033559,4030335591622123,,40,0,
2166159,3061960,4030619601622123,,40,0,
2166159,3061962,4030619621622123,,40,0,
2166159,3061963,4030619631622123,,40,0,
2166159,3080263,4030802631622123,,40,0,
2166159,3080264,4030802641622123,,40,0,
2166159,3080265,4030802651622123,,40,0,
2166159,3080266,4030802661622123,,40,0,
2166159,3033557,4130335571622123,,41,0,
2166159,3033558,4130335581622123,,41,0,
2166159,3033559,4130335591622123,,41,0,
2166159,3061960,4130619601622123,,41,0,
2166159,3061962,4130619621622123,,41,0,
2166159,3061963,4130619631622123,,41,0,
2166159,3080263,4130802631622123,,41,0,
2166159,3080264,4130802641622123,,41,0,
2166159,3080265,4130802651622123,,41,0,
2166159,3080266,4130802661622123,,41,0,
2166159,3033557,4230335571622123,,42,0,
2166159,3033558,4230335581622123,,42,0,
2166159,3033559,4230335591622123,,42,0,
2166159,3061960,4230619601622123,,42,0,
2166159,3061962,4230619621622123,,42,0,
2166159,3061963,4230619631622123,,42,0,
2166159,3080263,4230802631622123,,42,0,
2166159,3080264,4230802641622123,,42,0,
2166159,3080265,4230802651622123,,42,0,
2166159,3080266,4230802661622123,,42,0,
2166159,3033557,430335571622123,,4,0,
2166159,3033558,430335581622123,,4,0,
2166159,3033559,430335591622123,,4,0,
2166159,3061960,430619601622123,,4,0,
2166159,3061962,430619621622123,,4,0,
2166159,3061963,430619631622123,,4,0,
2166159,3080263,430802631622123,,4,0,
2166159,3080264,430802641622123,,4,0,
2166159,3080265,430802651622123,,4,0,
2166159,3080266,430802661622123,,4,0,
2166159,3033557,4330335571622123,,43,0,
2166159,3033558,4330335581622123,,43,0,
2166159,3033559,4330335591622123,,43,0,
2166159,3061960,4330619601622123,,43,0,
2166159,3061962,4330619621622123,,43,0,
2166159,3061963,4330619631622123,,43,0,
2166159,3080263,4330802631622123,,43,0,
2166159,3080264,4330802641622123,,43,0,
2166159,3080265,4330802651622123,,43,0,
2166159,3080266,4330802661622123,,43,0,
2166159,3033557,4430335571622123,,44,0,
2166159,3033558,4430335581622123,,44,0,
2166159,3033559,4430335591622123,,44,0,
2166159,3061960,4430619601622123,,44,0,
2166159,3061962,4430619621622123,,44,0,
2166159,3061963,4430619631622123,,44,0,
2166159,3080263,4430802631622123,,44,0,
2166159,3080264,4430802641622123,,44,0,
2166159,3080265,4430802651622123,,44,0,
2166159,3080266,4430802661622123,,44,0,
2166159,3033557,4530335571622123,,45,0,
2166159,3033558,4530335581622123,,45,0,
2166159,3033559,4530335591622123,,45,0,
2166159,3061960,4530619601622123,,45,0,
2166159,3061962,4530619621622123,,45,0,
2166159,3061963,4530619631622123,,45,0,
2166159,3080263,4530802631622123,,45,0,
2166159,3080264,4530802641622123,,45,0,
2166159,3080265,4530802651622123,,45,0,
2166159,3080266,4530802661622123,,45,0,
2166159,3033557,4630335571622123,,46,0,
2166159,3033558,4630335581622123,,46,0,
2166159,3033559,4630335591622123,,46,0,
2166159,3061960,4630619601622123,,46,0,
2166159,3061962,4630619621622123,,46,0,
2166159,3061963,4630619631622123,,46,0,
2166159,3080263,4630802631622123,,46,0,
2166159,3080264,4630802641622123,,46,0,
2166159,3080265,4630802651622123,,46,0,
2166159,3080266,4630802661622123,,46,0,
2166159,3033557,4730335571622123,,47,0,
2166159,3033558,4730335581622123,,47,0,
2166159,3033559,4730335591622123,,47,0,
2166159,3061960,4730619601622123,,47,0,
2166159,3061962,4730619621622123,,47,0,
2166159,3061963,4730619631622123,,47,0,
2166159,3080263,4730802631622123,,47,0,
2166159,3080264,4730802641622123,,47,0,
2166159,3080265,4730802651622123,,47,0,
2166159,3080266,4730802661622123,,47,0,
2166159,3033557,4830335571622123,,48,0,
2166159,3033558,4830335581622123,,48,0,
2166159,3033559,4830335591622123,,48,0,
2166159,3061960,4830619601622123,,48,0,
2166159,3061962,4830619621622123,,48,0,
2166159,3061963,4830619631622123,,48,0,
2166159,3080263,4830802631622123,,48,0,
2166159,3080264,4830802641622123,,48,0,
2166159,3080265,4830802651622123,,48,0,
2166159,3080266,4830802661622123,,48,0,
2166159,3033557,4930335571622123,,49,0,
2166159,3033558,4930335581622123,,49,0,
2166159,3033559,4930335591622123,,49,0,
2166159,3061960,4930619601622123,,49,0,
2166159,3061962,4930619621622123,,49,0,
2166159,3061963,4930619631622123,,49,0,
2166159,3080263,4930802631622123,,49,0,
2166159,3080264,4930802641622123,,49,0,
2166159,3080265,4930802651622123,,49,0,
2166159,3080266,4930802661622123,,49,0,
2166159,3033557,5030335571622123,,50,0,
2166159,3033558,5030335581622123,,50,0,
2166159,3033559,5030335591622123,,50,0,
2166159,3061960,5030619601622123,,50,0,
2166159,3061962,5030619621622123,,50,0,
2166159,3061963,5030619631622123,,50,0,
2166159,3080263,5030802631622123,,50,0,
2166159,3080264,5030802641622123,,50,0,
2166159,3080265,5030802651622123,,50,0,
2166159,3080266,5030802661622123,,50,0,
2166159,3033557,5130335571622123,,51,0,
2166159,3033558,5130335581622123,,51,0,
2166159,3033559,5130335591622123,,51,0,
2166159,3061960,5130619601622123,,51,0,
2166159,3061962,5130619621622123,,51,0,
2166159,3061963,5130619631622123,,51,0,
2166159,3080263,5130802631622123,,51,0,
2166159,3080264,5130802641622123,,51,0,
2166159,3080265,5130802651622123,,51,0,
2166159,3080266,5130802661622123,,51,0,
2166159,3033557,5230335571622123,,52,0,
2166159,3033558,5230335581622123,,52,0,
2166159,3033559,5230335591622123,,52,0,
2166159,3061960,5230619601622123,,52,0,
2166159,3061962,5230619621622123,,52,0,
2166159,3061963,5230619631622123,,52,0,
2166159,3080263,5230802631622123,,52,0,
2166159,3080264,5230802641622123,,52,0,
2166159,3080265,5230802651622123,,52,0,
2166159,3080266,5230802661622123,,52,0,
2166159,3033557,530335571622123,,5,0,
2166159,3033558,530335581622123,,5,0,
2166159,3033559,530335591622123,,5,0,
2166159,3061960,530619601622123,,5,0,
2166159,3061962,530619621622123,,5,0,
2166159,3061963,530619631622123,,5,0,
2166159,3080263,530802631622123,,5,0,
2166159,3080264,530802641622123,,5,0,
2166159,3080265,530802651622123,,5,0,
2166159,3080266,530802661622123,,5,0,
2166159,3033557,5330335571622123,,53,0,
2166159,3033558,5330335581622123,,53,0,
2166159,3033559,5330335591622123,,53,0,
2166159,3061960,5330619601622123,,53,0,
2166159,3061962,5330619621622123,,53,0,
2166159,3061963,5330619631622123,,53,0,
2166159,3080263,5330802631622123,,53,0,
2166159,3080264,5330802641622123,,53,0,
2166159,3080265,5330802651622123,,53,0,
2166159,3080266,5330802661622123,,53,0,
2166159,3033557,5430335571622123,,54,0,
2166159,3033558,5430335581622123,,54,0,
2166159,3033559,5430335591622123,,54,0,
2166159,3061960,5430619601622123,,54,0,
2166159,3061962,5430619621622123,,54,0,
2166159,3061963,5430619631622123,,54,0,
2166159,3080263,5430802631622123,,54,0,
2166159,3080264,5430802641622123,,54,0,
2166159,3080265,5430802651622123,,54,0,
2166159,3080266,5430802661622123,,54,0,
2166159,3033557,5530335571622123,,55,0,
2166159,3033558,5530335581622123,,55,0,
2166159,3033559,5530335591622123,,55,0,
2166159,3061960,5530619601622123,,55,0,
2166159,3061962,5530619621622123,,55,0,
2166159,3061963,5530619631622123,,55,0,
2166159,3080263,5530802631622123,,55,0,
2166159,3080264,5530802641622123,,55,0,
2166159,3080265,5530802651622123,,55,0,
2166159,3080266,5530802661622123,,55,0,
2166159,3033557,5630335571622123,,56,0,
2166159,3033558,5630335581622123,,56,0,
2166159,3033559,5630335591622123,,56,0,
2166159,3061960,5630619601622123,,56,0,
2166159,3061962,5630619621622123,,56,0,
2166159,3061963,5630619631622123,,56,0,
2166159,3080263,5630802631622123,,56,0,
2166159,3080264,5630802641622123,,56,0,
2166159,3080265,5630802651622123,,56,0,
2166159,3080266,5630802661622123,,56,0,
2166159,3033557,5730335571622123,,57,0,
2166159,3033558,5730335581622123,,57,0,
2166159,3033559,5730335591622123,,57,0,
2166159,3061960,5730619601622123,,57,0,
2166159,3061962,5730619621622123,,57,0,
2166159,3061963,5730619631622123,,57,0,
2166159,3080263,5730802631622123,,57,0,
2166159,3080264,5730802641622123,,57,0,
2166159,3080265,5730802651622123,,57,0,
2166159,3080266,5730802661622123,,57,0,
2166159,3033557,5830335571622123,,58,0,
2166159,3033558,5830335581622123,,58,0,
2166159,3033559,5830335591622123,,58,0,
2166159,3061960,5830619601622123,,58,0,
2166159,3061962,5830619621622123,,58,0,
2166159,3061963,5830619631622123,,58,0,
2166159,3080263,5830802631622123,,58,0,
2166159,3080264,5830802641622123,,58,0,
2166159,3080265,5830802651622123,,58,0,
2166159,3080266,5830802661622123,,58,0,
2166159,3033557,5930335571622123,,59,0,
2166159,3033558,5930335581622123,,59,0,
2166159,3033559,5930335591622123,,59,0,
2166159,3061960,5930619601622123,,59,0,
2166159,3061962,5930619621622123,,59,0,
2166159,3061963,5930619631622123,,59,0,
2166159,3080263,5930802631622123,,59,0,
2166159,3080264,5930802641622123,,59,0,
2166159,3080265,5930802651622123,,59,0,
2166159,3080266,5930802661622123,,59,0,
2166159,3033557,6030335571622123,,60,0,
2166159,3033558,6030335581622123,,60,0,
2166159,3033559,6030335591622123,,60,0,
2166159,3061960,6030619601622123,,60,0,
2166159,3061962,6030619621622123,,60,0,
2166159,3061963,6030619631622123,,60,0,
2166159,3080263,6030802631622123,,60,0,
2166159,3080264,6030802641622123,,60,0,
2166159,3080265,6030802651622123,,60,0,
2166159,3080266,6030802661622123,,60,0,
2166159,3033557,6130335571622123,,61,0,
2166159,3033558,6130335581622123,,61,0,
2166159,3033559,6130335591622123,,61,0,
2166159,3061960,6130619601622123,,61,0,
2166159,13061962,6130619621622123,,61,0,
2166159,3061963,6130619631622123,,61,0,
2166159,3080263,6130802631622123,,61,0,
2166159,3080264,6130802641622123,,61,0,
2166159,3080265,6130802651622123,,61,0,
2166159,3080266,6130802661622123,,61,0,
2166159,3033557,6230335571622123,,62,0,
2166159,3033558,6230335581622123,,62,0,
2166159,3033559,6230335591622123,,62,0,
2166159,3061960,6230619601622123,,62,0,
2166159,13061962,6230619621622123,,62,0,
2166159,13061963,6230619631622123,,62,0,
2166159,3080263,6230802631622123,,62,0,
2166159,3080264,6230802641622123,,62,0,
2166159,3080265,6230802651622123,,62,0,
2166159,3080266,6230802661622123,,62,0,
2166159,3033557,630335571622123,,6,0,
2166159,3033558,630335581622123,,6,0,
2166159,3033559,630335591622123,,6,0,
2166159,3061960,630619601622123,,6,0,
2166159,3061962,630619621622123,,6,0,
2166159,3061963,630619631622123,,6,0,
2166159,3080263,630802631622123,,6,0,
2166159,3080264,630802641622123,,6,0,
2166159,3080265,630802651622123,,6,0,
2166159,3080266,630802661622123,,6,0,
2166159,3033557,6330335571622123,,63,0,
2166159,3033558,6330335581622123,,63,0,
2166159,3033559,6330335591622123,,63,0,
2166159,3061960,6330619601622123,,63,0,
2166159,13061962,6330619621622123,,63,0,
2166159,13061963,6330619631622123,,63,0,
2166159,3080263,6330802631622123,,63,0,
2166159,3080264,6330802641622123,,63,0,
2166159,3080265,6330802651622123,,63,0,
2166159,3080266,6330802661622123,,63,0,
2166159,3033557,6430335571622123,,64,0,
2166159,3033558,6430335581622123,,64,0,
2166159,3033559,6430335591622123,,64,0,
2166159,13061960,6430619601622123,,64,0,
2166159,13061962,6430619621622123,,64,0,
2166159,13061963,6430619631622123,,64,0,
2166159,13080263,6430802631622123,,64,0,
2166159,3080264,6430802641622123,,64,0,
2166159,3080265,6430802651622123,,64,0,
2166159,3080266,6430802661622123,,64,0,
2166159,3033557,6530335571622123,,65,0,
2166159,3033558,6530335581622123,,65,0,
2166159,3033559,6530335591622123,,65,0,
2166159,13061960,6530619601622123,,65,0,
2166159,13061963,6530619631622123,,65,0,
2166159,13080263,6530802631622123,,65,0,
2166159,3080264,6530802641622123,,65,0,
2166159,3080265,6530802651622123,,65,0,
2166159,3080266,6530802661622123,,65,0,
2166159,3033557,6630335571622123,,66,0,
2166159,3033558,6630335581622123,,66,0,
2166159,3033559,6630335591622123,,66,0,
2166159,13061960,6630619601622123,,66,0,
2166159,13061963,6630619631622123,,66,0,
2166159,13080263,6630802631622123,,66,0,
2166159,3080264,6630802641622123,,66,0,
2166159,3080265,6630802651622123,,66,0,
2166159,3080266,6630802661622123,,66,0,
2166159,3033557,6730335571622123,,67,0,
2166159,3033558,6730335581622123,,67,0,
2166159,3033559,6730335591622123,,67,0,
2166159,13061960,6730619601622123,,67,0,
2166159,13061963,6730619631622123,,67,0,
2166159,13080263,6730802631622123,,67,0,
2166159,3080264,6730802641622123,,67,0,
2166159,3080265,6730802651622123,,67,0,
2166159,3080266,6730802661622123,,67,0,
2166159,3033557,6830335571622123,,68,0,
2166159,3033558,6830335581622123,,68,0,
2166159,3033559,6830335591622123,,68,0,
2166159,13061960,6830619601622123,,68,0,
2166159,13061963,6830619631622123,,68,0,
2166159,3080264,6830802641622123,,68,0,
2166159,3080265,6830802651622123,,68,0,
2166159,3080266,6830802661622123,,68,0,
2166159,3033557,6930335571622123,,69,0,
2166159,3033558,6930335581622123,,69,0,
2166159,3033559,6930335591622123,,69,0,
2166159,13061960,6930619601622123,,69,0,
2166159,3080264,6930802641622123,,69,0,
2166159,3080265,6930802651622123,,69,0,
2166159,3080266,6930802661622123,,69,0,
2166159,3033557,7030335571622123,,70,0,
2166159,3033558,7030335581622123,,70,0,
2166159,3033559,7030335591622123,,70,0,
2166159,13061960,7030619601622123,,70,0,
2166159,3080264,7030802641622123,,70,0,
2166159,3080265,7030802651622123,,70,0,
2166159,3080266,7030802661622123,,70,0,
2166159,3033557,7130335571622123,,71,0,
2166159,3033558,7130335581622123,,71,0,
2166159,3033559,7130335591622123,,71,0,
2166159,3080264,7130802641622123,,71,0,
2166159,3080265,7130802651622123,,71,0,
2166159,3080266,7130802661622123,,71,0,
2166159,3033557,7230335571622123,,72,0,
2166159,3033558,7230335581622123,,72,0,
2166159,3033559,7230335591622123,,72,0,
2166159,3080264,7230802641622123,,72,0,
2166159,3080265,7230802651622123,,72,0,
2166159,3080266,7230802661622123,,72,0,
2166159,3033557,730335571622123,,7,0,
2166159,3033558,730335581622123,,7,0,
2166159,3033559,730335591622123,,7,0,
2166159,3061960,730619601622123,,7,0,
2166159,3061962,730619621622123,,7,0,
2166159,3061963,730619631622123,,7,0,
2166159,3080263,730802631622123,,7,0,
2166159,3080264,730802641622123,,7,0,
2166159,3080265,730802651622123,,7,0,
2166159,3080266,730802661622123,,7,0,
2166159,3033557,7330335571622123,,73,0,
2166159,3033558,7330335581622123,,73,0,
2166159,3033559,7330335591622123,,73,0,
2166159,3080264,7330802641622123,,73,0,
2166159,3080265,7330802651622123,,73,0,
2166159,3080266,7330802661622123,,73,0,
2166159,3033557,7430335571622123,,74,0,
2166159,3033558,7430335581622123,,74,0,
2166159,3033559,7430335591622123,,74,0,
2166159,3080264,7430802641622123,,74,0,
2166159,3080265,7430802651622123,,74,0,
2166159,3080266,7430802661622123,,74,0,
2166159,3033557,7530335571622123,,75,0,
2166159,3033558,7530335581622123,,75,0,
2166159,3033559,7530335591622123,,75,0,
2166159,3080264,7530802641622123,,75,0,
2166159,3080265,7530802651622123,,75,0,
2166159,3080266,7530802661622123,,75,0,
2166159,3033557,7630335571622123,,76,0,
2166159,3033558,7630335581622123,,76,0,
2166159,3033559,7630335591622123,,76,0,
2166159,3080264,7630802641622123,,76,0,
2166159,3080265,7630802651622123,,76,0,
2166159,3080266,7630802661622123,,76,0,
2166159,3033557,7730335571622123,,77,0,
2166159,3033558,7730335581622123,,77,0,
2166159,3033559,7730335591622123,,77,0,
2166159,3080264,7730802641622123,,77,0,
2166159,3080265,7730802651622123,,77,0,
2166159,3080266,7730802661622123,,77,0,
2166159,3033557,7830335571622123,,78,0,
2166159,3033558,7830335581622123,,78,0,
2166159,3033559,7830335591622123,,78,0,
2166159,3080264,7830802641622123,,78,0,
2166159,3080265,7830802651622123,,78,0,
2166159,3080266,7830802661622123,,78,0,
2166159,3033557,7930335571622123,,79,0,
2166159,3033558,7930335581622123,,79,0,
2166159,3033559,7930335591622123,,79,0,
2166159,3080264,7930802641622123,,79,0,
2166159,3080265,7930802651622123,,79,0,
2166159,3080266,7930802661622123,,79,0,
2166159,3033557,8030335571622123,,80,0,
2166159,3033558,8030335581622123,,80,0,
2166159,3033559,8030335591622123,,80,0,
2166159,3080264,8030802641622123,,80,0,
2166159,3080265,8030802651622123,,80,0,
2166159,3080266,8030802661622123,,80,0,
2166159,3033557,8130335571622123,,81,0,
2166159,3033558,8130335581622123,,81,0,
2166159,3033559,8130335591622123,,81,0,
2166159,3080264,8130802641622123,,81,0,
2166159,3080265,8130802651622123,,81,0,
2166159,3080266,8130802661622123,,81,0,
2166159,3033557,8230335571622123,,82,0,
2166159,3033558,8230335581622123,,82,0,
2166159,3033559,8230335591622123,,82,0,
2166159,3080264,8230802641622123,,82,0,
2166159,3080265,8230802651622123,,82,0,
2166159,3080266,8230802661622123,,82,0,
2166159,3033557,830335571622123,,8,0,
2166159,3033558,830335581622123,,8,0,
2166159,3033559,830335591622123,,8,0,
2166159,3061960,830619601622123,,8,0,
2166159,3061962,830619621622123,,8,0,
2166159,3061963,830619631622123,,8,0,
2166159,3080263,830802631622123,,8,0,
2166159,3080264,830802641622123,,8,0,
2166159,3080265,830802651622123,,8,0,
2166159,3080266,830802661622123,,8,0,
2166159,3033557,8330335571622123,,83,0,
2166159,3033558,8330335581622123,,83,0,
2166159,3033559,8330335591622123,,83,0,
2166159,3080264,8330802641622123,,83,0,
2166159,3080265,8330802651622123,,83,0,
2166159,3080266,8330802661622123,,83,0,
2166159,3033557,8430335571622123,,84,0,
2166159,3033558,8430335581622123,,84,0,
2166159,3033559,8430335591622123,,84,0,
2166159,3080264,8430802641622123,,84,0,
2166159,3080265,8430802651622123,,84,0,
2166159,3080266,8430802661622123,,84,0,
2166159,3033557,8530335571622123,,85,0,
2166159,13033558,8530335581622123,,85,0,
2166159,3033559,8530335591622123,,85,0,
2166159,3080264,8530802641622123,,85,0,
2166159,3080265,8530802651622123,,85,0,
2166159,3080266,8530802661622123,,85,0,
2166159,3033557,8630335571622123,,86,0,
2166159,13033558,8630335581622123,,86,0,
2166159,3033559,8630335591622123,,86,0,
2166159,3080264,8630802641622123,,86,0,
2166159,3080265,8630802651622123,,86,0,
2166159,3080266,8630802661622123,,86,0,
2166159,3033557,8730335571622123,,87,0,
2166159,13033558,8730335581622123,,87,0,
2166159,3033559,8730335591622123,,87,0,
2166159,3080264,8730802641622123,,87,0,
2166159,3080265,8730802651622123,,87,0,
2166159,3080266,8730802661622123,,87,0,
2166159,3033557,8830335571622123,,88,0,
2166159,13033558,8830335581622123,,88,0,
2166159,3033559,8830335591622123,,88,0,
2166159,3080264,8830802641622123,,88,0,
2166159,3080265,8830802651622123,,88,0,
2166159,3080266,8830802661622123,,88,0,
2166159,3033557,8930335571622123,,89,0,
2166159,13033558,8930335581622123,,89,0,
2166159,3033559,8930335591622123,,89,0,
2166159,3080264,8930802641622123,,89,0,
2166159,3080265,8930802651622123,,89,0,
2166159,3080266,8930802661622123,,89,0,
2166159,3033557,9030335571622123,,90,0,
2166159,13033558,9030335581622123,,90,0,
2166159,3033559,9030335591622123,,90,0,
2166159,3080264,9030802641622123,,90,0,
2166159,3080265,9030802651622123,,90,0,
2166159,3080266,9030802661622123,,90,0,
2166159,3033557,9130335571622123,,91,0,
2166159,13033558,9130335581622123,,91,0,
2166159,3033559,9130335591622123,,91,0,
2166159,3080264,9130802641622123,,91,0,
2166159,3080265,9130802651622123,,91,0,
2166159,3080266,9130802661622123,,91,0,
2166159,3033557,9230335571622123,,92,0,
2166159,3033559,9230335591622123,,92,0,
2166159,3080264,9230802641622123,,92,0,
2166159,3080265,9230802651622123,,92,0,
2166159,3080266,9230802661622123,,92,0,
2166159,3033557,930335571622123,,9,0,
2166159,3033558,930335581622123,,9,0,
2166159,3033559,930335591622123,,9,0,
2166159,3061960,930619601622123,,9,0,
2166159,3061962,930619621622123,,9,0,
2166159,3061963,930619631622123,,9,0,
2166159,3080263,930802631622123,,9,0,
2166159,3080264,930802641622123,,9,0,
2166159,3080265,930802651622123,,9,0,
2166159,3080266,930802661622123,,9,0,
2166159,3033557,9330335571622123,,93,0,
2166159,3033559,9330335591622123,,93,0,
2166159,3080264,9330802641622123,,93,0,
2166159,3080265,9330802651622123,,93,0,
2166159,3080266,9330802661622123,,93,0,
2166159,3033557,9430335571622123,,94,0,
2166159,3033559,9430335591622123,,94,0,
2166159,3080264,9430802641622123,,94,0,
2166159,3080265,9430802651622123,,94,0,
2166159,13080266,9430802661622123,,94,0,
2166159,3033557,9530335571622123,,95,0,
2166159,3033559,9530335591622123,,95,0,
2166159,3080264,9530802641622123,,95,0,
2166159,3080265,9530802651622123,,95,0,
2166159,13080266,9530802661622123,,95,0,
2166159,3033557,9630335571622123,,96,0,
2166159,3033559,9630335591622123,,96,0,
2166159,3080264,9630802641622123,,96,0,
2166159,3080265,9630802651622123,,96,0,
2166159,13080266,9630802661622123,,96,0,
2166159,3033557,9730335571622123,,97,0,
2166159,3033559,9730335591622123,,97,0,
2166159,3080264,9730802641622123,,97,0,
2166159,3080265,9730802651622123,,97,0,
2166159,13080266,9730802661622123,,97,0,
2166159,3033557,9830335571622123,,98,0,
2166159,3033559,9830335591622123,,98,0,
2166159,3080264,9830802641622123,,98,0,
2166159,3080265,9830802651622123,,98,0,
2166159,13080266,9830802661622123,,98,0,
2166159,3033557,9930335571622123,,99,0,
2166159,3033559,9930335591622123,,99,0,
2166159,3080264,9930802641622123,,99,0,
2166159,3080265,9930802651622123,,99,0,
2166159,13080266,9930802661622123,,99,0,
2166159,3033557,130335571622126,,1,0,
2166159,3033558,130335581622126,,1,0,
2166159,3033559,130335591622126,,1,0,
2166159,3080264,130802641622126,,1,0,
2166159,3080265,130802651622126,,1,0,
2166159,3080266,130802661622126,,1,0,
2166159,3033557,230335571622126,,2,0,
2166159,3033558,230335581622126,,2,0,
2166159,3033559,230335591622126,,2,0,
2166159,3080264,230802641622126,,2,0,
2166159,3080265,230802651622126,,2,0,
2166159,3080266,230802661622126,,2,0,
2166159,3080264,330802641622126,,3,0,
2166159,3080265,330802651622126,,3,0,
2166159,3080264,430802641622126,,4,0,
2166159,3080265,430802651622126,,4,0,
2166159,3080264,530802641622126,,5,0,
2166159,3080265,530802651622126,,5,0,
2166159,3080264,630802641622126,,6,0,
2166159,3080265,630802651622126,,6,0,
2166160,3033557,10030335571622125,,100,1,
2166160,3033559,10030335591622125,,100,1,
2166160,3080264,10030802641622125,,100,1,
2166160,3080265,10030802651622125,,100,1,
2166160,3033557,10130335571622125,,101,1,
2166160,3033559,10130335591622125,,101,1,
2166160,3080264,10130802641622125,,101,1,
2166160,3080265,10130802651622125,,101,1,
2166160,3033557,10230335571622125,,102,1,
2166160,3033559,10230335591622125,,102,1,
2166160,3080264,10230802641622125,,102,1,
2166160,3080265,10230802651622125,,102,1,
2166160,3033557,1030335571622125,,10,1,
2166160,3033558,1030335581622125,,10,1,
2166160,3033559,1030335591622125,,10,1,
2166160,3061960,1030619601622125,,10,1,
2166160,3061962,1030619621622125,,10,1,
2166160,3061963,1030619631622125,,10,1,
2166160,3080263,1030802631622125,,10,1,
2166160,3080264,1030802641622125,,10,1,
2166160,3080265,1030802651622125,,10,1,
2166160,3080266,1030802661622125,,10,1,
2166160,3033557,10330335571622125,,103,1,
2166160,3033559,10330335591622125,,103,1,
2166160,3080264,10330802641622125,,103,1,
2166160,3080265,10330802651622125,,103,1,
2166160,3033557,10430335571622125,,104,1,
2166160,3033559,10430335591622125,,104,1,
2166160,3080264,10430802641622125,,104,1,
2166160,3080265,10430802651622125,,104,1,
2166160,3033557,10530335571622125,,105,1,
2166160,3033559,10530335591622125,,105,1,
2166160,3080264,10530802641622125,,105,1,
2166160,3080265,10530802651622125,,105,1,
2166160,3033557,10630335571622125,,106,1,
2166160,3033559,10630335591622125,,106,1,
2166160,3080264,10630802641622125,,106,1,
2166160,3080265,10630802651622125,,106,1,
2166160,3033557,10730335571622125,,107,1,
2166160,3033559,10730335591622125,,107,1,
2166160,3080264,10730802641622125,,107,1,
2166160,3080265,10730802651622125,,107,1,
2166160,3033557,10830335571622125,,108,1,
2166160,3033559,10830335591622125,,108,1,
2166160,3080264,10830802641622125,,108,1,
2166160,3080265,10830802651622125,,108,1,
2166160,3033557,10930335571622125,,109,1,
2166160,3033559,10930335591622125,,109,1,
2166160,3080264,10930802641622125,,109,1,
2166160,3080265,10930802651622125,,109,1,
2166160,3033557,11030335571622125,,110,1,
2166160,3033559,11030335591622125,,110,1,
2166160,3080264,11030802641622125,,110,1,
2166160,3080265,11030802651622125,,110,1,
2166160,3033557,11130335571622125,,111,1,
2166160,3033559,11130335591622125,,111,1,
2166160,3080264,11130802641622125,,111,1,
2166160,3080265,11130802651622125,,111,1,
2166160,3033557,11230335571622125,,112,1,
2166160,3033559,11230335591622125,,112,1,
2166160,3080264,11230802641622125,,112,1,
2166160,3080265,11230802651622125,,112,1,
2166160,3033557,1130335571622125,,11,1,
2166160,3033558,1130335581622125,,11,1,
2166160,3033559,1130335591622125,,11,1,
2166160,3061960,1130619601622125,,11,1,
2166160,3061962,1130619621622125,,11,1,
2166160,3061963,1130619631622125,,11,1,
2166160,3080263,1130802631622125,,11,1,
2166160,3080264,1130802641622125,,11,1,
2166160,3080265,1130802651622125,,11,1,
2166160,3080266,1130802661622125,,11,1,
2166160,3033557,11330335571622125,,113,1,
2166160,3033559,11330335591622125,,113,1,
2166160,3080264,11330802641622125,,113,1,
2166160,3080265,11330802651622125,,113,1,
2166160,3033557,11430335571622125,,114,1,
2166160,3033559,11430335591622125,,114,1,
2166160,3080264,11430802641622125,,114,1,
2166160,3080265,11430802651622125,,114,1,
2166160,3033557,11530335571622125,,115,1,
2166160,3033559,11530335591622125,,115,1,
2166160,3080264,11530802641622125,,115,1,
2166160,3080265,11530802651622125,,115,1,
2166160,3033557,11630335571622125,,116,1,
2166160,3033559,11630335591622125,,116,1,
2166160,3080264,11630802641622125,,116,1,
2166160,3080265,11630802651622125,,116,1,
2166160,3033557,11730335571622125,,117,1,
2166160,3033559,11730335591622125,,117,1,
2166160,3080264,11730802641622125,,117,1,
2166160,3080265,11730802651622125,,117,1,
2166160,13033557,11830335571622125,,118,1,
2166160,13033559,11830335591622125,,118,1,
2166160,3080264,11830802641622125,,118,1,
2166160,3080265,11830802651622125,,118,1,
2166160,13033557,11930335571622125,,119,1,
2166160,13033559,11930335591622125,,119,1,
2166160,13080264,11930802641622125,,119,1,
2166160,13080265,11930802651622125,,119,1,
2166160,13033557,12030335571622125,,120,1,
2166160,13033559,12030335591622125,,120,1,
2166160,13080264,12030802641622125,,120,1,
2166160,13080265,12030802651622125,,120,1,
2166160,13033559,12130335591622125,,121,1,
2166160,13080264,12130802641622125,,121,1,
2166160,13080265,12130802651622125,,121,1,
2166160,13033559,12230335591622125,,122,1,
2166160,13080265,12230802651622125,,122,1,
2166160,3033557,1230335571622125,,12,1,
2166160,3033558,1230335581622125,,12,1,
2166160,3033559,1230335591622125,,12,1,
2166160,3061960,1230619601622125,,12,1,
2166160,3061962,1230619621622125,,12,1,
2166160,3061963,1230619631622125,,12,1,
2166160,3080263,1230802631622125,,12,1,
2166160,3080264,1230802641622125,,12,1,
2166160,3080265,1230802651622125,,12,1,
2166160,3080266,1230802661622125,,12,1,
2166160,13033559,12330335591622125,,123,1,
2166160,13080265,12330802651622125,,123,1,
2166160,13080265,12430802651622125,,124,1,
2166160,3033557,130335571622125,,1,1,
2166160,3033558,130335581622125,,1,1,
2166160,3033559,130335591622125,,1,1,
2166160,3061960,130619601622125,,1,1,
2166160,3061962,130619621622125,,1,1,
2166160,3061963,130619631622125,,1,1,
2166160,3080263,130802631622125,,1,1,
2166160,3080264,130802641622125,,1,1,
2166160,3080265,130802651622125,,1,1,
2166160,3080266,130802661622125,,1,1,
2166160,3033557,1330335571622125,,13,1,
2166160,3033558,1330335581622125,,13,1,
2166160,3033559,1330335591622125,,13,1,
2166160,3061960,1330619601622125,,13,1,
2166160,3061962,1330619621622125,,13,1,
2166160,3061963,1330619631622125,,13,1,
2166160,3080263,1330802631622125,,13,1,
2166160,3080264,1330802641622125,,13,1,
2166160,3080265,1330802651622125,,13,1,
2166160,3080266,1330802661622125,,13,1,
2166160,3033557,1430335571622125,,14,1,
2166160,3033558,1430335581622125,,14,1,
2166160,3033559,1430335591622125,,14,1,
2166160,3061960,1430619601622125,,14,1,
2166160,3061962,1430619621622125,,14,1,
2166160,3061963,1430619631622125,,14,1,
2166160,3080263,1430802631622125,,14,1,
2166160,3080264,1430802641622125,,14,1,
2166160,3080265,1430802651622125,,14,1,
2166160,3080266,1430802661622125,,14,1,
2166160,3033557,1530335571622125,,15,1,
2166160,3033558,1530335581622125,,15,1,
2166160,3033559,1530335591622125,,15,1,
2166160,3061960,1530619601622125,,15,1,
2166160,3061962,1530619621622125,,15,1,
2166160,3061963,1530619631622125,,15,1,
2166160,3080263,1530802631622125,,15,1,
2166160,3080264,1530802641622125,,15,1,
2166160,3080265,1530802651622125,,15,1,
2166160,3080266,1530802661622125,,15,1,
2166160,3033557,1630335571622125,,16,1,
2166160,3033558,1630335581622125,,16,1,
2166160,3033559,1630335591622125,,16,1,
2166160,3061960,1630619601622125,,16,1,
2166160,3061962,1630619621622125,,16,1,
2166160,3061963,1630619631622125,,16,1,
2166160,3080263,1630802631622125,,16,1,
2166160,3080264,1630802641622125,,16,1,
2166160,3080265,1630802651622125,,16,1,
2166160,3080266,1630802661622125,,16,1,
2166160,3033557,1730335571622125,,17,1,
2166160,3033558,1730335581622125,,17,1,
2166160,3033559,1730335591622125,,17,1,
2166160,3061960,1730619601622125,,17,1,
2166160,3061962,1730619621622125,,17,1,
2166160,3061963,1730619631622125,,17,1,
2166160,3080263,1730802631622125,,17,1,
2166160,3080264,1730802641622125,,17,1,
2166160,3080265,1730802651622125,,17,1,
2166160,3080266,1730802661622125,,17,1,
2166160,3033557,1830335571622125,,18,1,
2166160,3033558,1830335581622125,,18,1,
2166160,3033559,1830335591622125,,18,1,
2166160,3061960,1830619601622125,,18,1,
2166160,3061962,1830619621622125,,18,1,
2166160,3061963,1830619631622125,,18,1,
2166160,3080263,1830802631622125,,18,1,
2166160,3080264,1830802641622125,,18,1,
2166160,3080265,1830802651622125,,18,1,
2166160,3080266,1830802661622125,,18,1,
2166160,3033557,1930335571622125,,19,1,
2166160,3033558,1930335581622125,,19,1,
2166160,3033559,1930335591622125,,19,1,
2166160,3061960,1930619601622125,,19,1,
2166160,3061962,1930619621622125,,19,1,
2166160,3061963,1930619631622125,,19,1,
2166160,3080263,1930802631622125,,19,1,
2166160,3080264,1930802641622125,,19,1,
2166160,3080265,1930802651622125,,19,1,
2166160,3080266,1930802661622125,,19,1,
2166160,3033557,2030335571622125,,20,1,
2166160,3033558,2030335581622125,,20,1,
2166160,3033559,2030335591622125,,20,1,
2166160,3061960,2030619601622125,,20,1,
2166160,3061962,2030619621622125,,20,1,
2166160,3061963,2030619631622125,,20,1,
2166160,3080263,2030802631622125,,20,1,
2166160,3080264,2030802641622125,,20,1,
2166160,3080265,2030802651622125,,20,1,
2166160,3080266,2030802661622125,,20,1,
2166160,3033557,2130335571622125,,21,1,
2166160,3033558,2130335581622125,,21,1,
2166160,3033559,2130335591622125,,21,1,
2166160,3061960,2130619601622125,,21,1,
2166160,3061962,2130619621622125,,21,1,
2166160,3061963,2130619631622125,,21,1,
2166160,3080263,2130802631622125,,21,1,
2166160,3080264,2130802641622125,,21,1,
2166160,3080265,2130802651622125,,21,1,
2166160,3080266,2130802661622125,,21,1,
2166160,3033557,2230335571622125,,22,1,
2166160,3033558,2230335581622125,,22,1,
2166160,3033559,2230335591622125,,22,1,
2166160,3061960,2230619601622125,,22,1,
2166160,3061962,2230619621622125,,22,1,
2166160,3061963,2230619631622125,,22,1,
2166160,3080263,2230802631622125,,22,1,
2166160,3080264,2230802641622125,,22,1,
2166160,3080265,2230802651622125,,22,1,
2166160,3080266,2230802661622125,,22,1,
2166160,3033557,230335571622125,,2,1,
2166160,3033558,230335581622125,,2,1,
2166160,3033559,230335591622125,,2,1,
2166160,3061960,230619601622125,,2,1,
2166160,3061962,230619621622125,,2,1,
2166160,3061963,230619631622125,,2,1,
2166160,3080263,230802631622125,,2,1,
2166160,3080264,230802641622125,,2,1,
2166160,3080265,230802651622125,,2,1,
2166160,3080266,230802661622125,,2,1,
2166160,3033557,2330335571622125,,23,1,
2166160,3033558,2330335581622125,,23,1,
2166160,3033559,2330335591622125,,23,1,
2166160,3061960,2330619601622125,,23,1,
2166160,3061962,2330619621622125,,23,1,
2166160,3061963,2330619631622125,,23,1,
2166160,3080263,2330802631622125,,23,1,
2166160,3080264,2330802641622125,,23,1,
2166160,3080265,2330802651622125,,23,1,
2166160,3080266,2330802661622125,,23,1,
2166160,3033557,2430335571622125,,24,1,
2166160,3033558,2430335581622125,,24,1,
2166160,3033559,2430335591622125,,24,1,
2166160,3061960,2430619601622125,,24,1,
2166160,3061962,2430619621622125,,24,1,
2166160,3061963,2430619631622125,,24,1,
2166160,3080263,2430802631622125,,24,1,
2166160,3080264,2430802641622125,,24,1,
2166160,3080265,2430802651622125,,24,1,
2166160,3080266,2430802661622125,,24,1,
2166160,3033557,2530335571622125,,25,1,
2166160,3033558,2530335581622125,,25,1,
2166160,3033559,2530335591622125,,25,1,
2166160,3061960,2530619601622125,,25,1,
2166160,3061962,2530619621622125,,25,1,
2166160,3061963,2530619631622125,,25,1,
2166160,3080263,2530802631622125,,25,1,
2166160,3080264,2530802641622125,,25,1,
2166160,3080265,2530802651622125,,25,1,
2166160,3080266,2530802661622125,,25,1,
2166160,3033557,2630335571622125,,26,1,
2166160,3033558,2630335581622125,,26,1,
2166160,3033559,2630335591622125,,26,1,
2166160,3061960,2630619601622125,,26,1,
2166160,3061962,2630619621622125,,26,1,
2166160,3061963,2630619631622125,,26,1,
2166160,3080263,2630802631622125,,26,1,
2166160,3080264,2630802641622125,,26,1,
2166160,3080265,2630802651622125,,26,1,
2166160,3080266,2630802661622125,,26,1,
2166160,3033557,2730335571622125,,27,1,
2166160,3033558,2730335581622125,,27,1,
2166160,3033559,2730335591622125,,27,1,
2166160,3061960,2730619601622125,,27,1,
2166160,3061962,2730619621622125,,27,1,
2166160,3061963,2730619631622125,,27,1,
2166160,3080263,2730802631622125,,27,1,
2166160,3080264,2730802641622125,,27,1,
2166160,3080265,2730802651622125,,27,1,
2166160,3080266,2730802661622125,,27,1,
2166160,3033557,2830335571622125,,28,1,
2166160,3033558,2830335581622125,,28,1,
2166160,3033559,2830335591622125,,28,1,
2166160,3061960,2830619601622125,,28,1,
2166160,3061962,2830619621622125,,28,1,
2166160,3061963,2830619631622125,,28,1,
2166160,3080263,2830802631622125,,28,1,
2166160,3080264,2830802641622125,,28,1,
2166160,3080265,2830802651622125,,28,1,
2166160,3080266,2830802661622125,,28,1,
2166160,3033557,2930335571622125,,29,1,
2166160,3033558,2930335581622125,,29,1,
2166160,3033559,2930335591622125,,29,1,
2166160,3061960,2930619601622125,,29,1,
2166160,3061962,2930619621622125,,29,1,
2166160,3061963,2930619631622125,,29,1,
2166160,3080263,2930802631622125,,29,1,
2166160,3080264,2930802641622125,,29,1,
2166160,3080265,2930802651622125,,29,1,
2166160,3080266,2930802661622125,,29,1,
2166160,3033557,3030335571622125,,30,1,
2166160,3033558,3030335581622125,,30,1,
2166160,3033559,3030335591622125,,30,1,
2166160,3061960,3030619601622125,,30,1,
2166160,3061962,3030619621622125,,30,1,
2166160,3061963,3030619631622125,,30,1,
2166160,3080263,3030802631622125,,30,1,
2166160,3080264,3030802641622125,,30,1,
2166160,3080265,3030802651622125,,30,1,
2166160,3080266,3030802661622125,,30,1,
2166160,3033557,3130335571622125,,31,1,
2166160,3033558,3130335581622125,,31,1,
2166160,3033559,3130335591622125,,31,1,
2166160,3061960,3130619601622125,,31,1,
2166160,3061962,3130619621622125,,31,1,
2166160,3061963,3130619631622125,,31,1,
2166160,3080263,3130802631622125,,31,1,
2166160,3080264,3130802641622125,,31,1,
2166160,3080265,3130802651622125,,31,1,
2166160,3080266,3130802661622125,,31,1,
2166160,3033557,3230335571622125,,32,1,
2166160,3033558,3230335581622125,,32,1,
2166160,3033559,3230335591622125,,32,1,
2166160,3061960,3230619601622125,,32,1,
2166160,3061962,3230619621622125,,32,1,
2166160,3061963,3230619631622125,,32,1,
2166160,3080263,3230802631622125,,32,1,
2166160,3080264,3230802641622125,,32,1,
2166160,3080265,3230802651622125,,32,1,
2166160,3080266,3230802661622125,,32,1,
2166160,3033557,330335571622125,,3,1,
2166160,3033558,330335581622125,,3,1,
2166160,3033559,330335591622125,,3,1,
2166160,3061960,330619601622125,,3,1,
2166160,3061962,330619621622125,,3,1,
2166160,3061963,330619631622125,,3,1,
2166160,3080263,330802631622125,,3,1,
2166160,3080264,330802641622125,,3,1,
2166160,3080265,330802651622125,,3,1,
2166160,3080266,330802661622125,,3,1,
2166160,3033557,3330335571622125,,33,1,
2166160,3033558,3330335581622125,,33,1,
2166160,3033559,3330335591622125,,33,1,
2166160,3061960,3330619601622125,,33,1,
2166160,3061962,3330619621622125,,33,1,
2166160,3061963,3330619631622125,,33,1,
2166160,3080263,3330802631622125,,33,1,
2166160,3080264,3330802641622125,,33,1,
2166160,3080265,3330802651622125,,33,1,
2166160,3080266,3330802661622125,,33,1,
2166160,3033557,3430335571622125,,34,1,
2166160,3033558,3430335581622125,,34,1,
2166160,3033559,3430335591622125,,34,1,
2166160,3061960,3430619601622125,,34,1,
2166160,3061962,3430619621622125,,34,1,
2166160,3061963,3430619631622125,,34,1,
2166160,3080263,3430802631622125,,34,1,
2166160,3080264,3430802641622125,,34,1,
2166160,3080265,3430802651622125,,34,1,
2166160,3080266,3430802661622125,,34,1,
2166160,3033557,3530335571622125,,35,1,
2166160,3033558,3530335581622125,,35,1,
2166160,3033559,3530335591622125,,35,1,
2166160,3061960,3530619601622125,,35,1,
2166160,3061962,3530619621622125,,35,1,
2166160,3061963,3530619631622125,,35,1,
2166160,3080263,3530802631622125,,35,1,
2166160,3080264,3530802641622125,,35,1,
2166160,3080265,3530802651622125,,35,1,
2166160,3080266,3530802661622125,,35,1,
2166160,3033557,3630335571622125,,36,1,
2166160,3033558,3630335581622125,,36,1,
2166160,3033559,3630335591622125,,36,1,
2166160,3061960,3630619601622125,,36,1,
2166160,3061962,3630619621622125,,36,1,
2166160,3061963,3630619631622125,,36,1,
2166160,3080263,3630802631622125,,36,1,
2166160,3080264,3630802641622125,,36,1,
2166160,3080265,3630802651622125,,36,1,
2166160,3080266,3630802661622125,,36,1,
2166160,3033557,3730335571622125,,37,1,
2166160,3033558,3730335581622125,,37,1,
2166160,3033559,3730335591622125,,37,1,
2166160,3061960,3730619601622125,,37,1,
2166160,3061962,3730619621622125,,37,1,
2166160,3061963,3730619631622125,,37,1,
2166160,3080263,3730802631622125,,37,1,
2166160,3080264,3730802641622125,,37,1,
2166160,3080265,3730802651622125,,37,1,
2166160,3080266,3730802661622125,,37,1,
2166160,3033557,3830335571622125,,38,1,
2166160,3033558,3830335581622125,,38,1,
2166160,3033559,3830335591622125,,38,1,
2166160,3061960,3830619601622125,,38,1,
2166160,3061962,3830619621622125,,38,1,
2166160,3061963,3830619631622125,,38,1,
2166160,3080263,3830802631622125,,38,1,
2166160,3080264,3830802641622125,,38,1,
2166160,3080265,3830802651622125,,38,1,
2166160,3080266,3830802661622125,,38,1,
2166160,3033557,3930335571622125,,39,1,
2166160,3033558,3930335581622125,,39,1,
2166160,3033559,3930335591622125,,39,1,
2166160,3061960,3930619601622125,,39,1,
2166160,3061962,3930619621622125,,39,1,
2166160,3061963,3930619631622125,,39,1,
2166160,3080263,3930802631622125,,39,1,
2166160,3080264,3930802641622125,,39,1,
2166160,3080265,3930802651622125,,39,1,
2166160,3080266,3930802661622125,,39,1,
2166160,3033557,4030335571622125,,40,1,
2166160,3033558,4030335581622125,,40,1,
2166160,3033559,4030335591622125,,40,1,
2166160,3061960,4030619601622125,,40,1,
2166160,3061962,4030619621622125,,40,1,
2166160,3061963,4030619631622125,,40,1,
2166160,3080263,4030802631622125,,40,1,
2166160,3080264,4030802641622125,,40,1,
2166160,3080265,4030802651622125,,40,1,
2166160,3080266,4030802661622125,,40,1,
2166160,3033557,4130335571622125,,41,1,
2166160,3033558,4130335581622125,,41,1,
2166160,3033559,4130335591622125,,41,1,
2166160,3061960,4130619601622125,,41,1,
2166160,3061962,4130619621622125,,41,1,
2166160,3061963,4130619631622125,,41,1,
2166160,3080263,4130802631622125,,41,1,
2166160,3080264,4130802641622125,,41,1,
2166160,3080265,4130802651622125,,41,1,
2166160,3080266,4130802661622125,,41,1,
2166160,3033557,4230335571622125,,42,1,
2166160,3033558,4230335581622125,,42,1,
2166160,3033559,4230335591622125,,42,1,
2166160,3061960,4230619601622125,,42,1,
2166160,3061962,4230619621622125,,42,1,
2166160,3061963,4230619631622125,,42,1,
2166160,3080263,4230802631622125,,42,1,
2166160,3080264,4230802641622125,,42,1,
2166160,3080265,4230802651622125,,42,1,
2166160,3080266,4230802661622125,,42,1,
2166160,3033557,430335571622125,,4,1,
2166160,3033558,430335581622125,,4,1,
2166160,3033559,430335591622125,,4,1,
2166160,3061960,430619601622125,,4,1,
2166160,3061962,430619621622125,,4,1,
2166160,3061963,430619631622125,,4,1,
2166160,3080263,430802631622125,,4,1,
2166160,3080264,430802641622125,,4,1,
2166160,3080265,430802651622125,,4,1,
2166160,3080266,430802661622125,,4,1,
2166160,3033557,4330335571622125,,43,1,
2166160,3033558,4330335581622125,,43,1,
2166160,3033559,4330335591622125,,43,1,
2166160,3061960,4330619601622125,,43,1,
2166160,3061962,4330619621622125,,43,1,
2166160,3061963,4330619631622125,,43,1,
2166160,3080263,4330802631622125,,43,1,
2166160,3080264,4330802641622125,,43,1,
2166160,3080265,4330802651622125,,43,1,
2166160,3080266,4330802661622125,,43,1,
2166160,3033557,4430335571622125,,44,1,
2166160,3033558,4430335581622125,,44,1,
2166160,3033559,4430335591622125,,44,1,
2166160,3061960,4430619601622125,,44,1,
2166160,3061962,4430619621622125,,44,1,
2166160,3061963,4430619631622125,,44,1,
2166160,3080263,4430802631622125,,44,1,
2166160,3080264,4430802641622125,,44,1,
2166160,3080265,4430802651622125,,44,1,
2166160,3080266,4430802661622125,,44,1,
2166160,3033557,4530335571622125,,45,1,
2166160,3033558,4530335581622125,,45,1,
2166160,3033559,4530335591622125,,45,1,
2166160,3061960,4530619601622125,,45,1,
2166160,3061962,4530619621622125,,45,1,
2166160,3061963,4530619631622125,,45,1,
2166160,3080263,4530802631622125,,45,1,
2166160,3080264,4530802641622125,,45,1,
2166160,3080265,4530802651622125,,45,1,
2166160,3080266,4530802661622125,,45,1,
2166160,3033557,4630335571622125,,46,1,
2166160,3033558,4630335581622125,,46,1,
2166160,3033559,4630335591622125,,46,1,
2166160,3061960,4630619601622125,,46,1,
2166160,3061962,4630619621622125,,46,1,
2166160,3061963,4630619631622125,,46,1,
2166160,3080263,4630802631622125,,46,1,
2166160,3080264,4630802641622125,,46,1,
2166160,3080265,4630802651622125,,46,1,
2166160,3080266,4630802661622125,,46,1,
2166160,3033557,4730335571622125,,47,1,
2166160,3033558,4730335581622125,,47,1,
2166160,3033559,4730335591622125,,47,1,
2166160,3061960,4730619601622125,,47,1,
2166160,3061962,4730619621622125,,47,1,
2166160,3061963,4730619631622125,,47,1,
2166160,3080263,4730802631622125,,47,1,
2166160,3080264,4730802641622125,,47,1,
2166160,3080265,4730802651622125,,47,1,
2166160,3080266,4730802661622125,,47,1,
2166160,3033557,4830335571622125,,48,1,
2166160,3033558,4830335581622125,,48,1,
2166160,3033559,4830335591622125,,48,1,
2166160,3061960,4830619601622125,,48,1,
2166160,3061962,4830619621622125,,48,1,
2166160,3061963,4830619631622125,,48,1,
2166160,3080263,4830802631622125,,48,1,
2166160,3080264,4830802641622125,,48,1,
2166160,3080265,4830802651622125,,48,1,
2166160,3080266,4830802661622125,,48,1,
2166160,3033557,4930335571622125,,49,1,
2166160,3033558,4930335581622125,,49,1,
2166160,3033559,4930335591622125,,49,1,
2166160,3061960,4930619601622125,,49,1,
2166160,3061962,4930619621622125,,49,1,
2166160,3061963,4930619631622125,,49,1,
2166160,3080263,4930802631622125,,49,1,
2166160,3080264,4930802641622125,,49,1,
2166160,3080265,4930802651622125,,49,1,
2166160,3080266,4930802661622125,,49,1,
2166160,3033557,5030335571622125,,50,1,
2166160,3033558,5030335581622125,,50,1,
2166160,3033559,5030335591622125,,50,1,
2166160,3061960,5030619601622125,,50,1,
2166160,3061962,5030619621622125,,50,1,
2166160,3061963,5030619631622125,,50,1,
2166160,3080263,5030802631622125,,50,1,
2166160,3080264,5030802641622125,,50,1,
2166160,3080265,5030802651622125,,50,1,
2166160,3080266,5030802661622125,,50,1,
2166160,3033557,5130335571622125,,51,1,
2166160,3033558,5130335581622125,,51,1,
2166160,3033559,5130335591622125,,51,1,
2166160,3061960,5130619601622125,,51,1,
2166160,3061962,5130619621622125,,51,1,
2166160,3061963,5130619631622125,,51,1,
2166160,3080263,5130802631622125,,51,1,
2166160,3080264,5130802641622125,,51,1,
2166160,3080265,5130802651622125,,51,1,
2166160,3080266,5130802661622125,,51,1,
2166160,3033557,5230335571622125,,52,1,
2166160,3033558,5230335581622125,,52,1,
2166160,3033559,5230335591622125,,52,1,
2166160,3061960,5230619601622125,,52,1,
2166160,3061962,5230619621622125,,52,1,
2166160,3061963,5230619631622125,,52,1,
2166160,3080263,5230802631622125,,52,1,
2166160,3080264,5230802641622125,,52,1,
2166160,3080265,5230802651622125,,52,1,
2166160,3080266,5230802661622125,,52,1,
2166160,3033557,530335571622125,,5,1,
2166160,3033558,530335581622125,,5,1,
2166160,3033559,530335591622125,,5,1,
2166160,3061960,530619601622125,,5,1,
2166160,3061962,530619621622125,,5,1,
2166160,3061963,530619631622125,,5,1,
2166160,3080263,530802631622125,,5,1,
2166160,3080264,530802641622125,,5,1,
2166160,3080265,530802651622125,,5,1,
2166160,3080266,530802661622125,,5,1,
2166160,3033557,5330335571622125,,53,1,
2166160,3033558,5330335581622125,,53,1,
2166160,3033559,5330335591622125,,53,1,
2166160,3061960,5330619601622125,,53,1,
2166160,3061962,5330619621622125,,53,1,
2166160,3061963,5330619631622125,,53,1,
2166160,3080263,5330802631622125,,53,1,
2166160,3080264,5330802641622125,,53,1,
2166160,3080265,5330802651622125,,53,1,
2166160,3080266,5330802661622125,,53,1,
2166160,3033557,5430335571622125,,54,1,
2166160,3033558,5430335581622125,,54,1,
2166160,3033559,5430335591622125,,54,1,
2166160,3061960,5430619601622125,,54,1,
2166160,3061962,5430619621622125,,54,1,
2166160,3061963,5430619631622125,,54,1,
2166160,3080263,5430802631622125,,54,1,
2166160,3080264,5430802641622125,,54,1,
2166160,3080265,5430802651622125,,54,1,
2166160,3080266,5430802661622125,,54,1,
2166160,3033557,5530335571622125,,55,1,
2166160,3033558,5530335581622125,,55,1,
2166160,3033559,5530335591622125,,55,1,
2166160,3061960,5530619601622125,,55,1,
2166160,3061962,5530619621622125,,55,1,
2166160,3061963,5530619631622125,,55,1,
2166160,3080263,5530802631622125,,55,1,
2166160,3080264,5530802641622125,,55,1,
2166160,3080265,5530802651622125,,55,1,
2166160,3080266,5530802661622125,,55,1,
2166160,3033557,5630335571622125,,56,1,
2166160,3033558,5630335581622125,,56,1,
2166160,3033559,5630335591622125,,56,1,
2166160,3061960,5630619601622125,,56,1,
2166160,3061962,5630619621622125,,56,1,
2166160,3061963,5630619631622125,,56,1,
2166160,3080263,5630802631622125,,56,1,
2166160,3080264,5630802641622125,,56,1,
2166160,3080265,5630802651622125,,56,1,
2166160,3080266,5630802661622125,,56,1,
2166160,3033557,5730335571622125,,57,1,
2166160,3033558,5730335581622125,,57,1,
2166160,3033559,5730335591622125,,57,1,
2166160,3061960,5730619601622125,,57,1,
2166160,3061962,5730619621622125,,57,1,
2166160,3061963,5730619631622125,,57,1,
2166160,3080263,5730802631622125,,57,1,
2166160,3080264,5730802641622125,,57,1,
2166160,3080265,5730802651622125,,57,1,
2166160,3080266,5730802661622125,,57,1,
2166160,3033557,5830335571622125,,58,1,
2166160,3033558,5830335581622125,,58,1,
2166160,3033559,5830335591622125,,58,1,
2166160,3061960,5830619601622125,,58,1,
2166160,3061962,5830619621622125,,58,1,
2166160,3061963,5830619631622125,,58,1,
2166160,3080263,5830802631622125,,58,1,
2166160,3080264,5830802641622125,,58,1,
2166160,3080265,5830802651622125,,58,1,
2166160,3080266,5830802661622125,,58,1,
2166160,3033557,5930335571622125,,59,1,
2166160,3033558,5930335581622125,,59,1,
2166160,3033559,5930335591622125,,59,1,
2166160,3061960,5930619601622125,,59,1,
2166160,3061962,5930619621622125,,59,1,
2166160,3061963,5930619631622125,,59,1,
2166160,3080263,5930802631622125,,59,1,
2166160,3080264,5930802641622125,,59,1,
2166160,3080265,5930802651622125,,59,1,
2166160,3080266,5930802661622125,,59,1,
2166160,3033557,6030335571622125,,60,1,
2166160,3033558,6030335581622125,,60,1,
2166160,3033559,6030335591622125,,60,1,
2166160,3061960,6030619601622125,,60,1,
2166160,3061962,6030619621622125,,60,1,
2166160,3061963,6030619631622125,,60,1,
2166160,3080263,6030802631622125,,60,1,
2166160,3080264,6030802641622125,,60,1,
2166160,3080265,6030802651622125,,60,1,
2166160,3080266,6030802661622125,,60,1,
2166160,3033557,6130335571622125,,61,1,
2166160,3033558,6130335581622125,,61,1,
2166160,3033559,6130335591622125,,61,1,
2166160,3061960,6130619601622125,,61,1,
2166160,13061962,6130619621622125,,61,1,
2166160,3061963,6130619631622125,,61,1,
2166160,3080263,6130802631622125,,61,1,
2166160,3080264,6130802641622125,,61,1,
2166160,3080265,6130802651622125,,61,1,
2166160,3080266,6130802661622125,,61,1,
2166160,3033557,6230335571622125,,62,1,
2166160,3033558,6230335581622125,,62,1,
2166160,3033559,6230335591622125,,62,1,
2166160,13061960,6230619601622125,,62,1,
2166160,13061962,6230619621622125,,62,1,
2166160,13061963,6230619631622125,,62,1,
2166160,13080263,6230802631622125,,62,1,
2166160,3080264,6230802641622125,,62,1,
2166160,3080265,6230802651622125,,62,1,
2166160,3080266,6230802661622125,,62,1,
2166160,3033557,630335571622125,,6,1,
2166160,3033558,630335581622125,,6,1,
2166160,3033559,630335591622125,,6,1,
2166160,3061960,630619601622125,,6,1,
2166160,3061962,630619621622125,,6,1,
2166160,3061963,630619631622125,,6,1,
2166160,3080263,630802631622125,,6,1,
2166160,3080264,630802641622125,,6,1,
2166160,3080265,630802651622125,,6,1,
2166160,3080266,630802661622125,,6,1,
2166160,3033557,6330335571622125,,63,1,
2166160,3033558,6330335581622125,,63,1,
2166160,3033559,6330335591622125,,63,1,
2166160,13061960,6330619601622125,,63,1,
2166160,13061962,6330619621622125,,63,1,
2166160,13061963,6330619631622125,,63,1,
2166160,13080263,6330802631622125,,63,1,
2166160,3080264,6330802641622125,,63,1,
2166160,3080265,6330802651622125,,63,1,
2166160,3080266,6330802661622125,,63,1,
2166160,3033557,6430335571622125,,64,1,
2166160,3033558,6430335581622125,,64,1,
2166160,3033559,6430335591622125,,64,1,
2166160,13061960,6430619601622125,,64,1,
2166160,13061963,6430619631622125,,64,1,
2166160,13080263,6430802631622125,,64,1,
2166160,3080264,6430802641622125,,64,1,
2166160,3080265,6430802651622125,,64,1,
2166160,3080266,6430802661622125,,64,1,
2166160,3033557,6530335571622125,,65,1,
2166160,3033558,6530335581622125,,65,1,
2166160,3033559,6530335591622125,,65,1,
2166160,13061960,6530619601622125,,65,1,
2166160,13061963,6530619631622125,,65,1,
2166160,3080264,6530802641622125,,65,1,
2166160,3080265,6530802651622125,,65,1,
2166160,3080266,6530802661622125,,65,1,
2166160,3033557,6630335571622125,,66,1,
2166160,3033558,6630335581622125,,66,1,
2166160,3033559,6630335591622125,,66,1,
2166160,13061960,6630619601622125,,66,1,
2166160,13061963,6630619631622125,,66,1,
2166160,3080264,6630802641622125,,66,1,
2166160,3080265,6630802651622125,,66,1,
2166160,3080266,6630802661622125,,66,1,
2166160,3033557,6730335571622125,,67,1,
2166160,3033558,6730335581622125,,67,1,
2166160,3033559,6730335591622125,,67,1,
2166160,13061960,6730619601622125,,67,1,
2166160,13061963,6730619631622125,,67,1,
2166160,3080264,6730802641622125,,67,1,
2166160,3080265,6730802651622125,,67,1,
2166160,3080266,6730802661622125,,67,1,
2166160,3033557,6830335571622125,,68,1,
2166160,3033558,6830335581622125,,68,1,
2166160,3033559,6830335591622125,,68,1,
2166160,3080264,6830802641622125,,68,1,
2166160,3080265,6830802651622125,,68,1,
2166160,3080266,6830802661622125,,68,1,
2166160,3033557,6930335571622125,,69,1,
2166160,3033558,6930335581622125,,69,1,
2166160,3033559,6930335591622125,,69,1,
2166160,3080264,6930802641622125,,69,1,
2166160,3080265,6930802651622125,,69,1,
2166160,3080266,6930802661622125,,69,1,
2166160,3033557,7030335571622125,,70,1,
2166160,3033558,7030335581622125,,70,1,
2166160,3033559,7030335591622125,,70,1,
2166160,3080264,7030802641622125,,70,1,
2166160,3080265,7030802651622125,,70,1,
2166160,3080266,7030802661622125,,70,1,
2166160,3033557,7130335571622125,,71,1,
2166160,3033558,7130335581622125,,71,1,
2166160,3033559,7130335591622125,,71,1,
2166160,3080264,7130802641622125,,71,1,
2166160,3080265,7130802651622125,,71,1,
2166160,3080266,7130802661622125,,71,1,
2166160,3033557,7230335571622125,,72,1,
2166160,3033558,7230335581622125,,72,1,
2166160,3033559,7230335591622125,,72,1,
2166160,3080264,7230802641622125,,72,1,
2166160,3080265,7230802651622125,,72,1,
2166160,3080266,7230802661622125,,72,1,
2166160,3033557,730335571622125,,7,1,
2166160,3033558,730335581622125,,7,1,
2166160,3033559,730335591622125,,7,1,
2166160,3061960,730619601622125,,7,1,
2166160,3061962,730619621622125,,7,1,
2166160,3061963,730619631622125,,7,1,
2166160,3080263,730802631622125,,7,1,
2166160,3080264,730802641622125,,7,1,
2166160,3080265,730802651622125,,7,1,
2166160,3080266,730802661622125,,7,1,
2166160,3033557,7330335571622125,,73,1,
2166160,3033558,7330335581622125,,73,1,
2166160,3033559,7330335591622125,,73,1,
2166160,3080264,7330802641622125,,73,1,
2166160,3080265,7330802651622125,,73,1,
2166160,3080266,7330802661622125,,73,1,
2166160,3033557,7430335571622125,,74,1,
2166160,3033558,7430335581622125,,74,1,
2166160,3033559,7430335591622125,,74,1,
2166160,3080264,7430802641622125,,74,1,
2166160,3080265,7430802651622125,,74,1,
2166160,3080266,7430802661622125,,74,1,
2166160,3033557,7530335571622125,,75,1,
2166160,3033558,7530335581622125,,75,1,
2166160,3033559,7530335591622125,,75,1,
2166160,3080264,7530802641622125,,75,1,
2166160,3080265,7530802651622125,,75,1,
2166160,3080266,7530802661622125,,75,1,
2166160,3033557,7630335571622125,,76,1,
2166160,3033558,7630335581622125,,76,1,
2166160,3033559,7630335591622125,,76,1,
2166160,3080264,7630802641622125,,76,1,
2166160,3080265,7630802651622125,,76,1,
2166160,3080266,7630802661622125,,76,1,
2166160,3033557,7730335571622125,,77,1,
2166160,3033558,7730335581622125,,77,1,
2166160,3033559,7730335591622125,,77,1,
2166160,3080264,7730802641622125,,77,1,
2166160,3080265,7730802651622125,,77,1,
2166160,3080266,7730802661622125,,77,1,
2166160,3033557,7830335571622125,,78,1,
2166160,3033558,7830335581622125,,78,1,
2166160,3033559,7830335591622125,,78,1,
2166160,3080264,7830802641622125,,78,1,
2166160,3080265,7830802651622125,,78,1,
2166160,3080266,7830802661622125,,78,1,
2166160,3033557,7930335571622125,,79,1,
2166160,3033558,7930335581622125,,79,1,
2166160,3033559,7930335591622125,,79,1,
2166160,3080264,7930802641622125,,79,1,
2166160,3080265,7930802651622125,,79,1,
2166160,3080266,7930802661622125,,79,1,
2166160,3033557,8030335571622125,,80,1,
2166160,3033558,8030335581622125,,80,1,
2166160,3033559,8030335591622125,,80,1,
2166160,3080264,8030802641622125,,80,1,
2166160,3080265,8030802651622125,,80,1,
2166160,3080266,8030802661622125,,80,1,
2166160,3033557,8130335571622125,,81,1,
2166160,3033558,8130335581622125,,81,1,
2166160,3033559,8130335591622125,,81,1,
2166160,3080264,8130802641622125,,81,1,
2166160,3080265,8130802651622125,,81,1,
2166160,3080266,8130802661622125,,81,1,
2166160,3033557,8230335571622125,,82,1,
2166160,3033558,8230335581622125,,82,1,
2166160,3033559,8230335591622125,,82,1,
2166160,3080264,8230802641622125,,82,1,
2166160,3080265,8230802651622125,,82,1,
2166160,3080266,8230802661622125,,82,1,
2166160,3033557,830335571622125,,8,1,
2166160,3033558,830335581622125,,8,1,
2166160,3033559,830335591622125,,8,1,
2166160,3061960,830619601622125,,8,1,
2166160,3061962,830619621622125,,8,1,
2166160,3061963,830619631622125,,8,1,
2166160,3080263,830802631622125,,8,1,
2166160,3080264,830802641622125,,8,1,
2166160,3080265,830802651622125,,8,1,
2166160,3080266,830802661622125,,8,1,
2166160,3033557,8330335571622125,,83,1,
2166160,3033558,8330335581622125,,83,1,
2166160,3033559,8330335591622125,,83,1,
2166160,3080264,8330802641622125,,83,1,
2166160,3080265,8330802651622125,,83,1,
2166160,3080266,8330802661622125,,83,1,
2166160,3033557,8430335571622125,,84,1,
2166160,13033558,8430335581622125,,84,1,
2166160,3033559,8430335591622125,,84,1,
2166160,3080264,8430802641622125,,84,1,
2166160,3080265,8430802651622125,,84,1,
2166160,3080266,8430802661622125,,84,1,
2166160,3033557,8530335571622125,,85,1,
2166160,13033558,8530335581622125,,85,1,
2166160,3033559,8530335591622125,,85,1,
2166160,3080264,8530802641622125,,85,1,
2166160,3080265,8530802651622125,,85,1,
2166160,3080266,8530802661622125,,85,1,
2166160,3033557,8630335571622125,,86,1,
2166160,13033558,8630335581622125,,86,1,
2166160,3033559,8630335591622125,,86,1,
2166160,3080264,8630802641622125,,86,1,
2166160,3080265,8630802651622125,,86,1,
2166160,3080266,8630802661622125,,86,1,
2166160,3033557,8730335571622125,,87,1,
2166160,13033558,8730335581622125,,87,1,
2166160,3033559,8730335591622125,,87,1,
2166160,3080264,8730802641622125,,87,1,
2166160,3080265,8730802651622125,,87,1,
2166160,3080266,8730802661622125,,87,1,
2166160,3033557,8830335571622125,,88,1,
2166160,13033558,8830335581622125,,88,1,
2166160,3033559,8830335591622125,,88,1,
2166160,3080264,8830802641622125,,88,1,
2166160,3080265,8830802651622125,,88,1,
2166160,3080266,8830802661622125,,88,1,
2166160,3033557,8930335571622125,,89,1,
2166160,13033558,8930335581622125,,89,1,
2166160,3033559,8930335591622125,,89,1,
2166160,3080264,8930802641622125,,89,1,
2166160,3080265,8930802651622125,,89,1,
2166160,3080266,8930802661622125,,89,1,
2166160,3033557,9030335571622125,,90,1,
2166160,3033559,9030335591622125,,90,1,
2166160,3080264,9030802641622125,,90,1,
2166160,3080265,9030802651622125,,90,1,
2166160,3080266,9030802661622125,,90,1,
2166160,3033557,9130335571622125,,91,1,
2166160,3033559,9130335591622125,,91,1,
2166160,3080264,9130802641622125,,91,1,
2166160,3080265,9130802651622125,,91,1,
2166160,3080266,9130802661622125,,91,1,
2166160,3033557,9230335571622125,,92,1,
2166160,3033559,9230335591622125,,92,1,
2166160,3080264,9230802641622125,,92,1,
2166160,3080265,9230802651622125,,92,1,
2166160,3080266,9230802661622125,,92,1,
2166160,3033557,930335571622125,,9,1,
2166160,3033558,930335581622125,,9,1,
2166160,3033559,930335591622125,,9,1,
2166160,3061960,930619601622125,,9,1,
2166160,3061962,930619621622125,,9,1,
2166160,3061963,930619631622125,,9,1,
2166160,3080263,930802631622125,,9,1,
2166160,3080264,930802641622125,,9,1,
2166160,3080265,930802651622125,,9,1,
2166160,3080266,930802661622125,,9,1,
2166160,3033557,9330335571622125,,93,1,
2166160,3033559,9330335591622125,,93,1,
2166160,3080264,9330802641622125,,93,1,
2166160,3080265,9330802651622125,,93,1,
2166160,3080266,9330802661622125,,93,1,
2166160,3033557,9430335571622125,,94,1,
2166160,3033559,9430335591622125,,94,1,
2166160,3080264,9430802641622125,,94,1,
2166160,3080265,9430802651622125,,94,1,
2166160,13080266,9430802661622125,,94,1,
2166160,3033557,9530335571622125,,95,1,
2166160,3033559,9530335591622125,,95,1,
2166160,3080264,9530802641622125,,95,1,
2166160,3080265,9530802651622125,,95,1,
2166160,13080266,9530802661622125,,95,1,
2166160,3033557,9630335571622125,,96,1,
2166160,3033559,9630335591622125,,96,1,
2166160,3080264,9630802641622125,,96,1,
2166160,3080265,9630802651622125,,96,1,
2166160,13080266,9630802661622125,,96,1,
2166160,3033557,9730335571622125,,97,1,
2166160,3033559,9730335591622125,,97,1,
2166160,3080264,9730802641622125,,97,1,
2166160,3080265,9730802651622125,,97,1,
2166160,13080266,9730802661622125,,97,1,
2166160,3033557,9830335571622125,,98,1,
2166160,3033559,9830335591622125,,98,1,
2166160,3080264,9830802641622125,,98,1,
2166160,3080265,9830802651622125,,98,1,
2166160,13080266,9830802661622125,,98,1,
2166160,3033557,9930335571622125,,99,1,
2166160,3033559,9930335591622125,,99,1,
2166160,3080264,9930802641622125,,99,1,
2166160,3080265,9930802651622125,,99,1,
2166160,3033557,130335571622124,,1,1,
2166160,3033558,130335581622124,,1,1,
2166160,3033559,130335591622124,,1,1,
2166160,3061960,130619601622124,,1,1,
2166160,3061962,130619621622124,,1,1,
2166160,3061963,130619631622124,,1,1,
2166160,3080263,130802631622124,,1,1,
2166160,3080264,130802641622124,,1,1,
2166160,3080265,130802651622124,,1,1,
2166160,3080266,130802661622124,,1,1,
2166160,3033557,230335571622124,,2,1,
2166160,3033558,230335581622124,,2,1,
2166160,3033559,230335591622124,,2,1,
2166160,3080264,230802641622124,,2,1,
2166160,3080265,230802651622124,,2,1,
2166160,3080266,230802661622124,,2,1,
2166160,3033557,330335571622124,,3,1,
2166160,3033559,330335591622124,,3,1,
2166160,3080264,330802641622124,,3,1,
2166160,3080265,330802651622124,,3,1,
2166160,3080264,430802641622124,,4,1,
2166160,3080265,430802651622124,,4,1,
