route_id,service_id,trip_id,trip_headsign,trip_short_name,direction_id,shape_id
2178611,3108181,10031081810994411,,100,0,
2178611,3108182,10031081820994411,,100,0,
2178611,3108183,10031081830994411,,100,0,
2178611,3108186,10031081860994411,,100,0,
2178611,3108187,10031081870994411,,100,0,
2178611,3108181,10131081810994411,,101,0,
2178611,3108182,10131081820994411,,101,0,
2178611,3108183,10131081830994411,,101,0,
2178611,3108186,10131081860994411,,101,0,
2178611,3108187,10131081870994411,,101,0,
2178611,3108181,10231081810994411,,102,0,
2178611,3108182,10231081820994411,,102,0,
2178611,3108183,10231081830994411,,102,0,
2178611,3108186,10231081860994411,,102,0,
2178611,3108187,10231081870994411,,102,0,
2178611,3108180,1031081800994411,,10,0,
2178611,3108181,1031081810994411,,10,0,
2178611,3108182,1031081820994411,,10,0,
2178611,3108183,1031081830994411,,10,0,
2178611,3108184,1031081840994411,,10,0,
2178611,3108185,1031081850994411,,10,0,
2178611,3108186,1031081860994411,,10,0,
2178611,3108187,1031081870994411,,10,0,
2178611,3108181,10331081810994411,,103,0,
2178611,3108182,10331081820994411,,103,0,
2178611,3108183,10331081830994411,,103,0,
2178611,3108186,10331081860994411,,103,0,
2178611,3108187,10331081870994411,,103,0,
2178611,3108181,10431081810994411,,104,0,
2178611,3108182,10431081820994411,,104,0,
2178611,3108183,10431081830994411,,104,0,
2178611,3108186,10431081860994411,,104,0,
2178611,3108187,10431081870994411,,104,0,
2178611,3108181,10531081810994411,,105,0,
2178611,3108182,10531081820994411,,105,0,
2178611,3108183,10531081830994411,,105,0,
2178611,3108186,10531081860994411,,105,0,
2178611,3108187,10531081870994411,,105,0,
2178611,3108181,10631081810994411,,106,0,
2178611,3108182,10631081820994411,,106,0,
2178611,3108183,10631081830994411,,106,0,
2178611,3108186,10631081860994411,,106,0,
2178611,3108187,10631081870994411,,106,0,
2178611,3108181,10731081810994411,,107,0,
2178611,3108182,10731081820994411,,107,0,
2178611,3108183,10731081830994411,,107,0,
2178611,3108186,10731081860994411,,107,0,
2178611,3108187,10731081870994411,,107,0,
2178611,3108181,10831081810994411,,108,0,
2178611,3108182,10831081820994411,,108,0,
2178611,3108183,10831081830994411,,108,0,
2178611,3108186,10831081860994411,,108,0,
2178611,3108187,10831081870994411,,108,0,
2178611,3108181,10931081810994411,,109,0,
2178611,3108182,10931081820994411,,109,0,
2178611,3108183,10931081830994411,,109,0,
2178611,3108186,10931081860994411,,109,0,
2178611,3108187,10931081870994411,,109,0,
2178611,3108181,11031081810994411,,110,0,
2178611,3108182,11031081820994411,,110,0,
2178611,3108183,11031081830994411,,110,0,
2178611,3108186,11031081860994411,,110,0,
2178611,3108187,11031081870994411,,110,0,
2178611,3108181,11131081810994411,,111,0,
2178611,3108182,11131081820994411,,111,0,
2178611,3108183,11131081830994411,,111,0,
2178611,3108186,11131081860994411,,111,0,
2178611,3108187,11131081870994411,,111,0,
2178611,3108181,11231081810994411,,112,0,
2178611,3108182,11231081820994411,,112,0,
2178611,3108183,11231081830994411,,112,0,
2178611,3108186,11231081860994411,,112,0,
2178611,3108187,11231081870994411,,112,0,
2178611,3108180,1131081800994411,,11,0,
2178611,3108181,1131081810994411,,11,0,
2178611,3108182,1131081820994411,,11,0,
2178611,3108183,1131081830994411,,11,0,
2178611,3108184,1131081840994411,,11,0,
2178611,3108185,1131081850994411,,11,0,
2178611,3108186,1131081860994411,,11,0,
2178611,3108187,1131081870994411,,11,0,
2178611,3108181,11331081810994411,,113,0,
2178611,3108182,11331081820994411,,113,0,
2178611,3108183,11331081830994411,,113,0,
2178611,3108186,11331081860994411,,113,0,
2178611,3108187,11331081870994411,,113,0,
2178611,3108181,11431081810994411,,114,0,
2178611,3108182,11431081820994411,,114,0,
2178611,3108183,11431081830994411,,114,0,
2178611,3108186,11431081860994411,,114,0,
2178611,3108187,11431081870994411,,114,0,
2178611,3108181,11531081810994411,,115,0,
2178611,3108182,11531081820994411,,115,0,
2178611,3108183,11531081830994411,,115,0,
2178611,3108186,11531081860994411,,115,0,
2178611,3108187,11531081870994411,,115,0,
2178611,3108181,11631081810994411,,116,0,
2178611,3108182,11631081820994411,,116,0,
2178611,3108183,11631081830994411,,116,0,
2178611,3108186,11631081860994411,,116,0,
2178611,3108187,11631081870994411,,116,0,
2178611,13108181,11731081810994411,,117,0,
2178611,3108182,11731081820994411,,117,0,
2178611,3108183,11731081830994411,,117,0,
2178611,3108186,11731081860994411,,117,0,
2178611,13108187,11731081870994411,,117,0,
2178611,13108181,11831081810994411,,118,0,
2178611,3108182,11831081820994411,,118,0,
2178611,3108183,11831081830994411,,118,0,
2178611,3108186,11831081860994411,,118,0,
2178611,13108187,11831081870994411,,118,0,
2178611,13108181,11931081810994411,,119,0,
2178611,3108182,11931081820994411,,119,0,
2178611,3108183,11931081830994411,,119,0,
2178611,3108186,11931081860994411,,119,0,
2178611,13108187,11931081870994411,,119,0,
2178611,3108182,12031081820994411,,120,0,
2178611,3108183,12031081830994411,,120,0,
2178611,3108186,12031081860994411,,120,0,
2178611,13108187,12031081870994411,,120,0,
2178611,3108182,12131081820994411,,121,0,
2178611,3108183,12131081830994411,,121,0,
2178611,3108186,12131081860994411,,121,0,
2178611,13108187,12131081870994411,,121,0,
2178611,3108182,12231081820994411,,122,0,
2178611,3108183,12231081830994411,,122,0,
2178611,3108186,12231081860994411,,122,0,
2178611,13108187,12231081870994411,,122,0,
2178611,3108180,1231081800994411,,12,0,
2178611,3108181,1231081810994411,,12,0,
2178611,3108182,1231081820994411,,12,0,
2178611,3108183,1231081830994411,,12,0,
2178611,3108184,1231081840994411,,12,0,
2178611,3108185,1231081850994411,,12,0,
2178611,3108186,1231081860994411,,12,0,
2178611,3108187,1231081870994411,,12,0,
2178611,3108182,12331081820994411,,123,0,
2178611,3108183,12331081830994411,,123,0,
2178611,3108186,12331081860994411,,123,0,
2178611,13108182,12431081820994411,,124,0,
2178611,3108183,12431081830994411,,124,0,
2178611,13108186,12431081860994411,,124,0,
2178611,13108182,12531081820994411,,125,0,
2178611,13108183,12531081830994411,,125,0,
2178611,13108186,12531081860994411,,125,0,
2178611,13108182,12631081820994411,,126,0,
2178611,13108183,12631081830994411,,126,0,
2178611,13108186,12631081860994411,,126,0,
2178611,13108183,12731081830994411,,127,0,
2178611,13108186,12731081860994411,,127,0,
2178611,13108186,12831081860994411,,128,0,
2178611,13108186,12931081860994411,,129,0,
2178611,3108180,131081800994411,,1,0,
2178611,3108181,131081810994411,,1,0,
2178611,3108182,131081820994411,,1,0,
2178611,3108183,131081830994411,,1,0,
2178611,3108184,131081840994411,,1,0,
2178611,3108185,131081850994411,,1,0,
2178611,3108186,131081860994411,,1,0,
2178611,3108187,131081870994411,,1,0,
2178611,3108180,1331081800994411,,13,0,
2178611,3108181,1331081810994411,,13,0,
2178611,3108182,1331081820994411,,13,0,
2178611,3108183,1331081830994411,,13,0,
2178611,3108184,1331081840994411,,13,0,
2178611,3108185,1331081850994411,,13,0,
2178611,3108186,1331081860994411,,13,0,
2178611,3108187,1331081870994411,,13,0,
2178611,3108180,1431081800994411,,14,0,
2178611,3108181,1431081810994411,,14,0,
2178611,3108182,1431081820994411,,14,0,
2178611,3108183,1431081830994411,,14,0,
2178611,3108184,1431081840994411,,14,0,
2178611,3108185,1431081850994411,,14,0,
2178611,3108186,1431081860994411,,14,0,
2178611,3108187,1431081870994411,,14,0,
2178611,3108180,1531081800994411,,15,0,
2178611,3108181,1531081810994411,,15,0,
2178611,3108182,1531081820994411,,15,0,
2178611,3108183,1531081830994411,,15,0,
2178611,3108184,1531081840994411,,15,0,
2178611,3108185,1531081850994411,,15,0,
2178611,3108186,1531081860994411,,15,0,
2178611,3108187,1531081870994411,,15,0,
2178611,3108180,1631081800994411,,16,0,
2178611,3108181,1631081810994411,,16,0,
2178611,3108182,1631081820994411,,16,0,
2178611,3108183,1631081830994411,,16,0,
2178611,3108184,1631081840994411,,16,0,
2178611,3108185,1631081850994411,,16,0,
2178611,3108186,1631081860994411,,16,0,
2178611,3108187,1631081870994411,,16,0,
2178611,3108180,1731081800994411,,17,0,
2178611,3108181,1731081810994411,,17,0,
2178611,3108182,1731081820994411,,17,0,
2178611,3108183,1731081830994411,,17,0,
2178611,3108184,1731081840994411,,17,0,
2178611,3108185,1731081850994411,,17,0,
2178611,3108186,1731081860994411,,17,0,
2178611,3108187,1731081870994411,,17,0,
2178611,3108180,1831081800994411,,18,0,
2178611,3108181,1831081810994411,,18,0,
2178611,3108182,1831081820994411,,18,0,
2178611,3108183,1831081830994411,,18,0,
2178611,3108184,1831081840994411,,18,0,
2178611,3108185,1831081850994411,,18,0,
2178611,3108186,1831081860994411,,18,0,
2178611,3108187,1831081870994411,,18,0,
2178611,3108180,1931081800994411,,19,0,
2178611,3108181,1931081810994411,,19,0,
2178611,3108182,1931081820994411,,19,0,
2178611,3108183,1931081830994411,,19,0,
2178611,3108184,1931081840994411,,19,0,
2178611,3108185,1931081850994411,,19,0,
2178611,3108186,1931081860994411,,19,0,
2178611,3108187,1931081870994411,,19,0,
2178611,3108180,2031081800994411,,20,0,
2178611,3108181,2031081810994411,,20,0,
2178611,3108182,2031081820994411,,20,0,
2178611,3108183,2031081830994411,,20,0,
2178611,3108184,2031081840994411,,20,0,
2178611,3108185,2031081850994411,,20,0,
2178611,3108186,2031081860994411,,20,0,
2178611,3108187,2031081870994411,,20,0,
2178611,3108180,2131081800994411,,21,0,
2178611,3108181,2131081810994411,,21,0,
2178611,3108182,2131081820994411,,21,0,
2178611,3108183,2131081830994411,,21,0,
2178611,3108184,2131081840994411,,21,0,
2178611,3108185,2131081850994411,,21,0,
2178611,3108186,2131081860994411,,21,0,
2178611,3108187,2131081870994411,,21,0,
2178611,3108180,2231081800994411,,22,0,
2178611,3108181,2231081810994411,,22,0,
2178611,3108182,2231081820994411,,22,0,
2178611,3108183,2231081830994411,,22,0,
2178611,3108184,2231081840994411,,22,0,
2178611,3108185,2231081850994411,,22,0,
2178611,3108186,2231081860994411,,22,0,
2178611,3108187,2231081870994411,,22,0,
2178611,3108180,231081800994411,,2,0,
2178611,3108181,231081810994411,,2,0,
2178611,3108182,231081820994411,,2,0,
2178611,3108183,231081830994411,,2,0,
2178611,3108184,231081840994411,,2,0,
2178611,3108185,231081850994411,,2,0,
2178611,3108186,231081860994411,,2,0,
2178611,3108187,231081870994411,,2,0,
2178611,3108180,2331081800994411,,23,0,
2178611,3108181,2331081810994411,,23,0,
2178611,3108182,2331081820994411,,23,0,
2178611,3108183,2331081830994411,,23,0,
2178611,3108184,2331081840994411,,23,0,
2178611,3108185,2331081850994411,,23,0,
2178611,3108186,2331081860994411,,23,0,
2178611,3108187,2331081870994411,,23,0,
2178611,3108180,2431081800994411,,24,0,
2178611,3108181,2431081810994411,,24,0,
2178611,3108182,2431081820994411,,24,0,
2178611,3108183,2431081830994411,,24,0,
2178611,3108184,2431081840994411,,24,0,
2178611,3108185,2431081850994411,,24,0,
2178611,3108186,2431081860994411,,24,0,
2178611,3108187,2431081870994411,,24,0,
2178611,3108180,2531081800994411,,25,0,
2178611,3108181,2531081810994411,,25,0,
2178611,3108182,2531081820994411,,25,0,
2178611,3108183,2531081830994411,,25,0,
2178611,3108184,2531081840994411,,25,0,
2178611,3108185,2531081850994411,,25,0,
2178611,3108186,2531081860994411,,25,0,
2178611,3108187,2531081870994411,,25,0,
2178611,3108180,2631081800994411,,26,0,
2178611,3108181,2631081810994411,,26,0,
2178611,3108182,2631081820994411,,26,0,
2178611,3108183,2631081830994411,,26,0,
2178611,3108184,2631081840994411,,26,0,
2178611,3108185,2631081850994411,,26,0,
2178611,3108186,2631081860994411,,26,0,
2178611,3108187,2631081870994411,,26,0,
2178611,3108180,2731081800994411,,27,0,
2178611,3108181,2731081810994411,,27,0,
2178611,3108182,2731081820994411,,27,0,
2178611,3108183,2731081830994411,,27,0,
2178611,3108184,2731081840994411,,27,0,
2178611,3108185,2731081850994411,,27,0,
2178611,3108186,2731081860994411,,27,0,
2178611,3108187,2731081870994411,,27,0,
2178611,3108180,2831081800994411,,28,0,
2178611,3108181,2831081810994411,,28,0,
2178611,3108182,2831081820994411,,28,0,
2178611,3108183,2831081830994411,,28,0,
2178611,3108184,2831081840994411,,28,0,
2178611,3108185,2831081850994411,,28,0,
2178611,3108186,2831081860994411,,28,0,
2178611,3108187,2831081870994411,,28,0,
2178611,3108180,2931081800994411,,29,0,
2178611,3108181,2931081810994411,,29,0,
2178611,3108182,2931081820994411,,29,0,
2178611,3108183,2931081830994411,,29,0,
2178611,3108184,2931081840994411,,29,0,
2178611,3108185,2931081850994411,,29,0,
2178611,3108186,2931081860994411,,29,0,
2178611,3108187,2931081870994411,,29,0,
2178611,3108180,3031081800994411,,30,0,
2178611,3108181,3031081810994411,,30,0,
2178611,3108182,3031081820994411,,30,0,
2178611,3108183,3031081830994411,,30,0,
2178611,3108184,3031081840994411,,30,0,
2178611,3108185,3031081850994411,,30,0,
2178611,3108186,3031081860994411,,30,0,
2178611,3108187,3031081870994411,,30,0,
2178611,3108180,3131081800994411,,31,0,
2178611,3108181,3131081810994411,,31,0,
2178611,3108182,3131081820994411,,31,0,
2178611,3108183,3131081830994411,,31,0,
2178611,3108184,3131081840994411,,31,0,
2178611,3108185,3131081850994411,,31,0,
2178611,3108186,3131081860994411,,31,0,
2178611,3108187,3131081870994411,,31,0,
2178611,3108180,3231081800994411,,32,0,
2178611,3108181,3231081810994411,,32,0,
2178611,3108182,3231081820994411,,32,0,
2178611,3108183,3231081830994411,,32,0,
2178611,3108184,3231081840994411,,32,0,
2178611,3108185,3231081850994411,,32,0,
2178611,3108186,3231081860994411,,32,0,
2178611,3108187,3231081870994411,,32,0,
2178611,3108180,331081800994411,,3,0,
2178611,3108181,331081810994411,,3,0,
2178611,3108182,331081820994411,,3,0,
2178611,3108183,331081830994411,,3,0,
2178611,3108184,331081840994411,,3,0,
2178611,3108185,331081850994411,,3,0,
2178611,3108186,331081860994411,,3,0,
2178611,3108187,331081870994411,,3,0,
2178611,3108180,3331081800994411,,33,0,
2178611,3108181,3331081810994411,,33,0,
2178611,3108182,3331081820994411,,33,0,
2178611,3108183,3331081830994411,,33,0,
2178611,3108184,3331081840994411,,33,0,
2178611,3108185,3331081850994411,,33,0,
2178611,3108186,3331081860994411,,33,0,
2178611,3108187,3331081870994411,,33,0,
2178611,3108180,3431081800994411,,34,0,
2178611,3108181,3431081810994411,,34,0,
2178611,3108182,3431081820994411,,34,0,
2178611,3108183,3431081830994411,,34,0,
2178611,3108184,3431081840994411,,34,0,
2178611,3108185,3431081850994411,,34,0,
2178611,3108186,3431081860994411,,34,0,
2178611,3108187,3431081870994411,,34,0,
2178611,3108180,3531081800994411,,35,0,
2178611,3108181,3531081810994411,,35,0,
2178611,3108182,3531081820994411,,35,0,
2178611,3108183,3531081830994411,,35,0,
2178611,3108184,3531081840994411,,35,0,
2178611,3108185,3531081850994411,,35,0,
2178611,3108186,3531081860994411,,35,0,
2178611,3108187,3531081870994411,,35,0,
2178611,3108180,3631081800994411,,36,0,
2178611,3108181,3631081810994411,,36,0,
2178611,3108182,3631081820994411,,36,0,
2178611,3108183,3631081830994411,,36,0,
2178611,3108184,3631081840994411,,36,0,
2178611,3108185,3631081850994411,,36,0,
2178611,3108186,3631081860994411,,36,0,
2178611,3108187,3631081870994411,,36,0,
2178611,3108180,3731081800994411,,37,0,
2178611,3108181,3731081810994411,,37,0,
2178611,3108182,3731081820994411,,37,0,
2178611,3108183,3731081830994411,,37,0,
2178611,3108184,3731081840994411,,37,0,
2178611,3108185,3731081850994411,,37,0,
2178611,3108186,3731081860994411,,37,0,
2178611,3108187,3731081870994411,,37,0,
2178611,3108180,3831081800994411,,38,0,
2178611,3108181,3831081810994411,,38,0,
2178611,3108182,3831081820994411,,38,0,
2178611,3108183,3831081830994411,,38,0,
2178611,3108184,3831081840994411,,38,0,
2178611,3108185,3831081850994411,,38,0,
2178611,3108186,3831081860994411,,38,0,
2178611,3108187,3831081870994411,,38,0,
2178611,3108180,3931081800994411,,39,0,
2178611,3108181,3931081810994411,,39,0,
2178611,3108182,3931081820994411,,39,0,
2178611,3108183,3931081830994411,,39,0,
2178611,3108184,3931081840994411,,39,0,
2178611,3108185,3931081850994411,,39,0,
2178611,3108186,3931081860994411,,39,0,
2178611,3108187,3931081870994411,,39,0,
2178611,3108180,4031081800994411,,40,0,
2178611,3108181,4031081810994411,,40,0,
2178611,3108182,4031081820994411,,40,0,
2178611,3108183,4031081830994411,,40,0,
2178611,3108184,4031081840994411,,40,0,
2178611,3108185,4031081850994411,,40,0,
2178611,3108186,4031081860994411,,40,0,
2178611,3108187,4031081870994411,,40,0,
2178611,3108180,4131081800994411,,41,0,
2178611,3108181,4131081810994411,,41,0,
2178611,3108182,4131081820994411,,41,0,
2178611,3108183,4131081830994411,,41,0,
2178611,3108184,4131081840994411,,41,0,
2178611,3108185,4131081850994411,,41,0,
2178611,3108186,4131081860994411,,41,0,
2178611,3108187,4131081870994411,,41,0,
2178611,3108180,4231081800994411,,42,0,
2178611,3108181,4231081810994411,,42,0,
2178611,3108182,4231081820994411,,42,0,
2178611,3108183,4231081830994411,,42,0,
2178611,3108184,4231081840994411,,42,0,
2178611,3108185,4231081850994411,,42,0,
2178611,3108186,4231081860994411,,42,0,
2178611,3108187,4231081870994411,,42,0,
2178611,3108180,431081800994411,,4,0,
2178611,3108181,431081810994411,,4,0,
2178611,3108182,431081820994411,,4,0,
2178611,3108183,431081830994411,,4,0,
2178611,3108184,431081840994411,,4,0,
2178611,3108185,431081850994411,,4,0,
2178611,3108186,431081860994411,,4,0,
2178611,3108187,431081870994411,,4,0,
2178611,3108180,4331081800994411,,43,0,
2178611,3108181,4331081810994411,,43,0,
2178611,3108182,4331081820994411,,43,0,
2178611,3108183,4331081830994411,,43,0,
2178611,3108184,4331081840994411,,43,0,
2178611,3108185,4331081850994411,,43,0,
2178611,3108186,4331081860994411,,43,0,
2178611,3108187,4331081870994411,,43,0,
2178611,3108180,4431081800994411,,44,0,
2178611,3108181,4431081810994411,,44,0,
2178611,3108182,4431081820994411,,44,0,
2178611,3108183,4431081830994411,,44,0,
2178611,3108184,4431081840994411,,44,0,
2178611,3108185,4431081850994411,,44,0,
2178611,3108186,4431081860994411,,44,0,
2178611,3108187,4431081870994411,,44,0,
2178611,3108180,4531081800994411,,45,0,
2178611,3108181,4531081810994411,,45,0,
2178611,3108182,4531081820994411,,45,0,
2178611,3108183,4531081830994411,,45,0,
2178611,3108184,4531081840994411,,45,0,
2178611,3108185,4531081850994411,,45,0,
2178611,3108186,4531081860994411,,45,0,
2178611,3108187,4531081870994411,,45,0,
2178611,3108180,4631081800994411,,46,0,
2178611,3108181,4631081810994411,,46,0,
2178611,3108182,4631081820994411,,46,0,
2178611,3108183,4631081830994411,,46,0,
2178611,3108184,4631081840994411,,46,0,
2178611,3108185,4631081850994411,,46,0,
2178611,3108186,4631081860994411,,46,0,
2178611,3108187,4631081870994411,,46,0,
2178611,3108180,4731081800994411,,47,0,
2178611,3108181,4731081810994411,,47,0,
2178611,3108182,4731081820994411,,47,0,
2178611,3108183,4731081830994411,,47,0,
2178611,3108184,4731081840994411,,47,0,
2178611,3108185,4731081850994411,,47,0,
2178611,3108186,4731081860994411,,47,0,
2178611,3108187,4731081870994411,,47,0,
2178611,3108180,4831081800994411,,48,0,
2178611,3108181,4831081810994411,,48,0,
2178611,3108182,4831081820994411,,48,0,
2178611,3108183,4831081830994411,,48,0,
2178611,3108184,4831081840994411,,48,0,
2178611,3108185,4831081850994411,,48,0,
2178611,3108186,4831081860994411,,48,0,
2178611,3108187,4831081870994411,,48,0,
2178611,3108180,4931081800994411,,49,0,
2178611,3108181,4931081810994411,,49,0,
2178611,3108182,4931081820994411,,49,0,
2178611,3108183,4931081830994411,,49,0,
2178611,3108184,4931081840994411,,49,0,
2178611,3108185,4931081850994411,,49,0,
2178611,3108186,4931081860994411,,49,0,
2178611,3108187,4931081870994411,,49,0,
2178611,3108180,5031081800994411,,50,0,
2178611,3108181,5031081810994411,,50,0,
2178611,3108182,5031081820994411,,50,0,
2178611,3108183,5031081830994411,,50,0,
2178611,3108184,5031081840994411,,50,0,
2178611,3108185,5031081850994411,,50,0,
2178611,3108186,5031081860994411,,50,0,
2178611,3108187,5031081870994411,,50,0,
2178611,3108180,5131081800994411,,51,0,
2178611,3108181,5131081810994411,,51,0,
2178611,3108182,5131081820994411,,51,0,
2178611,3108183,5131081830994411,,51,0,
2178611,3108184,5131081840994411,,51,0,
2178611,3108185,5131081850994411,,51,0,
2178611,3108186,5131081860994411,,51,0,
2178611,3108187,5131081870994411,,51,0,
2178611,3108180,5231081800994411,,52,0,
2178611,3108181,5231081810994411,,52,0,
2178611,3108182,5231081820994411,,52,0,
2178611,3108183,5231081830994411,,52,0,
2178611,3108184,5231081840994411,,52,0,
2178611,3108185,5231081850994411,,52,0,
2178611,3108186,5231081860994411,,52,0,
2178611,3108187,5231081870994411,,52,0,
2178611,3108180,531081800994411,,5,0,
2178611,3108181,531081810994411,,5,0,
2178611,3108182,531081820994411,,5,0,
2178611,3108183,531081830994411,,5,0,
2178611,3108184,531081840994411,,5,0,
2178611,3108185,531081850994411,,5,0,
2178611,3108186,531081860994411,,5,0,
2178611,3108187,531081870994411,,5,0,
2178611,3108180,5331081800994411,,53,0,
2178611,3108181,5331081810994411,,53,0,
2178611,3108182,5331081820994411,,53,0,
2178611,3108183,5331081830994411,,53,0,
2178611,3108184,5331081840994411,,53,0,
2178611,3108185,5331081850994411,,53,0,
2178611,3108186,5331081860994411,,53,0,
2178611,3108187,5331081870994411,,53,0,
2178611,3108180,5431081800994411,,54,0,
2178611,3108181,5431081810994411,,54,0,
2178611,3108182,5431081820994411,,54,0,
2178611,3108183,5431081830994411,,54,0,
2178611,3108184,5431081840994411,,54,0,
2178611,3108185,5431081850994411,,54,0,
2178611,3108186,5431081860994411,,54,0,
2178611,3108187,5431081870994411,,54,0,
2178611,3108180,5531081800994411,,55,0,
2178611,3108181,5531081810994411,,55,0,
2178611,3108182,5531081820994411,,55,0,
2178611,3108183,5531081830994411,,55,0,
2178611,3108184,5531081840994411,,55,0,
2178611,3108185,5531081850994411,,55,0,
2178611,3108186,5531081860994411,,55,0,
2178611,3108187,5531081870994411,,55,0,
2178611,3108180,5631081800994411,,56,0,
2178611,3108181,5631081810994411,,56,0,
2178611,3108182,5631081820994411,,56,0,
2178611,3108183,5631081830994411,,56,0,
2178611,3108184,5631081840994411,,56,0,
2178611,3108185,5631081850994411,,56,0,
2178611,3108186,5631081860994411,,56,0,
2178611,3108187,5631081870994411,,56,0,
2178611,3108180,5731081800994411,,57,0,
2178611,3108181,5731081810994411,,57,0,
2178611,3108182,5731081820994411,,57,0,
2178611,3108183,5731081830994411,,57,0,
2178611,3108184,5731081840994411,,57,0,
2178611,3108185,5731081850994411,,57,0,
2178611,3108186,5731081860994411,,57,0,
2178611,3108187,5731081870994411,,57,0,
2178611,3108180,5831081800994411,,58,0,
2178611,3108181,5831081810994411,,58,0,
2178611,3108182,5831081820994411,,58,0,
2178611,3108183,5831081830994411,,58,0,
2178611,3108184,5831081840994411,,58,0,
2178611,3108185,5831081850994411,,58,0,
2178611,3108186,5831081860994411,,58,0,
2178611,3108187,5831081870994411,,58,0,
2178611,3108180,5931081800994411,,59,0,
2178611,3108181,5931081810994411,,59,0,
2178611,3108182,5931081820994411,,59,0,
2178611,3108183,5931081830994411,,59,0,
2178611,3108184,5931081840994411,,59,0,
2178611,3108185,5931081850994411,,59,0,
2178611,3108186,5931081860994411,,59,0,
2178611,3108187,5931081870994411,,59,0,
2178611,3108180,6031081800994411,,60,0,
2178611,3108181,6031081810994411,,60,0,
2178611,3108182,6031081820994411,,60,0,
2178611,3108183,6031081830994411,,60,0,
2178611,3108184,6031081840994411,,60,0,
2178611,3108185,6031081850994411,,60,0,
2178611,3108186,6031081860994411,,60,0,
2178611,3108187,6031081870994411,,60,0,
2178611,3108180,6131081800994411,,61,0,
2178611,3108181,6131081810994411,,61,0,
2178611,3108182,6131081820994411,,61,0,
2178611,3108183,6131081830994411,,61,0,
2178611,3108184,6131081840994411,,61,0,
2178611,3108185,6131081850994411,,61,0,
2178611,3108186,6131081860994411,,61,0,
2178611,3108187,6131081870994411,,61,0,
2178611,3108180,6231081800994411,,62,0,
2178611,3108181,6231081810994411,,62,0,
2178611,3108182,6231081820994411,,62,0,
2178611,3108183,6231081830994411,,62,0,
2178611,3108184,6231081840994411,,62,0,
2178611,3108185,6231081850994411,,62,0,
2178611,3108186,6231081860994411,,62,0,
2178611,3108187,6231081870994411,,62,0,
2178611,3108180,631081800994411,,6,0,
2178611,3108181,631081810994411,,6,0,
2178611,3108182,631081820994411,,6,0,
2178611,3108183,631081830994411,,6,0,
2178611,3108184,631081840994411,,6,0,
2178611,3108185,631081850994411,,6,0,
2178611,3108186,631081860994411,,6,0,
2178611,3108187,631081870994411,,6,0,
2178611,3108180,6331081800994411,,63,0,
2178611,3108181,6331081810994411,,63,0,
2178611,3108182,6331081820994411,,63,0,
2178611,3108183,6331081830994411,,63,0,
2178611,3108184,6331081840994411,,63,0,
2178611,3108185,6331081850994411,,63,0,
2178611,3108186,6331081860994411,,63,0,
2178611,3108187,6331081870994411,,63,0,
2178611,3108180,6431081800994411,,64,0,
2178611,3108181,6431081810994411,,64,0,
2178611,3108182,6431081820994411,,64,0,
2178611,3108183,6431081830994411,,64,0,
2178611,3108184,6431081840994411,,64,0,
2178611,3108185,6431081850994411,,64,0,
2178611,3108186,6431081860994411,,64,0,
2178611,3108187,6431081870994411,,64,0,
2178611,13108180,6531081800994411,,65,0,
2178611,3108181,6531081810994411,,65,0,
2178611,3108182,6531081820994411,,65,0,
2178611,3108183,6531081830994411,,65,0,
2178611,3108184,6531081840994411,,65,0,
2178611,3108185,6531081850994411,,65,0,
2178611,3108186,6531081860994411,,65,0,
2178611,3108187,6531081870994411,,65,0,
2178611,13108180,6631081800994411,,66,0,
2178611,3108181,6631081810994411,,66,0,
2178611,3108182,6631081820994411,,66,0,
2178611,3108183,6631081830994411,,66,0,
2178611,3108184,6631081840994411,,66,0,
2178611,3108185,6631081850994411,,66,0,
2178611,3108186,6631081860994411,,66,0,
2178611,3108187,6631081870994411,,66,0,
2178611,13108180,6731081800994411,,67,0,
2178611,3108181,6731081810994411,,67,0,
2178611,3108182,6731081820994411,,67,0,
2178611,3108183,6731081830994411,,67,0,
2178611,3108184,6731081840994411,,67,0,
2178611,3108185,6731081850994411,,67,0,
2178611,3108186,6731081860994411,,67,0,
2178611,3108187,6731081870994411,,67,0,
2178611,3108181,6831081810994411,,68,0,
2178611,3108182,6831081820994411,,68,0,
2178611,3108183,6831081830994411,,68,0,
2178611,3108184,6831081840994411,,68,0,
2178611,3108185,6831081850994411,,68,0,
2178611,3108186,6831081860994411,,68,0,
2178611,3108187,6831081870994411,,68,0,
2178611,3108181,6931081810994411,,69,0,
2178611,3108182,6931081820994411,,69,0,
2178611,3108183,6931081830994411,,69,0,
2178611,3108184,6931081840994411,,69,0,
2178611,3108185,6931081850994411,,69,0,
2178611,3108186,6931081860994411,,69,0,
2178611,3108187,6931081870994411,,69,0,
2178611,3108181,7031081810994411,,70,0,
2178611,3108182,7031081820994411,,70,0,
2178611,3108183,7031081830994411,,70,0,
2178611,3108184,7031081840994411,,70,0,
2178611,3108185,7031081850994411,,70,0,
2178611,3108186,7031081860994411,,70,0,
2178611,3108187,7031081870994411,,70,0,
2178611,3108181,7131081810994411,,71,0,
2178611,3108182,7131081820994411,,71,0,
2178611,3108183,7131081830994411,,71,0,
2178611,3108184,7131081840994411,,71,0,
2178611,3108185,7131081850994411,,71,0,
2178611,3108186,7131081860994411,,71,0,
2178611,3108187,7131081870994411,,71,0,
2178611,3108181,7231081810994411,,72,0,
2178611,3108182,7231081820994411,,72,0,
2178611,3108183,7231081830994411,,72,0,
2178611,3108184,7231081840994411,,72,0,
2178611,3108185,7231081850994411,,72,0,
2178611,3108186,7231081860994411,,72,0,
2178611,3108187,7231081870994411,,72,0,
2178611,3108180,731081800994411,,7,0,
2178611,3108181,731081810994411,,7,0,
2178611,3108182,731081820994411,,7,0,
2178611,3108183,731081830994411,,7,0,
2178611,3108184,731081840994411,,7,0,
2178611,3108185,731081850994411,,7,0,
2178611,3108186,731081860994411,,7,0,
2178611,3108187,731081870994411,,7,0,
2178611,3108181,7331081810994411,,73,0,
2178611,3108182,7331081820994411,,73,0,
2178611,3108183,7331081830994411,,73,0,
2178611,3108184,7331081840994411,,73,0,
2178611,3108185,7331081850994411,,73,0,
2178611,3108186,7331081860994411,,73,0,
2178611,3108187,7331081870994411,,73,0,
2178611,3108181,7431081810994411,,74,0,
2178611,3108182,7431081820994411,,74,0,
2178611,3108183,7431081830994411,,74,0,
2178611,3108184,7431081840994411,,74,0,
2178611,3108185,7431081850994411,,74,0,
2178611,3108186,7431081860994411,,74,0,
2178611,3108187,7431081870994411,,74,0,
2178611,3108181,7531081810994411,,75,0,
2178611,3108182,7531081820994411,,75,0,
2178611,3108183,7531081830994411,,75,0,
2178611,3108184,7531081840994411,,75,0,
2178611,3108185,7531081850994411,,75,0,
2178611,3108186,7531081860994411,,75,0,
2178611,3108187,7531081870994411,,75,0,
2178611,3108181,7631081810994411,,76,0,
2178611,3108182,7631081820994411,,76,0,
2178611,3108183,7631081830994411,,76,0,
2178611,3108184,7631081840994411,,76,0,
2178611,13108185,7631081850994411,,76,0,
2178611,3108186,7631081860994411,,76,0,
2178611,3108187,7631081870994411,,76,0,
2178611,3108181,7731081810994411,,77,0,
2178611,3108182,7731081820994411,,77,0,
2178611,3108183,7731081830994411,,77,0,
2178611,3108184,7731081840994411,,77,0,
2178611,13108185,7731081850994411,,77,0,
2178611,3108186,7731081860994411,,77,0,
2178611,3108187,7731081870994411,,77,0,
2178611,3108181,7831081810994411,,78,0,
2178611,3108182,7831081820994411,,78,0,
2178611,3108183,7831081830994411,,78,0,
2178611,3108184,7831081840994411,,78,0,
2178611,13108185,7831081850994411,,78,0,
2178611,3108186,7831081860994411,,78,0,
2178611,3108187,7831081870994411,,78,0,
2178611,3108181,7931081810994411,,79,0,
2178611,3108182,7931081820994411,,79,0,
2178611,3108183,7931081830994411,,79,0,
2178611,3108184,7931081840994411,,79,0,
2178611,13108185,7931081850994411,,79,0,
2178611,3108186,7931081860994411,,79,0,
2178611,3108187,7931081870994411,,79,0,
2178611,3108181,8031081810994411,,80,0,
2178611,3108182,8031081820994411,,80,0,
2178611,3108183,8031081830994411,,80,0,
2178611,3108184,8031081840994411,,80,0,
2178611,13108185,8031081850994411,,80,0,
2178611,3108186,8031081860994411,,80,0,
2178611,3108187,8031081870994411,,80,0,
2178611,3108181,8131081810994411,,81,0,
2178611,3108182,8131081820994411,,81,0,
2178611,3108183,8131081830994411,,81,0,
2178611,3108184,8131081840994411,,81,0,
2178611,13108185,8131081850994411,,81,0,
2178611,3108186,8131081860994411,,81,0,
2178611,3108187,8131081870994411,,81,0,
2178611,3108181,8231081810994411,,82,0,
2178611,3108182,8231081820994411,,82,0,
2178611,3108183,8231081830994411,,82,0,
2178611,3108184,8231081840994411,,82,0,
2178611,3108186,8231081860994411,,82,0,
2178611,3108187,8231081870994411,,82,0,
2178611,3108180,831081800994411,,8,0,
2178611,3108181,831081810994411,,8,0,
2178611,3108182,831081820994411,,8,0,
2178611,3108183,831081830994411,,8,0,
2178611,3108184,831081840994411,,8,0,
2178611,3108185,831081850994411,,8,0,
2178611,3108186,831081860994411,,8,0,
2178611,3108187,831081870994411,,8,0,
2178611,3108181,8331081810994411,,83,0,
2178611,3108182,8331081820994411,,83,0,
2178611,3108183,8331081830994411,,83,0,
2178611,3108184,8331081840994411,,83,0,
2178611,3108186,8331081860994411,,83,0,
2178611,3108187,8331081870994411,,83,0,
2178611,3108181,8431081810994411,,84,0,
2178611,3108182,8431081820994411,,84,0,
2178611,3108183,8431081830994411,,84,0,
2178611,3108184,8431081840994411,,84,0,
2178611,3108186,8431081860994411,,84,0,
2178611,3108187,8431081870994411,,84,0,
2178611,3108181,8531081810994411,,85,0,
2178611,3108182,8531081820994411,,85,0,
2178611,3108183,8531081830994411,,85,0,
2178611,3108184,8531081840994411,,85,0,
2178611,3108186,8531081860994411,,85,0,
2178611,3108187,8531081870994411,,85,0,
2178611,3108181,8631081810994411,,86,0,
2178611,3108182,8631081820994411,,86,0,
2178611,3108183,8631081830994411,,86,0,
2178611,3108184,8631081840994411,,86,0,
2178611,3108186,8631081860994411,,86,0,
2178611,3108187,8631081870994411,,86,0,
2178611,3108181,8731081810994411,,87,0,
2178611,3108182,8731081820994411,,87,0,
2178611,3108183,8731081830994411,,87,0,
2178611,3108184,8731081840994411,,87,0,
2178611,3108186,8731081860994411,,87,0,
2178611,3108187,8731081870994411,,87,0,
2178611,3108181,8831081810994411,,88,0,
2178611,3108182,8831081820994411,,88,0,
2178611,3108183,8831081830994411,,88,0,
2178611,3108184,8831081840994411,,88,0,
2178611,3108186,8831081860994411,,88,0,
2178611,3108187,8831081870994411,,88,0,
2178611,3108181,8931081810994411,,89,0,
2178611,3108182,8931081820994411,,89,0,
2178611,3108183,8931081830994411,,89,0,
2178611,3108184,8931081840994411,,89,0,
2178611,3108186,8931081860994411,,89,0,
2178611,3108187,8931081870994411,,89,0,
2178611,3108181,9031081810994411,,90,0,
2178611,3108182,9031081820994411,,90,0,
2178611,3108183,9031081830994411,,90,0,
2178611,3108184,9031081840994411,,90,0,
2178611,3108186,9031081860994411,,90,0,
2178611,3108187,9031081870994411,,90,0,
2178611,3108181,9131081810994411,,91,0,
2178611,3108182,9131081820994411,,91,0,
2178611,3108183,9131081830994411,,91,0,
2178611,3108184,9131081840994411,,91,0,
2178611,3108186,9131081860994411,,91,0,
2178611,3108187,9131081870994411,,91,0,
2178611,3108181,9231081810994411,,92,0,
2178611,3108182,9231081820994411,,92,0,
2178611,3108183,9231081830994411,,92,0,
2178611,13108184,9231081840994411,,92,0,
2178611,3108186,9231081860994411,,92,0,
2178611,3108187,9231081870994411,,92,0,
2178611,3108180,931081800994411,,9,0,
2178611,3108181,931081810994411,,9,0,
2178611,3108182,931081820994411,,9,0,
2178611,3108183,931081830994411,,9,0,
2178611,3108184,931081840994411,,9,0,
2178611,3108185,931081850994411,,9,0,
2178611,3108186,931081860994411,,9,0,
2178611,3108187,931081870994411,,9,0,
2178611,3108181,9331081810994411,,93,0,
2178611,3108182,9331081820994411,,93,0,
2178611,3108183,9331081830994411,,93,0,
2178611,13108184,9331081840994411,,93,0,
2178611,3108186,9331081860994411,,93,0,
2178611,3108187,9331081870994411,,93,0,
2178611,3108181,9431081810994411,,94,0,
2178611,3108182,9431081820994411,,94,0,
2178611,3108183,9431081830994411,,94,0,
2178611,13108184,9431081840994411,,94,0,
2178611,3108186,9431081860994411,,94,0,
2178611,3108187,9431081870994411,,94,0,
2178611,3108181,9531081810994411,,95,0,
2178611,3108182,9531081820994411,,95,0,
2178611,3108183,9531081830994411,,95,0,
2178611,13108184,9531081840994411,,95,0,
2178611,3108186,9531081860994411,,95,0,
2178611,3108187,9531081870994411,,95,0,
2178611,3108181,9631081810994411,,96,0,
2178611,3108182,9631081820994411,,96,0,
2178611,3108183,9631081830994411,,96,0,
2178611,13108184,9631081840994411,,96,0,
2178611,3108186,9631081860994411,,96,0,
2178611,3108187,9631081870994411,,96,0,
2178611,3108181,9731081810994411,,97,0,
2178611,3108182,9731081820994411,,97,0,
2178611,3108183,9731081830994411,,97,0,
2178611,13108184,9731081840994411,,97,0,
2178611,3108186,9731081860994411,,97,0,
2178611,3108187,9731081870994411,,97,0,
2178611,3108181,9831081810994411,,98,0,
2178611,3108182,9831081820994411,,98,0,
2178611,3108183,9831081830994411,,98,0,
2178611,3108186,9831081860994411,,98,0,
2178611,3108187,9831081870994411,,98,0,
2178611,3108181,9931081810994411,,99,0,
2178611,3108182,9931081820994411,,99,0,
2178611,3108183,9931081830994411,,99,0,
2178611,3108186,9931081860994411,,99,0,
2178611,3108187,9931081870994411,,99,0,
2178611,3108180,131081800994412,,1,0,
2178611,3108181,131081810994412,,1,0,
2178611,3108182,131081820994412,,1,0,
2178611,3108183,131081830994412,,1,0,
2178611,3108184,131081840994412,,1,0,
2178611,3108185,131081850994412,,1,0,
2178611,3108186,131081860994412,,1,0,
2178611,3108187,131081870994412,,1,0,
2178611,3108180,231081800994412,,2,0,
2178611,3108181,231081810994412,,2,0,
2178611,3108182,231081820994412,,2,0,
2178611,3108183,231081830994412,,2,0,
2178611,3108184,231081840994412,,2,0,
2178611,3108185,231081850994412,,2,0,
2178611,3108186,231081860994412,,2,0,
2178611,3108187,231081870994412,,2,0,
2178611,3108180,331081800994412,,3,0,
2178611,3108181,331081810994412,,3,0,
2178611,3108182,331081820994412,,3,0,
2178611,3108183,331081830994412,,3,0,
2178611,3108184,331081840994412,,3,0,
2178611,3108186,331081860994412,,3,0,
2178611,3108187,331081870994412,,3,0,
2178611,3108182,131081820961236,,1,0,
2178611,3108183,131081830961236,,1,0,
2178611,3108186,131081860961236,,1,0,
2178611,3108182,231081820961236,,2,0,
2178611,3108183,231081830961236,,2,0,
2178611,3108186,231081860961236,,2,0,
2178612,3108181,10031081810961231,,100,1,
2178612,3108182,10031081820961231,,100,1,
2178612,3108183,10031081830961231,,100,1,
2178612,3108186,10031081860961231,,100,1,
2178612,3108187,10031081870961231,,100,1,
2178612,3108181,10131081810961231,,101,1,
2178612,3108182,10131081820961231,,101,1,
2178612,3108183,10131081830961231,,101,1,
2178612,3108186,10131081860961231,,101,1,
2178612,3108187,10131081870961231,,101,1,
2178612,3108181,10231081810961231,,102,1,
2178612,3108182,10231081820961231,,102,1,
2178612,3108183,10231081830961231,,102,1,
2178612,3108186,10231081860961231,,102,1,
2178612,3108187,10231081870961231,,102,1,
2178612,3108180,1031081800961231,,10,1,
2178612,3108181,1031081810961231,,10,1,
2178612,3108182,1031081820961231,,10,1,
2178612,3108183,1031081830961231,,10,1,
2178612,3108184,1031081840961231,,10,1,
2178612,3108185,1031081850961231,,10,1,
2178612,3108186,1031081860961231,,10,1,
2178612,3108187,1031081870961231,,10,1,
2178612,3108181,10331081810961231,,103,1,
2178612,3108182,10331081820961231,,103,1,
2178612,3108183,10331081830961231,,103,1,
2178612,3108186,10331081860961231,,103,1,
2178612,3108187,10331081870961231,,103,1,
2178612,3108181,10431081810961231,,104,1,
2178612,3108182,10431081820961231,,104,1,
2178612,3108183,10431081830961231,,104,1,
2178612,3108186,10431081860961231,,104,1,
2178612,3108187,10431081870961231,,104,1,
2178612,3108181,10531081810961231,,105,1,
2178612,3108182,10531081820961231,,105,1,
2178612,3108183,10531081830961231,,105,1,
2178612,3108186,10531081860961231,,105,1,
2178612,3108187,10531081870961231,,105,1,
2178612,3108181,10631081810961231,,106,1,
2178612,3108182,10631081820961231,,106,1,
2178612,3108183,10631081830961231,,106,1,
2178612,3108186,10631081860961231,,106,1,
2178612,3108187,10631081870961231,,106,1,
2178612,3108181,10731081810961231,,107,1,
2178612,3108182,10731081820961231,,107,1,
2178612,3108183,10731081830961231,,107,1,
2178612,3108186,10731081860961231,,107,1,
2178612,3108187,10731081870961231,,107,1,
2178612,3108181,10831081810961231,,108,1,
2178612,3108182,10831081820961231,,108,1,
2178612,3108183,10831081830961231,,108,1,
2178612,3108186,10831081860961231,,108,1,
2178612,3108187,10831081870961231,,108,1,
2178612,3108181,10931081810961231,,109,1,
2178612,3108182,10931081820961231,,109,1,
2178612,3108183,10931081830961231,,109,1,
2178612,3108186,10931081860961231,,109,1,
2178612,3108187,10931081870961231,,109,1,
2178612,3108181,11031081810961231,,110,1,
2178612,3108182,11031081820961231,,110,1,
2178612,3108183,11031081830961231,,110,1,
2178612,3108186,11031081860961231,,110,1,
2178612,3108187,11031081870961231,,110,1,
2178612,3108181,11131081810961231,,111,1,
2178612,3108182,11131081820961231,,111,1,
2178612,3108183,11131081830961231,,111,1,
2178612,3108186,11131081860961231,,111,1,
2178612,3108187,11131081870961231,,111,1,
2178612,3108181,11231081810961231,,112,1,
2178612,3108182,11231081820961231,,112,1,
2178612,3108183,11231081830961231,,112,1,
2178612,3108186,11231081860961231,,112,1,
2178612,3108187,11231081870961231,,112,1,
2178612,3108180,1131081800961231,,11,1,
2178612,3108181,1131081810961231,,11,1,
2178612,3108182,1131081820961231,,11,1,
2178612,3108183,1131081830961231,,11,1,
2178612,3108184,1131081840961231,,11,1,
2178612,3108185,1131081850961231,,11,1,
2178612,3108186,1131081860961231,,11,1,
2178612,3108187,1131081870961231,,11,1,
2178612,3108181,11331081810961231,,113,1,
2178612,3108182,11331081820961231,,113,1,
2178612,3108183,11331081830961231,,113,1,
2178612,3108186,11331081860961231,,113,1,
2178612,3108187,11331081870961231,,113,1,
2178612,3108181,11431081810961231,,114,1,
2178612,3108182,11431081820961231,,114,1,
2178612,3108183,11431081830961231,,114,1,
2178612,3108186,11431081860961231,,114,1,
2178612,3108187,11431081870961231,,114,1,
2178612,3108181,11531081810961231,,115,1,
2178612,3108182,11531081820961231,,115,1,
2178612,3108183,11531081830961231,,115,1,
2178612,3108186,11531081860961231,,115,1,
2178612,3108187,11531081870961231,,115,1,
2178612,13108181,11631081810961231,,116,1,
2178612,3108182,11631081820961231,,116,1,
2178612,3108183,11631081830961231,,116,1,
2178612,3108186,11631081860961231,,116,1,
2178612,13108187,11631081870961231,,116,1,
2178612,13108181,11731081810961231,,117,1,
2178612,3108182,11731081820961231,,117,1,
2178612,3108183,11731081830961231,,117,1,
2178612,3108186,11731081860961231,,117,1,
2178612,13108187,11731081870961231,,117,1,
2178612,3108182,11831081820961231,,118,1,
2178612,3108183,11831081830961231,,118,1,
2178612,3108186,11831081860961231,,118,1,
2178612,13108187,11831081870961231,,118,1,
2178612,3108182,11931081820961231,,119,1,
2178612,3108183,11931081830961231,,119,1,
2178612,3108186,11931081860961231,,119,1,
2178612,13108187,11931081870961231,,119,1,
2178612,3108182,12031081820961231,,120,1,
2178612,3108183,12031081830961231,,120,1,
2178612,3108186,12031081860961231,,120,1,
2178612,13108187,12031081870961231,,120,1,
2178612,3108182,12131081820961231,,121,1,
2178612,3108183,12131081830961231,,121,1,
2178612,3108186,12131081860961231,,121,1,
2178612,3108182,12231081820961231,,122,1,
2178612,3108183,12231081830961231,,122,1,
2178612,3108186,12231081860961231,,122,1,
2178612,3108180,1231081800961231,,12,1,
2178612,3108181,1231081810961231,,12,1,
2178612,3108182,1231081820961231,,12,1,
2178612,3108183,1231081830961231,,12,1,
2178612,3108184,1231081840961231,,12,1,
2178612,3108185,1231081850961231,,12,1,
2178612,3108186,1231081860961231,,12,1,
2178612,3108187,1231081870961231,,12,1,
2178612,3108182,12331081820961231,,123,1,
2178612,3108183,12331081830961231,,123,1,
2178612,3108186,12331081860961231,,123,1,
2178612,3108182,12431081820961231,,124,1,
2178612,3108183,12431081830961231,,124,1,
2178612,3108186,12431081860961231,,124,1,
2178612,3108182,12531081820961231,,125,1,
2178612,3108183,12531081830961231,,125,1,
2178612,3108186,12531081860961231,,125,1,
2178612,3108182,12631081820961231,,126,1,
2178612,3108183,12631081830961231,,126,1,
2178612,3108186,12631081860961231,,126,1,
2178612,3108182,12731081820961231,,127,1,
2178612,3108183,12731081830961231,,127,1,
2178612,3108186,12731081860961231,,127,1,
2178612,3108182,12831081820961231,,128,1,
2178612,3108183,12831081830961231,,128,1,
2178612,3108186,12831081860961231,,128,1,
2178612,13108182,12931081820961231,,129,1,
2178612,3108183,12931081830961231,,129,1,
2178612,13108186,12931081860961231,,129,1,
2178612,13108182,13031081820961231,,130,1,
2178612,13108183,13031081830961231,,130,1,
2178612,13108186,13031081860961231,,130,1,
2178612,3108180,131081800961231,,1,1,
2178612,3108181,131081810961231,,1,1,
2178612,3108182,131081820961231,,1,1,
2178612,3108183,131081830961231,,1,1,
2178612,3108184,131081840961231,,1,1,
2178612,3108185,131081850961231,,1,1,
2178612,3108186,131081860961231,,1,1,
2178612,3108187,131081870961231,,1,1,
2178612,13108183,13131081830961231,,131,1,
2178612,13108186,13131081860961231,,131,1,
2178612,13108186,13231081860961231,,132,1,
2178612,3108180,1331081800961231,,13,1,
2178612,3108181,1331081810961231,,13,1,
2178612,3108182,1331081820961231,,13,1,
2178612,3108183,1331081830961231,,13,1,
2178612,3108184,1331081840961231,,13,1,
2178612,3108185,1331081850961231,,13,1,
2178612,3108186,1331081860961231,,13,1,
2178612,3108187,1331081870961231,,13,1,
2178612,13108186,13331081860961231,,133,1,
2178612,3108180,1431081800961231,,14,1,
2178612,3108181,1431081810961231,,14,1,
2178612,3108182,1431081820961231,,14,1,
2178612,3108183,1431081830961231,,14,1,
2178612,3108184,1431081840961231,,14,1,
2178612,3108185,1431081850961231,,14,1,
2178612,3108186,1431081860961231,,14,1,
2178612,3108187,1431081870961231,,14,1,
2178612,3108180,1531081800961231,,15,1,
2178612,3108181,1531081810961231,,15,1,
2178612,3108182,1531081820961231,,15,1,
2178612,3108183,1531081830961231,,15,1,
2178612,3108184,1531081840961231,,15,1,
2178612,3108185,1531081850961231,,15,1,
2178612,3108186,1531081860961231,,15,1,
2178612,3108187,1531081870961231,,15,1,
2178612,3108180,1631081800961231,,16,1,
2178612,3108181,1631081810961231,,16,1,
2178612,3108182,1631081820961231,,16,1,
2178612,3108183,1631081830961231,,16,1,
2178612,3108184,1631081840961231,,16,1,
2178612,3108185,1631081850961231,,16,1,
2178612,3108186,1631081860961231,,16,1,
2178612,3108187,1631081870961231,,16,1,
2178612,3108180,1731081800961231,,17,1,
2178612,3108181,1731081810961231,,17,1,
2178612,3108182,1731081820961231,,17,1,
2178612,3108183,1731081830961231,,17,1,
2178612,3108184,1731081840961231,,17,1,
2178612,3108185,1731081850961231,,17,1,
2178612,3108186,1731081860961231,,17,1,
2178612,3108187,1731081870961231,,17,1,
2178612,3108180,1831081800961231,,18,1,
2178612,3108181,1831081810961231,,18,1,
2178612,3108182,1831081820961231,,18,1,
2178612,3108183,1831081830961231,,18,1,
2178612,3108184,1831081840961231,,18,1,
2178612,3108185,1831081850961231,,18,1,
2178612,3108186,1831081860961231,,18,1,
2178612,3108187,1831081870961231,,18,1,
2178612,3108180,1931081800961231,,19,1,
2178612,3108181,1931081810961231,,19,1,
2178612,3108182,1931081820961231,,19,1,
2178612,3108183,1931081830961231,,19,1,
2178612,3108184,1931081840961231,,19,1,
2178612,3108185,1931081850961231,,19,1,
2178612,3108186,1931081860961231,,19,1,
2178612,3108187,1931081870961231,,19,1,
2178612,3108180,2031081800961231,,20,1,
2178612,3108181,2031081810961231,,20,1,
2178612,3108182,2031081820961231,,20,1,
2178612,3108183,2031081830961231,,20,1,
2178612,3108184,2031081840961231,,20,1,
2178612,3108185,2031081850961231,,20,1,
2178612,3108186,2031081860961231,,20,1,
2178612,3108187,2031081870961231,,20,1,
2178612,3108180,2131081800961231,,21,1,
2178612,3108181,2131081810961231,,21,1,
2178612,3108182,2131081820961231,,21,1,
2178612,3108183,2131081830961231,,21,1,
2178612,3108184,2131081840961231,,21,1,
2178612,3108185,2131081850961231,,21,1,
2178612,3108186,2131081860961231,,21,1,
2178612,3108187,2131081870961231,,21,1,
2178612,3108180,2231081800961231,,22,1,
2178612,3108181,2231081810961231,,22,1,
2178612,3108182,2231081820961231,,22,1,
2178612,3108183,2231081830961231,,22,1,
2178612,3108184,2231081840961231,,22,1,
2178612,3108185,2231081850961231,,22,1,
2178612,3108186,2231081860961231,,22,1,
2178612,3108187,2231081870961231,,22,1,
2178612,3108180,231081800961231,,2,1,
2178612,3108181,231081810961231,,2,1,
2178612,3108182,231081820961231,,2,1,
2178612,3108183,231081830961231,,2,1,
2178612,3108184,231081840961231,,2,1,
2178612,3108185,231081850961231,,2,1,
2178612,3108186,231081860961231,,2,1,
2178612,3108187,231081870961231,,2,1,
2178612,3108180,2331081800961231,,23,1,
2178612,3108181,2331081810961231,,23,1,
2178612,3108182,2331081820961231,,23,1,
2178612,3108183,2331081830961231,,23,1,
2178612,3108184,2331081840961231,,23,1,
2178612,3108185,2331081850961231,,23,1,
2178612,3108186,2331081860961231,,23,1,
2178612,3108187,2331081870961231,,23,1,
2178612,3108180,2431081800961231,,24,1,
2178612,3108181,2431081810961231,,24,1,
2178612,3108182,2431081820961231,,24,1,
2178612,3108183,2431081830961231,,24,1,
2178612,3108184,2431081840961231,,24,1,
2178612,3108185,2431081850961231,,24,1,
2178612,3108186,2431081860961231,,24,1,
2178612,3108187,2431081870961231,,24,1,
2178612,3108180,2531081800961231,,25,1,
2178612,3108181,2531081810961231,,25,1,
2178612,3108182,2531081820961231,,25,1,
2178612,3108183,2531081830961231,,25,1,
2178612,3108184,2531081840961231,,25,1,
2178612,3108185,2531081850961231,,25,1,
2178612,3108186,2531081860961231,,25,1,
2178612,3108187,2531081870961231,,25,1,
2178612,3108180,2631081800961231,,26,1,
2178612,3108181,2631081810961231,,26,1,
2178612,3108182,2631081820961231,,26,1,
2178612,3108183,2631081830961231,,26,1,
2178612,3108184,2631081840961231,,26,1,
2178612,3108185,2631081850961231,,26,1,
2178612,3108186,2631081860961231,,26,1,
2178612,3108187,2631081870961231,,26,1,
2178612,3108180,2731081800961231,,27,1,
2178612,3108181,2731081810961231,,27,1,
2178612,3108182,2731081820961231,,27,1,
2178612,3108183,2731081830961231,,27,1,
2178612,3108184,2731081840961231,,27,1,
2178612,3108185,2731081850961231,,27,1,
2178612,3108186,2731081860961231,,27,1,
2178612,3108187,2731081870961231,,27,1,
2178612,3108180,2831081800961231,,28,1,
2178612,3108181,2831081810961231,,28,1,
2178612,3108182,2831081820961231,,28,1,
2178612,3108183,2831081830961231,,28,1,
2178612,3108184,2831081840961231,,28,1,
2178612,3108185,2831081850961231,,28,1,
2178612,3108186,2831081860961231,,28,1,
2178612,3108187,2831081870961231,,28,1,
2178612,3108180,2931081800961231,,29,1,
2178612,3108181,2931081810961231,,29,1,
2178612,3108182,2931081820961231,,29,1,
2178612,3108183,2931081830961231,,29,1,
2178612,3108184,2931081840961231,,29,1,
2178612,3108185,2931081850961231,,29,1,
2178612,3108186,2931081860961231,,29,1,
2178612,3108187,2931081870961231,,29,1,
2178612,3108180,3031081800961231,,30,1,
2178612,3108181,3031081810961231,,30,1,
2178612,3108182,3031081820961231,,30,1,
2178612,3108183,3031081830961231,,30,1,
2178612,3108184,3031081840961231,,30,1,
2178612,3108185,3031081850961231,,30,1,
2178612,3108186,3031081860961231,,30,1,
2178612,3108187,3031081870961231,,30,1,
2178612,3108180,3131081800961231,,31,1,
2178612,3108181,3131081810961231,,31,1,
2178612,3108182,3131081820961231,,31,1,
2178612,3108183,3131081830961231,,31,1,
2178612,3108184,3131081840961231,,31,1,
2178612,3108185,3131081850961231,,31,1,
2178612,3108186,3131081860961231,,31,1,
2178612,3108187,3131081870961231,,31,1,
2178612,3108180,3231081800961231,,32,1,
2178612,3108181,3231081810961231,,32,1,
2178612,3108182,3231081820961231,,32,1,
2178612,3108183,3231081830961231,,32,1,
2178612,3108184,3231081840961231,,32,1,
2178612,3108185,3231081850961231,,32,1,
2178612,3108186,3231081860961231,,32,1,
2178612,3108187,3231081870961231,,32,1,
2178612,3108180,331081800961231,,3,1,
2178612,3108181,331081810961231,,3,1,
2178612,3108182,331081820961231,,3,1,
2178612,3108183,331081830961231,,3,1,
2178612,3108184,331081840961231,,3,1,
2178612,3108185,331081850961231,,3,1,
2178612,3108186,331081860961231,,3,1,
2178612,3108187,331081870961231,,3,1,
2178612,3108180,3331081800961231,,33,1,
2178612,3108181,3331081810961231,,33,1,
2178612,3108182,3331081820961231,,33,1,
2178612,3108183,3331081830961231,,33,1,
2178612,3108184,3331081840961231,,33,1,
2178612,3108185,3331081850961231,,33,1,
2178612,3108186,3331081860961231,,33,1,
2178612,3108187,3331081870961231,,33,1,
2178612,3108180,3431081800961231,,34,1,
2178612,3108181,3431081810961231,,34,1,
2178612,3108182,3431081820961231,,34,1,
2178612,3108183,3431081830961231,,34,1,
2178612,3108184,3431081840961231,,34,1,
2178612,3108185,3431081850961231,,34,1,
2178612,3108186,3431081860961231,,34,1,
2178612,3108187,3431081870961231,,34,1,
2178612,3108180,3531081800961231,,35,1,
2178612,3108181,3531081810961231,,35,1,
2178612,3108182,3531081820961231,,35,1,
2178612,3108183,3531081830961231,,35,1,
2178612,3108184,3531081840961231,,35,1,
2178612,3108185,3531081850961231,,35,1,
2178612,3108186,3531081860961231,,35,1,
2178612,3108187,3531081870961231,,35,1,
2178612,3108180,3631081800961231,,36,1,
2178612,3108181,3631081810961231,,36,1,
2178612,3108182,3631081820961231,,36,1,
2178612,3108183,3631081830961231,,36,1,
2178612,3108184,3631081840961231,,36,1,
2178612,3108185,3631081850961231,,36,1,
2178612,3108186,3631081860961231,,36,1,
2178612,3108187,3631081870961231,,36,1,
2178612,3108180,3731081800961231,,37,1,
2178612,3108181,3731081810961231,,37,1,
2178612,3108182,3731081820961231,,37,1,
2178612,3108183,3731081830961231,,37,1,
2178612,3108184,3731081840961231,,37,1,
2178612,3108185,3731081850961231,,37,1,
2178612,3108186,3731081860961231,,37,1,
2178612,3108187,3731081870961231,,37,1,
2178612,3108180,3831081800961231,,38,1,
2178612,3108181,3831081810961231,,38,1,
2178612,3108182,3831081820961231,,38,1,
2178612,3108183,3831081830961231,,38,1,
2178612,3108184,3831081840961231,,38,1,
2178612,3108185,3831081850961231,,38,1,
2178612,3108186,3831081860961231,,38,1,
2178612,3108187,3831081870961231,,38,1,
2178612,3108180,3931081800961231,,39,1,
2178612,3108181,3931081810961231,,39,1,
2178612,3108182,3931081820961231,,39,1,
2178612,3108183,3931081830961231,,39,1,
2178612,3108184,3931081840961231,,39,1,
2178612,3108185,3931081850961231,,39,1,
2178612,3108186,3931081860961231,,39,1,
2178612,3108187,3931081870961231,,39,1,
2178612,3108180,4031081800961231,,40,1,
2178612,3108181,4031081810961231,,40,1,
2178612,3108182,4031081820961231,,40,1,
2178612,3108183,4031081830961231,,40,1,
2178612,3108184,4031081840961231,,40,1,
2178612,3108185,4031081850961231,,40,1,
2178612,3108186,4031081860961231,,40,1,
2178612,3108187,4031081870961231,,40,1,
2178612,3108180,4131081800961231,,41,1,
2178612,3108181,4131081810961231,,41,1,
2178612,3108182,4131081820961231,,41,1,
2178612,3108183,4131081830961231,,41,1,
2178612,3108184,4131081840961231,,41,1,
2178612,3108185,4131081850961231,,41,1,
2178612,3108186,4131081860961231,,41,1,
2178612,3108187,4131081870961231,,41,1,
2178612,3108180,4231081800961231,,42,1,
2178612,3108181,4231081810961231,,42,1,
2178612,3108182,4231081820961231,,42,1,
2178612,3108183,4231081830961231,,42,1,
2178612,3108184,4231081840961231,,42,1,
2178612,3108185,4231081850961231,,42,1,
2178612,3108186,4231081860961231,,42,1,
2178612,3108187,4231081870961231,,42,1,
2178612,3108180,431081800961231,,4,1,
2178612,3108181,431081810961231,,4,1,
2178612,3108182,431081820961231,,4,1,
2178612,3108183,431081830961231,,4,1,
2178612,3108184,431081840961231,,4,1,
2178612,3108185,431081850961231,,4,1,
2178612,3108186,431081860961231,,4,1,
2178612,3108187,431081870961231,,4,1,
2178612,3108180,4331081800961231,,43,1,
2178612,3108181,4331081810961231,,43,1,
2178612,3108182,4331081820961231,,43,1,
2178612,3108183,4331081830961231,,43,1,
2178612,3108184,4331081840961231,,43,1,
2178612,3108185,4331081850961231,,43,1,
2178612,3108186,4331081860961231,,43,1,
2178612,3108187,4331081870961231,,43,1,
2178612,3108180,4431081800961231,,44,1,
2178612,3108181,4431081810961231,,44,1,
2178612,3108182,4431081820961231,,44,1,
2178612,3108183,4431081830961231,,44,1,
2178612,3108184,4431081840961231,,44,1,
2178612,3108185,4431081850961231,,44,1,
2178612,3108186,4431081860961231,,44,1,
2178612,3108187,4431081870961231,,44,1,
2178612,3108180,4531081800961231,,45,1,
2178612,3108181,4531081810961231,,45,1,
2178612,3108182,4531081820961231,,45,1,
2178612,3108183,4531081830961231,,45,1,
2178612,3108184,4531081840961231,,45,1,
2178612,3108185,4531081850961231,,45,1,
2178612,3108186,4531081860961231,,45,1,
2178612,3108187,4531081870961231,,45,1,
2178612,3108180,4631081800961231,,46,1,
2178612,3108181,4631081810961231,,46,1,
2178612,3108182,4631081820961231,,46,1,
2178612,3108183,4631081830961231,,46,1,
2178612,3108184,4631081840961231,,46,1,
2178612,3108185,4631081850961231,,46,1,
2178612,3108186,4631081860961231,,46,1,
2178612,3108187,4631081870961231,,46,1,
2178612,3108180,4731081800961231,,47,1,
2178612,3108181,4731081810961231,,47,1,
2178612,3108182,4731081820961231,,47,1,
2178612,3108183,4731081830961231,,47,1,
2178612,3108184,4731081840961231,,47,1,
2178612,3108185,4731081850961231,,47,1,
2178612,3108186,4731081860961231,,47,1,
2178612,3108187,4731081870961231,,47,1,
2178612,3108180,4831081800961231,,48,1,
2178612,3108181,4831081810961231,,48,1,
2178612,3108182,4831081820961231,,48,1,
2178612,3108183,4831081830961231,,48,1,
2178612,3108184,4831081840961231,,48,1,
2178612,3108185,4831081850961231,,48,1,
2178612,3108186,4831081860961231,,48,1,
2178612,3108187,4831081870961231,,48,1,
2178612,3108180,4931081800961231,,49,1,
2178612,3108181,4931081810961231,,49,1,
2178612,3108182,4931081820961231,,49,1,
2178612,3108183,4931081830961231,,49,1,
2178612,3108184,4931081840961231,,49,1,
2178612,3108185,4931081850961231,,49,1,
2178612,3108186,4931081860961231,,49,1,
2178612,3108187,4931081870961231,,49,1,
2178612,3108180,5031081800961231,,50,1,
2178612,3108181,5031081810961231,,50,1,
2178612,3108182,5031081820961231,,50,1,
2178612,3108183,5031081830961231,,50,1,
2178612,3108184,5031081840961231,,50,1,
2178612,3108185,5031081850961231,,50,1,
2178612,3108186,5031081860961231,,50,1,
2178612,3108187,5031081870961231,,50,1,
2178612,3108180,5131081800961231,,51,1,
2178612,3108181,5131081810961231,,51,1,
2178612,3108182,5131081820961231,,51,1,
2178612,3108183,5131081830961231,,51,1,
2178612,3108184,5131081840961231,,51,1,
2178612,3108185,5131081850961231,,51,1,
2178612,3108186,5131081860961231,,51,1,
2178612,3108187,5131081870961231,,51,1,
2178612,3108180,5231081800961231,,52,1,
2178612,3108181,5231081810961231,,52,1,
2178612,3108182,5231081820961231,,52,1,
2178612,3108183,5231081830961231,,52,1,
2178612,3108184,5231081840961231,,52,1,
2178612,3108185,5231081850961231,,52,1,
2178612,3108186,5231081860961231,,52,1,
2178612,3108187,5231081870961231,,52,1,
2178612,3108180,531081800961231,,5,1,
2178612,3108181,531081810961231,,5,1,
2178612,3108182,531081820961231,,5,1,
2178612,3108183,531081830961231,,5,1,
2178612,3108184,531081840961231,,5,1,
2178612,3108185,531081850961231,,5,1,
2178612,3108186,531081860961231,,5,1,
2178612,3108187,531081870961231,,5,1,
2178612,3108180,5331081800961231,,53,1,
2178612,3108181,5331081810961231,,53,1,
2178612,3108182,5331081820961231,,53,1,
2178612,3108183,5331081830961231,,53,1,
2178612,3108184,5331081840961231,,53,1,
2178612,3108185,5331081850961231,,53,1,
2178612,3108186,5331081860961231,,53,1,
2178612,3108187,5331081870961231,,53,1,
2178612,3108180,5431081800961231,,54,1,
2178612,3108181,5431081810961231,,54,1,
2178612,3108182,5431081820961231,,54,1,
2178612,3108183,5431081830961231,,54,1,
2178612,3108184,5431081840961231,,54,1,
2178612,3108185,5431081850961231,,54,1,
2178612,3108186,5431081860961231,,54,1,
2178612,3108187,5431081870961231,,54,1,
2178612,3108180,5531081800961231,,55,1,
2178612,3108181,5531081810961231,,55,1,
2178612,3108182,5531081820961231,,55,1,
2178612,3108183,5531081830961231,,55,1,
2178612,3108184,5531081840961231,,55,1,
2178612,3108185,5531081850961231,,55,1,
2178612,3108186,5531081860961231,,55,1,
2178612,3108187,5531081870961231,,55,1,
2178612,3108180,5631081800961231,,56,1,
2178612,3108181,5631081810961231,,56,1,
2178612,3108182,5631081820961231,,56,1,
2178612,3108183,5631081830961231,,56,1,
2178612,3108184,5631081840961231,,56,1,
2178612,3108185,5631081850961231,,56,1,
2178612,3108186,5631081860961231,,56,1,
2178612,3108187,5631081870961231,,56,1,
2178612,3108180,5731081800961231,,57,1,
2178612,3108181,5731081810961231,,57,1,
2178612,3108182,5731081820961231,,57,1,
2178612,3108183,5731081830961231,,57,1,
2178612,3108184,5731081840961231,,57,1,
2178612,3108185,5731081850961231,,57,1,
2178612,3108186,5731081860961231,,57,1,
2178612,3108187,5731081870961231,,57,1,
2178612,3108180,5831081800961231,,58,1,
2178612,3108181,5831081810961231,,58,1,
2178612,3108182,5831081820961231,,58,1,
2178612,3108183,5831081830961231,,58,1,
2178612,3108184,5831081840961231,,58,1,
2178612,3108185,5831081850961231,,58,1,
2178612,3108186,5831081860961231,,58,1,
2178612,3108187,5831081870961231,,58,1,
2178612,3108180,5931081800961231,,59,1,
2178612,3108181,5931081810961231,,59,1,
2178612,3108182,5931081820961231,,59,1,
2178612,3108183,5931081830961231,,59,1,
2178612,3108184,5931081840961231,,59,1,
2178612,3108185,5931081850961231,,59,1,
2178612,3108186,5931081860961231,,59,1,
2178612,3108187,5931081870961231,,59,1,
2178612,3108180,6031081800961231,,60,1,
2178612,3108181,6031081810961231,,60,1,
2178612,3108182,6031081820961231,,60,1,
2178612,3108183,6031081830961231,,60,1,
2178612,3108184,6031081840961231,,60,1,
2178612,3108185,6031081850961231,,60,1,
2178612,3108186,6031081860961231,,60,1,
2178612,3108187,6031081870961231,,60,1,
2178612,3108180,6131081800961231,,61,1,
2178612,3108181,6131081810961231,,61,1,
2178612,3108182,6131081820961231,,61,1,
2178612,3108183,6131081830961231,,61,1,
2178612,3108184,6131081840961231,,61,1,
2178612,3108185,6131081850961231,,61,1,
2178612,3108186,6131081860961231,,61,1,
2178612,3108187,6131081870961231,,61,1,
2178612,3108180,6231081800961231,,62,1,
2178612,3108181,6231081810961231,,62,1,
2178612,3108182,6231081820961231,,62,1,
2178612,3108183,6231081830961231,,62,1,
2178612,3108184,6231081840961231,,62,1,
2178612,3108185,6231081850961231,,62,1,
2178612,3108186,6231081860961231,,62,1,
2178612,3108187,6231081870961231,,62,1,
2178612,3108180,631081800961231,,6,1,
2178612,3108181,631081810961231,,6,1,
2178612,3108182,631081820961231,,6,1,
2178612,3108183,631081830961231,,6,1,
2178612,3108184,631081840961231,,6,1,
2178612,3108185,631081850961231,,6,1,
2178612,3108186,631081860961231,,6,1,
2178612,3108187,631081870961231,,6,1,
2178612,3108180,6331081800961231,,63,1,
2178612,3108181,6331081810961231,,63,1,
2178612,3108182,6331081820961231,,63,1,
2178612,3108183,6331081830961231,,63,1,
2178612,3108184,6331081840961231,,63,1,
2178612,3108185,6331081850961231,,63,1,
2178612,3108186,6331081860961231,,63,1,
2178612,3108187,6331081870961231,,63,1,
2178612,3108180,6431081800961231,,64,1,
2178612,3108181,6431081810961231,,64,1,
2178612,3108182,6431081820961231,,64,1,
2178612,3108183,6431081830961231,,64,1,
2178612,3108184,6431081840961231,,64,1,
2178612,3108185,6431081850961231,,64,1,
2178612,3108186,6431081860961231,,64,1,
2178612,3108187,6431081870961231,,64,1,
2178612,3108180,6531081800961231,,65,1,
2178612,3108181,6531081810961231,,65,1,
2178612,3108182,6531081820961231,,65,1,
2178612,3108183,6531081830961231,,65,1,
2178612,3108184,6531081840961231,,65,1,
2178612,3108185,6531081850961231,,65,1,
2178612,3108186,6531081860961231,,65,1,
2178612,3108187,6531081870961231,,65,1,
2178612,13108180,6631081800961231,,66,1,
2178612,3108181,6631081810961231,,66,1,
2178612,3108182,6631081820961231,,66,1,
2178612,3108183,6631081830961231,,66,1,
2178612,3108184,6631081840961231,,66,1,
2178612,3108185,6631081850961231,,66,1,
2178612,3108186,6631081860961231,,66,1,
2178612,3108187,6631081870961231,,66,1,
2178612,13108180,6731081800961231,,67,1,
2178612,3108181,6731081810961231,,67,1,
2178612,3108182,6731081820961231,,67,1,
2178612,3108183,6731081830961231,,67,1,
2178612,3108184,6731081840961231,,67,1,
2178612,3108185,6731081850961231,,67,1,
2178612,3108186,6731081860961231,,67,1,
2178612,3108187,6731081870961231,,67,1,
2178612,3108181,6831081810961231,,68,1,
2178612,3108182,6831081820961231,,68,1,
2178612,3108183,6831081830961231,,68,1,
2178612,3108184,6831081840961231,,68,1,
2178612,3108185,6831081850961231,,68,1,
2178612,3108186,6831081860961231,,68,1,
2178612,3108187,6831081870961231,,68,1,
2178612,3108181,6931081810961231,,69,1,
2178612,3108182,6931081820961231,,69,1,
2178612,3108183,6931081830961231,,69,1,
2178612,3108184,6931081840961231,,69,1,
2178612,3108185,6931081850961231,,69,1,
2178612,3108186,6931081860961231,,69,1,
2178612,3108187,6931081870961231,,69,1,
2178612,3108181,7031081810961231,,70,1,
2178612,3108182,7031081820961231,,70,1,
2178612,3108183,7031081830961231,,70,1,
2178612,3108184,7031081840961231,,70,1,
2178612,3108185,7031081850961231,,70,1,
2178612,3108186,7031081860961231,,70,1,
2178612,3108187,7031081870961231,,70,1,
2178612,3108181,7131081810961231,,71,1,
2178612,3108182,7131081820961231,,71,1,
2178612,3108183,7131081830961231,,71,1,
2178612,3108184,7131081840961231,,71,1,
2178612,3108185,7131081850961231,,71,1,
2178612,3108186,7131081860961231,,71,1,
2178612,3108187,7131081870961231,,71,1,
2178612,3108181,7231081810961231,,72,1,
2178612,3108182,7231081820961231,,72,1,
2178612,3108183,7231081830961231,,72,1,
2178612,3108184,7231081840961231,,72,1,
2178612,3108185,7231081850961231,,72,1,
2178612,3108186,7231081860961231,,72,1,
2178612,3108187,7231081870961231,,72,1,
2178612,3108180,731081800961231,,7,1,
2178612,3108181,731081810961231,,7,1,
2178612,3108182,731081820961231,,7,1,
2178612,3108183,731081830961231,,7,1,
2178612,3108184,731081840961231,,7,1,
2178612,3108185,731081850961231,,7,1,
2178612,3108186,731081860961231,,7,1,
2178612,3108187,731081870961231,,7,1,
2178612,3108181,7331081810961231,,73,1,
2178612,3108182,7331081820961231,,73,1,
2178612,3108183,7331081830961231,,73,1,
2178612,3108184,7331081840961231,,73,1,
2178612,3108185,7331081850961231,,73,1,
2178612,3108186,7331081860961231,,73,1,
2178612,3108187,7331081870961231,,73,1,
2178612,3108181,7431081810961231,,74,1,
2178612,3108182,7431081820961231,,74,1,
2178612,3108183,7431081830961231,,74,1,
2178612,3108184,7431081840961231,,74,1,
2178612,3108185,7431081850961231,,74,1,
2178612,3108186,7431081860961231,,74,1,
2178612,3108187,7431081870961231,,74,1,
2178612,3108181,7531081810961231,,75,1,
2178612,3108182,7531081820961231,,75,1,
2178612,3108183,7531081830961231,,75,1,
2178612,3108184,7531081840961231,,75,1,
2178612,3108185,7531081850961231,,75,1,
2178612,3108186,7531081860961231,,75,1,
2178612,3108187,7531081870961231,,75,1,
2178612,3108181,7631081810961231,,76,1,
2178612,3108182,7631081820961231,,76,1,
2178612,3108183,7631081830961231,,76,1,
2178612,3108184,7631081840961231,,76,1,
2178612,3108185,7631081850961231,,76,1,
2178612,3108186,7631081860961231,,76,1,
2178612,3108187,7631081870961231,,76,1,
2178612,3108181,7731081810961231,,77,1,
2178612,3108182,7731081820961231,,77,1,
2178612,3108183,7731081830961231,,77,1,
2178612,3108184,7731081840961231,,77,1,
2178612,3108185,7731081850961231,,77,1,
2178612,3108186,7731081860961231,,77,1,
2178612,3108187,7731081870961231,,77,1,
2178612,3108181,7831081810961231,,78,1,
2178612,3108182,7831081820961231,,78,1,
2178612,3108183,7831081830961231,,78,1,
2178612,3108184,7831081840961231,,78,1,
2178612,13108185,7831081850961231,,78,1,
2178612,3108186,7831081860961231,,78,1,
2178612,3108187,7831081870961231,,78,1,
2178612,3108181,7931081810961231,,79,1,
2178612,3108182,7931081820961231,,79,1,
2178612,3108183,7931081830961231,,79,1,
2178612,3108184,7931081840961231,,79,1,
2178612,13108185,7931081850961231,,79,1,
2178612,3108186,7931081860961231,,79,1,
2178612,3108187,7931081870961231,,79,1,
2178612,3108181,8031081810961231,,80,1,
2178612,3108182,8031081820961231,,80,1,
2178612,3108183,8031081830961231,,80,1,
2178612,3108184,8031081840961231,,80,1,
2178612,13108185,8031081850961231,,80,1,
2178612,3108186,8031081860961231,,80,1,
2178612,3108187,8031081870961231,,80,1,
2178612,3108181,8131081810961231,,81,1,
2178612,3108182,8131081820961231,,81,1,
2178612,3108183,8131081830961231,,81,1,
2178612,3108184,8131081840961231,,81,1,
2178612,13108185,8131081850961231,,81,1,
2178612,3108186,8131081860961231,,81,1,
2178612,3108187,8131081870961231,,81,1,
2178612,3108181,8231081810961231,,82,1,
2178612,3108182,8231081820961231,,82,1,
2178612,3108183,8231081830961231,,82,1,
2178612,3108184,8231081840961231,,82,1,
2178612,13108185,8231081850961231,,82,1,
2178612,3108186,8231081860961231,,82,1,
2178612,3108187,8231081870961231,,82,1,
2178612,3108180,831081800961231,,8,1,
2178612,3108181,831081810961231,,8,1,
2178612,3108182,831081820961231,,8,1,
2178612,3108183,831081830961231,,8,1,
2178612,3108184,831081840961231,,8,1,
2178612,3108185,831081850961231,,8,1,
2178612,3108186,831081860961231,,8,1,
2178612,3108187,831081870961231,,8,1,
2178612,3108181,8331081810961231,,83,1,
2178612,3108182,8331081820961231,,83,1,
2178612,3108183,8331081830961231,,83,1,
2178612,3108184,8331081840961231,,83,1,
2178612,3108186,8331081860961231,,83,1,
2178612,3108187,8331081870961231,,83,1,
2178612,3108181,8431081810961231,,84,1,
2178612,3108182,8431081820961231,,84,1,
2178612,3108183,8431081830961231,,84,1,
2178612,3108184,8431081840961231,,84,1,
2178612,3108186,8431081860961231,,84,1,
2178612,3108187,8431081870961231,,84,1,
2178612,3108181,8531081810961231,,85,1,
2178612,3108182,8531081820961231,,85,1,
2178612,3108183,8531081830961231,,85,1,
2178612,3108184,8531081840961231,,85,1,
2178612,3108186,8531081860961231,,85,1,
2178612,3108187,8531081870961231,,85,1,
2178612,3108181,8631081810961231,,86,1,
2178612,3108182,8631081820961231,,86,1,
2178612,3108183,8631081830961231,,86,1,
2178612,3108184,8631081840961231,,86,1,
2178612,3108186,8631081860961231,,86,1,
2178612,3108187,8631081870961231,,86,1,
2178612,3108181,8731081810961231,,87,1,
2178612,3108182,8731081820961231,,87,1,
2178612,3108183,8731081830961231,,87,1,
2178612,3108184,8731081840961231,,87,1,
2178612,3108186,8731081860961231,,87,1,
2178612,3108187,8731081870961231,,87,1,
2178612,3108181,8831081810961231,,88,1,
2178612,3108182,8831081820961231,,88,1,
2178612,3108183,8831081830961231,,88,1,
2178612,3108184,8831081840961231,,88,1,
2178612,3108186,8831081860961231,,88,1,
2178612,3108187,8831081870961231,,88,1,
2178612,3108181,8931081810961231,,89,1,
2178612,3108182,8931081820961231,,89,1,
2178612,3108183,8931081830961231,,89,1,
2178612,3108184,8931081840961231,,89,1,
2178612,3108186,8931081860961231,,89,1,
2178612,3108187,8931081870961231,,89,1,
2178612,3108181,9031081810961231,,90,1,
2178612,3108182,9031081820961231,,90,1,
2178612,3108183,9031081830961231,,90,1,
2178612,3108184,9031081840961231,,90,1,
2178612,3108186,9031081860961231,,90,1,
2178612,3108187,9031081870961231,,90,1,
2178612,3108181,9131081810961231,,91,1,
2178612,3108182,9131081820961231,,91,1,
2178612,3108183,9131081830961231,,91,1,
2178612,3108184,9131081840961231,,91,1,
2178612,3108186,9131081860961231,,91,1,
2178612,3108187,9131081870961231,,91,1,
2178612,3108181,9231081810961231,,92,1,
2178612,3108182,9231081820961231,,92,1,
2178612,3108183,9231081830961231,,92,1,
2178612,3108184,9231081840961231,,92,1,
2178612,3108186,9231081860961231,,92,1,
2178612,3108187,9231081870961231,,92,1,
2178612,3108180,931081800961231,,9,1,
2178612,3108181,931081810961231,,9,1,
2178612,3108182,931081820961231,,9,1,
2178612,3108183,931081830961231,,9,1,
2178612,3108184,931081840961231,,9,1,
2178612,3108185,931081850961231,,9,1,
2178612,3108186,931081860961231,,9,1,
2178612,3108187,931081870961231,,9,1,
2178612,3108181,9331081810961231,,93,1,
2178612,3108182,9331081820961231,,93,1,
2178612,3108183,9331081830961231,,93,1,
2178612,3108184,9331081840961231,,93,1,
2178612,3108186,9331081860961231,,93,1,
2178612,3108187,9331081870961231,,93,1,
2178612,3108181,9431081810961231,,94,1,
2178612,3108182,9431081820961231,,94,1,
2178612,3108183,9431081830961231,,94,1,
2178612,3108184,9431081840961231,,94,1,
2178612,3108186,9431081860961231,,94,1,
2178612,3108187,9431081870961231,,94,1,
2178612,3108181,9531081810961231,,95,1,
2178612,3108182,9531081820961231,,95,1,
2178612,3108183,9531081830961231,,95,1,
2178612,13108184,9531081840961231,,95,1,
2178612,3108186,9531081860961231,,95,1,
2178612,3108187,9531081870961231,,95,1,
2178612,3108181,9631081810961231,,96,1,
2178612,3108182,9631081820961231,,96,1,
2178612,3108183,9631081830961231,,96,1,
2178612,13108184,9631081840961231,,96,1,
2178612,3108186,9631081860961231,,96,1,
2178612,3108187,9631081870961231,,96,1,
2178612,3108181,9731081810961231,,97,1,
2178612,3108182,9731081820961231,,97,1,
2178612,3108183,9731081830961231,,97,1,
2178612,13108184,9731081840961231,,97,1,
2178612,3108186,9731081860961231,,97,1,
2178612,3108187,9731081870961231,,97,1,
2178612,3108181,9831081810961231,,98,1,
2178612,3108182,9831081820961231,,98,1,
2178612,3108183,9831081830961231,,98,1,
2178612,13108184,9831081840961231,,98,1,
2178612,3108186,9831081860961231,,98,1,
2178612,3108187,9831081870961231,,98,1,
2178612,3108181,9931081810961231,,99,1,
2178612,3108182,9931081820961231,,99,1,
2178612,3108183,9931081830961231,,99,1,
2178612,13108184,9931081840961231,,99,1,
2178612,3108186,9931081860961231,,99,1,
2178612,3108187,9931081870961231,,99,1,
2178612,3108180,131081800961230,,1,1,
2178612,3108180,231081800961230,,2,1,
2178612,3108182,131081821428111,,1,1,
2178612,3108186,131081861428111,,1,1,
2178612,3108182,231081821428111,,2,1,
2178612,3108186,231081861428111,,2,1,
2178775,3108188,131081881443414,,1,0,
2178775,3108189,131081891443414,,1,0,
2178775,3108190,131081901443414,,1,0,
2178775,3108188,231081881443414,,2,0,
2178775,3108189,231081891443414,,2,0,
2178775,3108190,231081901443414,,2,0,
2178775,3108188,331081881443414,,3,0,
2178775,3108190,331081901443414,,3,0,
2178776,3108188,131081881443415,,1,1,
2178776,3108189,131081891443415,,1,1,
2178776,3108190,131081901443415,,1,1,
2178776,3108188,231081881443415,,2,1,
2178776,3108190,231081901443415,,2,1,
2178776,3108188,331081881443415,,3,1,
2178776,3108190,331081901443415,,3,1,
