route_id,service_id,trip_id,trip_headsign,trip_short_name,direction_id,shape_id
2010250,3107785,10031077852005463,,100,1,
2010250,3107786,10031077862005463,,100,1,
2010250,3107785,10131077852005463,,101,1,
2010250,3107786,10131077862005463,,101,1,
2010250,3107785,10231077852005463,,102,1,
2010250,3107786,10231077862005463,,102,1,
2010250,3107784,1031077842005463,,10,1,
2010250,3107785,1031077852005463,,10,1,
2010250,3107786,1031077862005463,,10,1,
2010250,3107788,1031077882005463,,10,1,
2010250,3107790,1031077902005463,,10,1,
2010250,3107785,10331077852005463,,103,1,
2010250,3107786,10331077862005463,,103,1,
2010250,3107785,10431077852005463,,104,1,
2010250,3107786,10431077862005463,,104,1,
2010250,3107785,10531077852005463,,105,1,
2010250,3107786,10531077862005463,,105,1,
2010250,3107785,10631077852005463,,106,1,
2010250,3107786,10631077862005463,,106,1,
2010250,3107785,10731077852005463,,107,1,
2010250,3107786,10731077862005463,,107,1,
2010250,3107785,10831077852005463,,108,1,
2010250,3107786,10831077862005463,,108,1,
2010250,3107785,10931077852005463,,109,1,
2010250,3107786,10931077862005463,,109,1,
2010250,3107785,11031077852005463,,110,1,
2010250,3107786,11031077862005463,,110,1,
2010250,3107785,11131077852005463,,111,1,
2010250,3107786,11131077862005463,,111,1,
2010250,3107785,11231077852005463,,112,1,
2010250,13107786,11231077862005463,,112,1,
2010250,3107784,1131077842005463,,11,1,
2010250,3107785,1131077852005463,,11,1,
2010250,3107786,1131077862005463,,11,1,
2010250,3107788,1131077882005463,,11,1,
2010250,3107790,1131077902005463,,11,1,
2010250,3107785,11331077852005463,,113,1,
2010250,13107786,11331077862005463,,113,1,
2010250,3107785,11431077852005463,,114,1,
2010250,3107785,11531077852005463,,115,1,
2010250,3107785,11631077852005463,,116,1,
2010250,3107785,11731077852005463,,117,1,
2010250,3107785,11831077852005463,,118,1,
2010250,3107785,11931077852005463,,119,1,
2010250,3107785,12031077852005463,,120,1,
2010250,3107785,12131077852005463,,121,1,
2010250,3107785,12231077852005463,,122,1,
2010250,3107784,1231077842005463,,12,1,
2010250,3107785,1231077852005463,,12,1,
2010250,3107786,1231077862005463,,12,1,
2010250,3107788,1231077882005463,,12,1,
2010250,3107790,1231077902005463,,12,1,
2010250,3107785,12331077852005463,,123,1,
2010250,3107785,12431077852005463,,124,1,
2010250,13107785,12531077852005463,,125,1,
2010250,13107785,12631077852005463,,126,1,
2010250,3107784,131077842005463,,1,1,
2010250,3107785,131077852005463,,1,1,
2010250,3107786,131077862005463,,1,1,
2010250,3107788,131077882005463,,1,1,
2010250,3107790,131077902005463,,1,1,
2010250,3107784,1331077842005463,,13,1,
2010250,3107785,1331077852005463,,13,1,
2010250,3107786,1331077862005463,,13,1,
2010250,3107788,1331077882005463,,13,1,
2010250,3107790,1331077902005463,,13,1,
2010250,3107784,1431077842005463,,14,1,
2010250,3107785,1431077852005463,,14,1,
2010250,3107786,1431077862005463,,14,1,
2010250,3107788,1431077882005463,,14,1,
2010250,3107790,1431077902005463,,14,1,
2010250,3107784,1531077842005463,,15,1,
2010250,3107785,1531077852005463,,15,1,
2010250,3107786,1531077862005463,,15,1,
2010250,3107788,1531077882005463,,15,1,
2010250,3107790,1531077902005463,,15,1,
2010250,3107784,1631077842005463,,16,1,
2010250,3107785,1631077852005463,,16,1,
2010250,3107786,1631077862005463,,16,1,
2010250,3107788,1631077882005463,,16,1,
2010250,3107790,1631077902005463,,16,1,
2010250,3107784,1731077842005463,,17,1,
2010250,3107785,1731077852005463,,17,1,
2010250,3107786,1731077862005463,,17,1,
2010250,3107788,1731077882005463,,17,1,
2010250,3107790,1731077902005463,,17,1,
2010250,3107784,1831077842005463,,18,1,
2010250,3107785,1831077852005463,,18,1,
2010250,3107786,1831077862005463,,18,1,
2010250,3107788,1831077882005463,,18,1,
2010250,3107790,1831077902005463,,18,1,
2010250,3107784,1931077842005463,,19,1,
2010250,3107785,1931077852005463,,19,1,
2010250,3107786,1931077862005463,,19,1,
2010250,3107788,1931077882005463,,19,1,
2010250,3107790,1931077902005463,,19,1,
2010250,3107784,2031077842005463,,20,1,
2010250,3107785,2031077852005463,,20,1,
2010250,3107786,2031077862005463,,20,1,
2010250,3107788,2031077882005463,,20,1,
2010250,3107790,2031077902005463,,20,1,
2010250,3107784,2131077842005463,,21,1,
2010250,3107785,2131077852005463,,21,1,
2010250,3107786,2131077862005463,,21,1,
2010250,3107788,2131077882005463,,21,1,
2010250,3107790,2131077902005463,,21,1,
2010250,3107784,2231077842005463,,22,1,
2010250,3107785,2231077852005463,,22,1,
2010250,3107786,2231077862005463,,22,1,
2010250,3107788,2231077882005463,,22,1,
2010250,3107790,2231077902005463,,22,1,
2010250,3107784,231077842005463,,2,1,
2010250,3107785,231077852005463,,2,1,
2010250,3107786,231077862005463,,2,1,
2010250,3107788,231077882005463,,2,1,
2010250,3107790,231077902005463,,2,1,
2010250,3107784,2331077842005463,,23,1,
2010250,3107785,2331077852005463,,23,1,
2010250,3107786,2331077862005463,,23,1,
2010250,3107788,2331077882005463,,23,1,
2010250,3107790,2331077902005463,,23,1,
2010250,3107784,2431077842005463,,24,1,
2010250,3107785,2431077852005463,,24,1,
2010250,3107786,2431077862005463,,24,1,
2010250,3107788,2431077882005463,,24,1,
2010250,3107790,2431077902005463,,24,1,
2010250,3107784,2531077842005463,,25,1,
2010250,3107785,2531077852005463,,25,1,
2010250,3107786,2531077862005463,,25,1,
2010250,3107788,2531077882005463,,25,1,
2010250,3107790,2531077902005463,,25,1,
2010250,3107784,2631077842005463,,26,1,
2010250,3107785,2631077852005463,,26,1,
2010250,3107786,2631077862005463,,26,1,
2010250,3107788,2631077882005463,,26,1,
2010250,3107790,2631077902005463,,26,1,
2010250,3107784,2731077842005463,,27,1,
2010250,3107785,2731077852005463,,27,1,
2010250,3107786,2731077862005463,,27,1,
2010250,3107788,2731077882005463,,27,1,
2010250,3107790,2731077902005463,,27,1,
2010250,3107784,2831077842005463,,28,1,
2010250,3107785,2831077852005463,,28,1,
2010250,3107786,2831077862005463,,28,1,
2010250,3107788,2831077882005463,,28,1,
2010250,3107790,2831077902005463,,28,1,
2010250,3107784,2931077842005463,,29,1,
2010250,3107785,2931077852005463,,29,1,
2010250,3107786,2931077862005463,,29,1,
2010250,3107788,2931077882005463,,29,1,
2010250,3107790,2931077902005463,,29,1,
2010250,3107784,3031077842005463,,30,1,
2010250,3107785,3031077852005463,,30,1,
2010250,3107786,3031077862005463,,30,1,
2010250,3107788,3031077882005463,,30,1,
2010250,3107790,3031077902005463,,30,1,
2010250,3107784,3131077842005463,,31,1,
2010250,3107785,3131077852005463,,31,1,
2010250,3107786,3131077862005463,,31,1,
2010250,3107788,3131077882005463,,31,1,
2010250,3107790,3131077902005463,,31,1,
2010250,3107784,3231077842005463,,32,1,
2010250,3107785,3231077852005463,,32,1,
2010250,3107786,3231077862005463,,32,1,
2010250,3107788,3231077882005463,,32,1,
2010250,3107790,3231077902005463,,32,1,
2010250,3107784,331077842005463,,3,1,
2010250,3107785,331077852005463,,3,1,
2010250,3107786,331077862005463,,3,1,
2010250,3107788,331077882005463,,3,1,
2010250,3107790,331077902005463,,3,1,
2010250,3107784,3331077842005463,,33,1,
2010250,3107785,3331077852005463,,33,1,
2010250,3107786,3331077862005463,,33,1,
2010250,3107788,3331077882005463,,33,1,
2010250,3107790,3331077902005463,,33,1,
2010250,3107784,3431077842005463,,34,1,
2010250,3107785,3431077852005463,,34,1,
2010250,3107786,3431077862005463,,34,1,
2010250,3107788,3431077882005463,,34,1,
2010250,3107790,3431077902005463,,34,1,
2010250,3107784,3531077842005463,,35,1,
2010250,3107785,3531077852005463,,35,1,
2010250,3107786,3531077862005463,,35,1,
2010250,3107788,3531077882005463,,35,1,
2010250,3107790,3531077902005463,,35,1,
2010250,3107784,3631077842005463,,36,1,
2010250,3107785,3631077852005463,,36,1,
2010250,3107786,3631077862005463,,36,1,
2010250,3107788,3631077882005463,,36,1,
2010250,3107790,3631077902005463,,36,1,
2010250,3107784,3731077842005463,,37,1,
2010250,3107785,3731077852005463,,37,1,
2010250,3107786,3731077862005463,,37,1,
2010250,3107788,3731077882005463,,37,1,
2010250,3107790,3731077902005463,,37,1,
2010250,3107784,3831077842005463,,38,1,
2010250,3107785,3831077852005463,,38,1,
2010250,3107786,3831077862005463,,38,1,
2010250,3107788,3831077882005463,,38,1,
2010250,3107790,3831077902005463,,38,1,
2010250,3107784,3931077842005463,,39,1,
2010250,3107785,3931077852005463,,39,1,
2010250,3107786,3931077862005463,,39,1,
2010250,3107788,3931077882005463,,39,1,
2010250,3107790,3931077902005463,,39,1,
2010250,3107784,4031077842005463,,40,1,
2010250,3107785,4031077852005463,,40,1,
2010250,3107786,4031077862005463,,40,1,
2010250,3107788,4031077882005463,,40,1,
2010250,3107790,4031077902005463,,40,1,
2010250,3107784,4131077842005463,,41,1,
2010250,3107785,4131077852005463,,41,1,
2010250,3107786,4131077862005463,,41,1,
2010250,3107788,4131077882005463,,41,1,
2010250,3107790,4131077902005463,,41,1,
2010250,3107784,4231077842005463,,42,1,
2010250,3107785,4231077852005463,,42,1,
2010250,3107786,4231077862005463,,42,1,
2010250,3107788,4231077882005463,,42,1,
2010250,3107790,4231077902005463,,42,1,
2010250,3107784,431077842005463,,4,1,
2010250,3107785,431077852005463,,4,1,
2010250,3107786,431077862005463,,4,1,
2010250,3107788,431077882005463,,4,1,
2010250,3107790,431077902005463,,4,1,
2010250,3107784,4331077842005463,,43,1,
2010250,3107785,4331077852005463,,43,1,
2010250,3107786,4331077862005463,,43,1,
2010250,3107788,4331077882005463,,43,1,
2010250,3107790,4331077902005463,,43,1,
2010250,3107784,4431077842005463,,44,1,
2010250,3107785,4431077852005463,,44,1,
2010250,3107786,4431077862005463,,44,1,
2010250,3107788,4431077882005463,,44,1,
2010250,3107790,4431077902005463,,44,1,
2010250,3107784,4531077842005463,,45,1,
2010250,3107785,4531077852005463,,45,1,
2010250,3107786,4531077862005463,,45,1,
2010250,3107788,4531077882005463,,45,1,
2010250,3107790,4531077902005463,,45,1,
2010250,3107784,4631077842005463,,46,1,
2010250,3107785,4631077852005463,,46,1,
2010250,3107786,4631077862005463,,46,1,
2010250,3107788,4631077882005463,,46,1,
2010250,3107790,4631077902005463,,46,1,
2010250,3107784,4731077842005463,,47,1,
2010250,3107785,4731077852005463,,47,1,
2010250,3107786,4731077862005463,,47,1,
2010250,3107788,4731077882005463,,47,1,
2010250,3107790,4731077902005463,,47,1,
2010250,3107784,4831077842005463,,48,1,
2010250,3107785,4831077852005463,,48,1,
2010250,3107786,4831077862005463,,48,1,
2010250,3107788,4831077882005463,,48,1,
2010250,3107790,4831077902005463,,48,1,
2010250,3107784,4931077842005463,,49,1,
2010250,3107785,4931077852005463,,49,1,
2010250,3107786,4931077862005463,,49,1,
2010250,3107788,4931077882005463,,49,1,
2010250,3107790,4931077902005463,,49,1,
2010250,3107784,5031077842005463,,50,1,
2010250,3107785,5031077852005463,,50,1,
2010250,3107786,5031077862005463,,50,1,
2010250,3107788,5031077882005463,,50,1,
2010250,3107790,5031077902005463,,50,1,
2010250,3107784,5131077842005463,,51,1,
2010250,3107785,5131077852005463,,51,1,
2010250,3107786,5131077862005463,,51,1,
2010250,3107788,5131077882005463,,51,1,
2010250,3107790,5131077902005463,,51,1,
2010250,3107784,5231077842005463,,52,1,
2010250,3107785,5231077852005463,,52,1,
2010250,3107786,5231077862005463,,52,1,
2010250,3107788,5231077882005463,,52,1,
2010250,3107790,5231077902005463,,52,1,
2010250,3107784,531077842005463,,5,1,
2010250,3107785,531077852005463,,5,1,
2010250,3107786,531077862005463,,5,1,
2010250,3107788,531077882005463,,5,1,
2010250,3107790,531077902005463,,5,1,
2010250,3107784,5331077842005463,,53,1,
2010250,3107785,5331077852005463,,53,1,
2010250,3107786,5331077862005463,,53,1,
2010250,3107788,5331077882005463,,53,1,
2010250,3107790,5331077902005463,,53,1,
2010250,3107784,5431077842005463,,54,1,
2010250,3107785,5431077852005463,,54,1,
2010250,3107786,5431077862005463,,54,1,
2010250,3107788,5431077882005463,,54,1,
2010250,3107790,5431077902005463,,54,1,
2010250,3107784,5531077842005463,,55,1,
2010250,3107785,5531077852005463,,55,1,
2010250,3107786,5531077862005463,,55,1,
2010250,3107788,5531077882005463,,55,1,
2010250,3107790,5531077902005463,,55,1,
2010250,3107784,5631077842005463,,56,1,
2010250,3107785,5631077852005463,,56,1,
2010250,3107786,5631077862005463,,56,1,
2010250,3107788,5631077882005463,,56,1,
2010250,3107790,5631077902005463,,56,1,
2010250,3107784,5731077842005463,,57,1,
2010250,3107785,5731077852005463,,57,1,
2010250,3107786,5731077862005463,,57,1,
2010250,3107788,5731077882005463,,57,1,
2010250,3107790,5731077902005463,,57,1,
2010250,3107784,5831077842005463,,58,1,
2010250,3107785,5831077852005463,,58,1,
2010250,3107786,5831077862005463,,58,1,
2010250,3107788,5831077882005463,,58,1,
2010250,3107790,5831077902005463,,58,1,
2010250,3107784,5931077842005463,,59,1,
2010250,3107785,5931077852005463,,59,1,
2010250,3107786,5931077862005463,,59,1,
2010250,3107788,5931077882005463,,59,1,
2010250,3107790,5931077902005463,,59,1,
2010250,3107784,6031077842005463,,60,1,
2010250,3107785,6031077852005463,,60,1,
2010250,3107786,6031077862005463,,60,1,
2010250,3107788,6031077882005463,,60,1,
2010250,3107790,6031077902005463,,60,1,
2010250,3107784,6131077842005463,,61,1,
2010250,3107785,6131077852005463,,61,1,
2010250,3107786,6131077862005463,,61,1,
2010250,3107788,6131077882005463,,61,1,
2010250,3107790,6131077902005463,,61,1,
2010250,3107784,6231077842005463,,62,1,
2010250,3107785,6231077852005463,,62,1,
2010250,3107786,6231077862005463,,62,1,
2010250,3107788,6231077882005463,,62,1,
2010250,3107790,6231077902005463,,62,1,
2010250,3107784,631077842005463,,6,1,
2010250,3107785,631077852005463,,6,1,
2010250,3107786,631077862005463,,6,1,
2010250,3107788,631077882005463,,6,1,
2010250,3107790,631077902005463,,6,1,
2010250,3107784,6331077842005463,,63,1,
2010250,3107785,6331077852005463,,63,1,
2010250,3107786,6331077862005463,,63,1,
2010250,3107788,6331077882005463,,63,1,
2010250,3107790,6331077902005463,,63,1,
2010250,3107784,6431077842005463,,64,1,
2010250,3107785,6431077852005463,,64,1,
2010250,3107786,6431077862005463,,64,1,
2010250,3107788,6431077882005463,,64,1,
2010250,3107790,6431077902005463,,64,1,
2010250,3107784,6531077842005463,,65,1,
2010250,3107785,6531077852005463,,65,1,
2010250,3107786,6531077862005463,,65,1,
2010250,3107788,6531077882005463,,65,1,
2010250,3107790,6531077902005463,,65,1,
2010250,3107784,6631077842005463,,66,1,
2010250,3107785,6631077852005463,,66,1,
2010250,3107786,6631077862005463,,66,1,
2010250,3107788,6631077882005463,,66,1,
2010250,3107790,6631077902005463,,66,1,
2010250,3107784,6731077842005463,,67,1,
2010250,3107785,6731077852005463,,67,1,
2010250,3107786,6731077862005463,,67,1,
2010250,3107788,6731077882005463,,67,1,
2010250,3107790,6731077902005463,,67,1,
2010250,3107784,6831077842005463,,68,1,
2010250,3107785,6831077852005463,,68,1,
2010250,3107786,6831077862005463,,68,1,
2010250,3107788,6831077882005463,,68,1,
2010250,3107790,6831077902005463,,68,1,
2010250,3107784,6931077842005463,,69,1,
2010250,3107785,6931077852005463,,69,1,
2010250,3107786,6931077862005463,,69,1,
2010250,3107788,6931077882005463,,69,1,
2010250,3107790,6931077902005463,,69,1,
2010250,3107784,7031077842005463,,70,1,
2010250,3107785,7031077852005463,,70,1,
2010250,3107786,7031077862005463,,70,1,
2010250,3107788,7031077882005463,,70,1,
2010250,3107790,7031077902005463,,70,1,
2010250,13107784,7131077842005463,,71,1,
2010250,3107785,7131077852005463,,71,1,
2010250,3107786,7131077862005463,,71,1,
2010250,3107788,7131077882005463,,71,1,
2010250,3107790,7131077902005463,,71,1,
2010250,13107784,7231077842005463,,72,1,
2010250,3107785,7231077852005463,,72,1,
2010250,3107786,7231077862005463,,72,1,
2010250,3107788,7231077882005463,,72,1,
2010250,3107790,7231077902005463,,72,1,
2010250,3107784,731077842005463,,7,1,
2010250,3107785,731077852005463,,7,1,
2010250,3107786,731077862005463,,7,1,
2010250,3107788,731077882005463,,7,1,
2010250,3107790,731077902005463,,7,1,
2010250,3107785,7331077852005463,,73,1,
2010250,3107786,7331077862005463,,73,1,
2010250,3107788,7331077882005463,,73,1,
2010250,3107790,7331077902005463,,73,1,
2010250,3107785,7431077852005463,,74,1,
2010250,3107786,7431077862005463,,74,1,
2010250,3107788,7431077882005463,,74,1,
2010250,3107790,7431077902005463,,74,1,
2010250,3107785,7531077852005463,,75,1,
2010250,3107786,7531077862005463,,75,1,
2010250,3107788,7531077882005463,,75,1,
2010250,3107790,7531077902005463,,75,1,
2010250,3107785,7631077852005463,,76,1,
2010250,3107786,7631077862005463,,76,1,
2010250,3107788,7631077882005463,,76,1,
2010250,3107790,7631077902005463,,76,1,
2010250,3107785,7731077852005463,,77,1,
2010250,3107786,7731077862005463,,77,1,
2010250,3107788,7731077882005463,,77,1,
2010250,3107790,7731077902005463,,77,1,
2010250,3107785,7831077852005463,,78,1,
2010250,3107786,7831077862005463,,78,1,
2010250,3107788,7831077882005463,,78,1,
2010250,13107790,7831077902005463,,78,1,
2010250,3107785,7931077852005463,,79,1,
2010250,3107786,7931077862005463,,79,1,
2010250,3107788,7931077882005463,,79,1,
2010250,13107790,7931077902005463,,79,1,
2010250,3107785,8031077852005463,,80,1,
2010250,3107786,8031077862005463,,80,1,
2010250,3107788,8031077882005463,,80,1,
2010250,13107790,8031077902005463,,80,1,
2010250,3107785,8131077852005463,,81,1,
2010250,3107786,8131077862005463,,81,1,
2010250,3107788,8131077882005463,,81,1,
2010250,3107785,8231077852005463,,82,1,
2010250,3107786,8231077862005463,,82,1,
2010250,3107788,8231077882005463,,82,1,
2010250,3107784,831077842005463,,8,1,
2010250,3107785,831077852005463,,8,1,
2010250,3107786,831077862005463,,8,1,
2010250,3107788,831077882005463,,8,1,
2010250,3107790,831077902005463,,8,1,
2010250,3107785,8331077852005463,,83,1,
2010250,3107786,8331077862005463,,83,1,
2010250,3107788,8331077882005463,,83,1,
2010250,3107785,8431077852005463,,84,1,
2010250,3107786,8431077862005463,,84,1,
2010250,3107788,8431077882005463,,84,1,
2010250,3107785,8531077852005463,,85,1,
2010250,3107786,8531077862005463,,85,1,
2010250,3107788,8531077882005463,,85,1,
2010250,3107785,8631077852005463,,86,1,
2010250,3107786,8631077862005463,,86,1,
2010250,3107788,8631077882005463,,86,1,
2010250,3107785,8731077852005463,,87,1,
2010250,3107786,8731077862005463,,87,1,
2010250,3107788,8731077882005463,,87,1,
2010250,3107785,8831077852005463,,88,1,
2010250,3107786,8831077862005463,,88,1,
2010250,3107788,8831077882005463,,88,1,
2010250,3107785,8931077852005463,,89,1,
2010250,3107786,8931077862005463,,89,1,
2010250,3107788,8931077882005463,,89,1,
2010250,3107785,9031077852005463,,90,1,
2010250,3107786,9031077862005463,,90,1,
2010250,3107788,9031077882005463,,90,1,
2010250,3107785,9131077852005463,,91,1,
2010250,3107786,9131077862005463,,91,1,
2010250,3107788,9131077882005463,,91,1,
2010250,3107785,9231077852005463,,92,1,
2010250,3107786,9231077862005463,,92,1,
2010250,3107788,9231077882005463,,92,1,
2010250,3107784,931077842005463,,9,1,
2010250,3107785,931077852005463,,9,1,
2010250,3107786,931077862005463,,9,1,
2010250,3107788,931077882005463,,9,1,
2010250,3107790,931077902005463,,9,1,
2010250,3107785,9331077852005463,,93,1,
2010250,3107786,9331077862005463,,93,1,
2010250,13107788,9331077882005463,,93,1,
2010250,3107785,9431077852005463,,94,1,
2010250,3107786,9431077862005463,,94,1,
2010250,13107788,9431077882005463,,94,1,
2010250,3107785,9531077852005463,,95,1,
2010250,3107786,9531077862005463,,95,1,
2010250,3107785,9631077852005463,,96,1,
2010250,3107786,9631077862005463,,96,1,
2010250,3107785,9731077852005463,,97,1,
2010250,3107786,9731077862005463,,97,1,
2010250,3107785,9831077852005463,,98,1,
2010250,3107786,9831077862005463,,98,1,
2010250,3107785,9931077852005463,,99,1,
2010250,3107786,9931077862005463,,99,1,
2010251,3107794,10031077942005464,,100,0,
2010251,3107796,10031077962005464,,100,0,
2010251,3107794,10131077942005464,,101,0,
2010251,3107796,10131077962005464,,101,0,
2010251,3107794,10231077942005464,,102,0,
2010251,3107796,10231077962005464,,102,0,
2010251,3107792,1031077922005464,,10,0,
2010251,3107794,1031077942005464,,10,0,
2010251,3107796,1031077962005464,,10,0,
2010251,3107798,1031077982005464,,10,0,
2010251,3107799,1031077992005464,,10,0,
2010251,3107794,10331077942005464,,103,0,
2010251,3107796,10331077962005464,,103,0,
2010251,3107794,10431077942005464,,104,0,
2010251,3107796,10431077962005464,,104,0,
2010251,3107794,10531077942005464,,105,0,
2010251,3107796,10531077962005464,,105,0,
2010251,3107794,10631077942005464,,106,0,
2010251,3107796,10631077962005464,,106,0,
2010251,3107794,10731077942005464,,107,0,
2010251,3107796,10731077962005464,,107,0,
2010251,3107794,10831077942005464,,108,0,
2010251,3107796,10831077962005464,,108,0,
2010251,3107794,10931077942005464,,109,0,
2010251,3107796,10931077962005464,,109,0,
2010251,3107794,11031077942005464,,110,0,
2010251,3107796,11031077962005464,,110,0,
2010251,3107794,11131077942005464,,111,0,
2010251,3107796,11131077962005464,,111,0,
2010251,3107794,11231077942005464,,112,0,
2010251,3107796,11231077962005464,,112,0,
2010251,3107792,1131077922005464,,11,0,
2010251,3107794,1131077942005464,,11,0,
2010251,3107796,1131077962005464,,11,0,
2010251,3107798,1131077982005464,,11,0,
2010251,3107799,1131077992005464,,11,0,
2010251,3107794,11331077942005464,,113,0,
2010251,3107796,11331077962005464,,113,0,
2010251,3107794,11431077942005464,,114,0,
2010251,3107796,11431077962005464,,114,0,
2010251,3107794,11531077942005464,,115,0,
2010251,13107796,11531077962005464,,115,0,
2010251,3107794,11631077942005464,,116,0,
2010251,13107796,11631077962005464,,116,0,
2010251,3107794,11731077942005464,,117,0,
2010251,3107794,11831077942005464,,118,0,
2010251,3107794,11931077942005464,,119,0,
2010251,3107794,12031077942005464,,120,0,
2010251,3107794,12131077942005464,,121,0,
2010251,3107794,12231077942005464,,122,0,
2010251,3107792,1231077922005464,,12,0,
2010251,3107794,1231077942005464,,12,0,
2010251,3107796,1231077962005464,,12,0,
2010251,3107798,1231077982005464,,12,0,
2010251,3107799,1231077992005464,,12,0,
2010251,3107794,12331077942005464,,123,0,
2010251,3107794,12431077942005464,,124,0,
2010251,3107794,12531077942005464,,125,0,
2010251,3107794,12631077942005464,,126,0,
2010251,13107794,12731077942005464,,127,0,
2010251,13107794,12831077942005464,,128,0,
2010251,3107792,131077922005464,,1,0,
2010251,3107794,131077942005464,,1,0,
2010251,3107796,131077962005464,,1,0,
2010251,3107798,131077982005464,,1,0,
2010251,3107799,131077992005464,,1,0,
2010251,3107792,1331077922005464,,13,0,
2010251,3107794,1331077942005464,,13,0,
2010251,3107796,1331077962005464,,13,0,
2010251,3107798,1331077982005464,,13,0,
2010251,3107799,1331077992005464,,13,0,
2010251,3107792,1431077922005464,,14,0,
2010251,3107794,1431077942005464,,14,0,
2010251,3107796,1431077962005464,,14,0,
2010251,3107798,1431077982005464,,14,0,
2010251,3107799,1431077992005464,,14,0,
2010251,3107792,1531077922005464,,15,0,
2010251,3107794,1531077942005464,,15,0,
2010251,3107796,1531077962005464,,15,0,
2010251,3107798,1531077982005464,,15,0,
2010251,3107799,1531077992005464,,15,0,
2010251,3107792,1631077922005464,,16,0,
2010251,3107794,1631077942005464,,16,0,
2010251,3107796,1631077962005464,,16,0,
2010251,3107798,1631077982005464,,16,0,
2010251,3107799,1631077992005464,,16,0,
2010251,3107792,1731077922005464,,17,0,
2010251,3107794,1731077942005464,,17,0,
2010251,3107796,1731077962005464,,17,0,
2010251,3107798,1731077982005464,,17,0,
2010251,3107799,1731077992005464,,17,0,
2010251,3107792,1831077922005464,,18,0,
2010251,3107794,1831077942005464,,18,0,
2010251,3107796,1831077962005464,,18,0,
2010251,3107798,1831077982005464,,18,0,
2010251,3107799,1831077992005464,,18,0,
2010251,3107792,1931077922005464,,19,0,
2010251,3107794,1931077942005464,,19,0,
2010251,3107796,1931077962005464,,19,0,
2010251,3107798,1931077982005464,,19,0,
2010251,3107799,1931077992005464,,19,0,
2010251,3107792,2031077922005464,,20,0,
2010251,3107794,2031077942005464,,20,0,
2010251,3107796,2031077962005464,,20,0,
2010251,3107798,2031077982005464,,20,0,
2010251,3107799,2031077992005464,,20,0,
2010251,3107792,2131077922005464,,21,0,
2010251,3107794,2131077942005464,,21,0,
2010251,3107796,2131077962005464,,21,0,
2010251,3107798,2131077982005464,,21,0,
2010251,3107799,2131077992005464,,21,0,
2010251,3107792,2231077922005464,,22,0,
2010251,3107794,2231077942005464,,22,0,
2010251,3107796,2231077962005464,,22,0,
2010251,3107798,2231077982005464,,22,0,
2010251,3107799,2231077992005464,,22,0,
2010251,3107792,231077922005464,,2,0,
2010251,3107794,231077942005464,,2,0,
2010251,3107796,231077962005464,,2,0,
2010251,3107798,231077982005464,,2,0,
2010251,3107799,231077992005464,,2,0,
2010251,3107792,2331077922005464,,23,0,
2010251,3107794,2331077942005464,,23,0,
2010251,3107796,2331077962005464,,23,0,
2010251,3107798,2331077982005464,,23,0,
2010251,3107799,2331077992005464,,23,0,
2010251,3107792,2431077922005464,,24,0,
2010251,3107794,2431077942005464,,24,0,
2010251,3107796,2431077962005464,,24,0,
2010251,3107798,2431077982005464,,24,0,
2010251,3107799,2431077992005464,,24,0,
2010251,3107792,2531077922005464,,25,0,
2010251,3107794,2531077942005464,,25,0,
2010251,3107796,2531077962005464,,25,0,
2010251,3107798,2531077982005464,,25,0,
2010251,3107799,2531077992005464,,25,0,
2010251,3107792,2631077922005464,,26,0,
2010251,3107794,2631077942005464,,26,0,
2010251,3107796,2631077962005464,,26,0,
2010251,3107798,2631077982005464,,26,0,
2010251,3107799,2631077992005464,,26,0,
2010251,3107792,2731077922005464,,27,0,
2010251,3107794,2731077942005464,,27,0,
2010251,3107796,2731077962005464,,27,0,
2010251,3107798,2731077982005464,,27,0,
2010251,3107799,2731077992005464,,27,0,
2010251,3107792,2831077922005464,,28,0,
2010251,3107794,2831077942005464,,28,0,
2010251,3107796,2831077962005464,,28,0,
2010251,3107798,2831077982005464,,28,0,
2010251,3107799,2831077992005464,,28,0,
2010251,3107792,2931077922005464,,29,0,
2010251,3107794,2931077942005464,,29,0,
2010251,3107796,2931077962005464,,29,0,
2010251,3107798,2931077982005464,,29,0,
2010251,3107799,2931077992005464,,29,0,
2010251,3107792,3031077922005464,,30,0,
2010251,3107794,3031077942005464,,30,0,
2010251,3107796,3031077962005464,,30,0,
2010251,3107798,3031077982005464,,30,0,
2010251,3107799,3031077992005464,,30,0,
2010251,3107792,3131077922005464,,31,0,
2010251,3107794,3131077942005464,,31,0,
2010251,3107796,3131077962005464,,31,0,
2010251,3107798,3131077982005464,,31,0,
2010251,3107799,3131077992005464,,31,0,
2010251,3107792,3231077922005464,,32,0,
2010251,3107794,3231077942005464,,32,0,
2010251,3107796,3231077962005464,,32,0,
2010251,3107798,3231077982005464,,32,0,
2010251,3107799,3231077992005464,,32,0,
2010251,3107792,331077922005464,,3,0,
2010251,3107794,331077942005464,,3,0,
2010251,3107796,331077962005464,,3,0,
2010251,3107798,331077982005464,,3,0,
2010251,3107799,331077992005464,,3,0,
2010251,3107792,3331077922005464,,33,0,
2010251,3107794,3331077942005464,,33,0,
2010251,3107796,3331077962005464,,33,0,
2010251,3107798,3331077982005464,,33,0,
2010251,3107799,3331077992005464,,33,0,
2010251,3107792,3431077922005464,,34,0,
2010251,3107794,3431077942005464,,34,0,
2010251,3107796,3431077962005464,,34,0,
2010251,3107798,3431077982005464,,34,0,
2010251,3107799,3431077992005464,,34,0,
2010251,3107792,3531077922005464,,35,0,
2010251,3107794,3531077942005464,,35,0,
2010251,3107796,3531077962005464,,35,0,
2010251,3107798,3531077982005464,,35,0,
2010251,3107799,3531077992005464,,35,0,
2010251,3107792,3631077922005464,,36,0,
2010251,3107794,3631077942005464,,36,0,
2010251,3107796,3631077962005464,,36,0,
2010251,3107798,3631077982005464,,36,0,
2010251,3107799,3631077992005464,,36,0,
2010251,3107792,3731077922005464,,37,0,
2010251,3107794,3731077942005464,,37,0,
2010251,3107796,3731077962005464,,37,0,
2010251,3107798,3731077982005464,,37,0,
2010251,3107799,3731077992005464,,37,0,
2010251,3107792,3831077922005464,,38,0,
2010251,3107794,3831077942005464,,38,0,
2010251,3107796,3831077962005464,,38,0,
2010251,3107798,3831077982005464,,38,0,
2010251,3107799,3831077992005464,,38,0,
2010251,3107792,3931077922005464,,39,0,
2010251,3107794,3931077942005464,,39,0,
2010251,3107796,3931077962005464,,39,0,
2010251,3107798,3931077982005464,,39,0,
2010251,3107799,3931077992005464,,39,0,
2010251,3107792,4031077922005464,,40,0,
2010251,3107794,4031077942005464,,40,0,
2010251,3107796,4031077962005464,,40,0,
2010251,3107798,4031077982005464,,40,0,
2010251,3107799,4031077992005464,,40,0,
2010251,3107792,4131077922005464,,41,0,
2010251,3107794,4131077942005464,,41,0,
2010251,3107796,4131077962005464,,41,0,
2010251,3107798,4131077982005464,,41,0,
2010251,3107799,4131077992005464,,41,0,
2010251,3107792,4231077922005464,,42,0,
2010251,3107794,4231077942005464,,42,0,
2010251,3107796,4231077962005464,,42,0,
2010251,3107798,4231077982005464,,42,0,
2010251,3107799,4231077992005464,,42,0,
2010251,3107792,431077922005464,,4,0,
2010251,3107794,431077942005464,,4,0,
2010251,3107796,431077962005464,,4,0,
2010251,3107798,431077982005464,,4,0,
2010251,3107799,431077992005464,,4,0,
2010251,3107792,4331077922005464,,43,0,
2010251,3107794,4331077942005464,,43,0,
2010251,3107796,4331077962005464,,43,0,
2010251,3107798,4331077982005464,,43,0,
2010251,3107799,4331077992005464,,43,0,
2010251,3107792,4431077922005464,,44,0,
2010251,3107794,4431077942005464,,44,0,
2010251,3107796,4431077962005464,,44,0,
2010251,3107798,4431077982005464,,44,0,
2010251,3107799,4431077992005464,,44,0,
2010251,3107792,4531077922005464,,45,0,
2010251,3107794,4531077942005464,,45,0,
2010251,3107796,4531077962005464,,45,0,
2010251,3107798,4531077982005464,,45,0,
2010251,3107799,4531077992005464,,45,0,
2010251,3107792,4631077922005464,,46,0,
2010251,3107794,4631077942005464,,46,0,
2010251,3107796,4631077962005464,,46,0,
2010251,3107798,4631077982005464,,46,0,
2010251,3107799,4631077992005464,,46,0,
2010251,3107792,4731077922005464,,47,0,
2010251,3107794,4731077942005464,,47,0,
2010251,3107796,4731077962005464,,47,0,
2010251,3107798,4731077982005464,,47,0,
2010251,3107799,4731077992005464,,47,0,
2010251,3107792,4831077922005464,,48,0,
2010251,3107794,4831077942005464,,48,0,
2010251,3107796,4831077962005464,,48,0,
2010251,3107798,4831077982005464,,48,0,
2010251,3107799,4831077992005464,,48,0,
2010251,3107792,4931077922005464,,49,0,
2010251,3107794,4931077942005464,,49,0,
2010251,3107796,4931077962005464,,49,0,
2010251,3107798,4931077982005464,,49,0,
2010251,3107799,4931077992005464,,49,0,
2010251,3107792,5031077922005464,,50,0,
2010251,3107794,5031077942005464,,50,0,
2010251,3107796,5031077962005464,,50,0,
2010251,3107798,5031077982005464,,50,0,
2010251,3107799,5031077992005464,,50,0,
2010251,3107792,5131077922005464,,51,0,
2010251,3107794,5131077942005464,,51,0,
2010251,3107796,5131077962005464,,51,0,
2010251,3107798,5131077982005464,,51,0,
2010251,3107799,5131077992005464,,51,0,
2010251,3107792,5231077922005464,,52,0,
2010251,3107794,5231077942005464,,52,0,
2010251,3107796,5231077962005464,,52,0,
2010251,3107798,5231077982005464,,52,0,
2010251,3107799,5231077992005464,,52,0,
2010251,3107792,531077922005464,,5,0,
2010251,3107794,531077942005464,,5,0,
2010251,3107796,531077962005464,,5,0,
2010251,3107798,531077982005464,,5,0,
2010251,3107799,531077992005464,,5,0,
2010251,3107792,5331077922005464,,53,0,
2010251,3107794,5331077942005464,,53,0,
2010251,3107796,5331077962005464,,53,0,
2010251,3107798,5331077982005464,,53,0,
2010251,3107799,5331077992005464,,53,0,
2010251,3107792,5431077922005464,,54,0,
2010251,3107794,5431077942005464,,54,0,
2010251,3107796,5431077962005464,,54,0,
2010251,3107798,5431077982005464,,54,0,
2010251,3107799,5431077992005464,,54,0,
2010251,3107792,5531077922005464,,55,0,
2010251,3107794,5531077942005464,,55,0,
2010251,3107796,5531077962005464,,55,0,
2010251,3107798,5531077982005464,,55,0,
2010251,3107799,5531077992005464,,55,0,
2010251,3107792,5631077922005464,,56,0,
2010251,3107794,5631077942005464,,56,0,
2010251,3107796,5631077962005464,,56,0,
2010251,3107798,5631077982005464,,56,0,
2010251,3107799,5631077992005464,,56,0,
2010251,3107792,5731077922005464,,57,0,
2010251,3107794,5731077942005464,,57,0,
2010251,3107796,5731077962005464,,57,0,
2010251,3107798,5731077982005464,,57,0,
2010251,3107799,5731077992005464,,57,0,
2010251,3107792,5831077922005464,,58,0,
2010251,3107794,5831077942005464,,58,0,
2010251,3107796,5831077962005464,,58,0,
2010251,3107798,5831077982005464,,58,0,
2010251,3107799,5831077992005464,,58,0,
2010251,3107792,5931077922005464,,59,0,
2010251,3107794,5931077942005464,,59,0,
2010251,3107796,5931077962005464,,59,0,
2010251,3107798,5931077982005464,,59,0,
2010251,3107799,5931077992005464,,59,0,
2010251,3107792,6031077922005464,,60,0,
2010251,3107794,6031077942005464,,60,0,
2010251,3107796,6031077962005464,,60,0,
2010251,3107798,6031077982005464,,60,0,
2010251,3107799,6031077992005464,,60,0,
2010251,3107792,6131077922005464,,61,0,
2010251,3107794,6131077942005464,,61,0,
2010251,3107796,6131077962005464,,61,0,
2010251,3107798,6131077982005464,,61,0,
2010251,3107799,6131077992005464,,61,0,
2010251,3107792,6231077922005464,,62,0,
2010251,3107794,6231077942005464,,62,0,
2010251,3107796,6231077962005464,,62,0,
2010251,3107798,6231077982005464,,62,0,
2010251,3107799,6231077992005464,,62,0,
2010251,3107792,631077922005464,,6,0,
2010251,3107794,631077942005464,,6,0,
2010251,3107796,631077962005464,,6,0,
2010251,3107798,631077982005464,,6,0,
2010251,3107799,631077992005464,,6,0,
2010251,3107792,6331077922005464,,63,0,
2010251,3107794,6331077942005464,,63,0,
2010251,3107796,6331077962005464,,63,0,
2010251,3107798,6331077982005464,,63,0,
2010251,3107799,6331077992005464,,63,0,
2010251,3107792,6431077922005464,,64,0,
2010251,3107794,6431077942005464,,64,0,
2010251,3107796,6431077962005464,,64,0,
2010251,3107798,6431077982005464,,64,0,
2010251,3107799,6431077992005464,,64,0,
2010251,3107792,6531077922005464,,65,0,
2010251,3107794,6531077942005464,,65,0,
2010251,3107796,6531077962005464,,65,0,
2010251,3107798,6531077982005464,,65,0,
2010251,3107799,6531077992005464,,65,0,
2010251,3107792,6631077922005464,,66,0,
2010251,3107794,6631077942005464,,66,0,
2010251,3107796,6631077962005464,,66,0,
2010251,3107798,6631077982005464,,66,0,
2010251,3107799,6631077992005464,,66,0,
2010251,3107792,6731077922005464,,67,0,
2010251,3107794,6731077942005464,,67,0,
2010251,3107796,6731077962005464,,67,0,
2010251,3107798,6731077982005464,,67,0,
2010251,3107799,6731077992005464,,67,0,
2010251,3107792,6831077922005464,,68,0,
2010251,3107794,6831077942005464,,68,0,
2010251,3107796,6831077962005464,,68,0,
2010251,3107798,6831077982005464,,68,0,
2010251,3107799,6831077992005464,,68,0,
2010251,3107792,6931077922005464,,69,0,
2010251,3107794,6931077942005464,,69,0,
2010251,3107796,6931077962005464,,69,0,
2010251,3107798,6931077982005464,,69,0,
2010251,3107799,6931077992005464,,69,0,
2010251,3107792,7031077922005464,,70,0,
2010251,3107794,7031077942005464,,70,0,
2010251,3107796,7031077962005464,,70,0,
2010251,3107798,7031077982005464,,70,0,
2010251,3107799,7031077992005464,,70,0,
2010251,13107792,7131077922005464,,71,0,
2010251,3107794,7131077942005464,,71,0,
2010251,3107796,7131077962005464,,71,0,
2010251,3107798,7131077982005464,,71,0,
2010251,3107799,7131077992005464,,71,0,
2010251,13107792,7231077922005464,,72,0,
2010251,3107794,7231077942005464,,72,0,
2010251,3107796,7231077962005464,,72,0,
2010251,3107798,7231077982005464,,72,0,
2010251,3107799,7231077992005464,,72,0,
2010251,3107792,731077922005464,,7,0,
2010251,3107794,731077942005464,,7,0,
2010251,3107796,731077962005464,,7,0,
2010251,3107798,731077982005464,,7,0,
2010251,3107799,731077992005464,,7,0,
2010251,3107794,7331077942005464,,73,0,
2010251,3107796,7331077962005464,,73,0,
2010251,3107798,7331077982005464,,73,0,
2010251,3107799,7331077992005464,,73,0,
2010251,3107794,7431077942005464,,74,0,
2010251,3107796,7431077962005464,,74,0,
2010251,3107798,7431077982005464,,74,0,
2010251,3107799,7431077992005464,,74,0,
2010251,3107794,7531077942005464,,75,0,
2010251,3107796,7531077962005464,,75,0,
2010251,3107798,7531077982005464,,75,0,
2010251,3107799,7531077992005464,,75,0,
2010251,3107794,7631077942005464,,76,0,
2010251,3107796,7631077962005464,,76,0,
2010251,3107798,7631077982005464,,76,0,
2010251,3107799,7631077992005464,,76,0,
2010251,3107794,7731077942005464,,77,0,
2010251,3107796,7731077962005464,,77,0,
2010251,3107798,7731077982005464,,77,0,
2010251,3107799,7731077992005464,,77,0,
2010251,3107794,7831077942005464,,78,0,
2010251,3107796,7831077962005464,,78,0,
2010251,3107798,7831077982005464,,78,0,
2010251,3107799,7831077992005464,,78,0,
2010251,3107794,7931077942005464,,79,0,
2010251,3107796,7931077962005464,,79,0,
2010251,3107798,7931077982005464,,79,0,
2010251,3107799,7931077992005464,,79,0,
2010251,3107794,8031077942005464,,80,0,
2010251,3107796,8031077962005464,,80,0,
2010251,3107798,8031077982005464,,80,0,
2010251,13107799,8031077992005464,,80,0,
2010251,3107794,8131077942005464,,81,0,
2010251,3107796,8131077962005464,,81,0,
2010251,3107798,8131077982005464,,81,0,
2010251,13107799,8131077992005464,,81,0,
2010251,3107794,8231077942005464,,82,0,
2010251,3107796,8231077962005464,,82,0,
2010251,3107798,8231077982005464,,82,0,
2010251,3107792,831077922005464,,8,0,
2010251,3107794,831077942005464,,8,0,
2010251,3107796,831077962005464,,8,0,
2010251,3107798,831077982005464,,8,0,
2010251,3107799,831077992005464,,8,0,
2010251,3107794,8331077942005464,,83,0,
2010251,3107796,8331077962005464,,83,0,
2010251,3107798,8331077982005464,,83,0,
2010251,3107794,8431077942005464,,84,0,
2010251,3107796,8431077962005464,,84,0,
2010251,3107798,8431077982005464,,84,0,
2010251,3107794,8531077942005464,,85,0,
2010251,3107796,8531077962005464,,85,0,
2010251,3107798,8531077982005464,,85,0,
2010251,3107794,8631077942005464,,86,0,
2010251,3107796,8631077962005464,,86,0,
2010251,3107798,8631077982005464,,86,0,
2010251,3107794,8731077942005464,,87,0,
2010251,3107796,8731077962005464,,87,0,
2010251,3107798,8731077982005464,,87,0,
2010251,3107794,8831077942005464,,88,0,
2010251,3107796,8831077962005464,,88,0,
2010251,3107798,8831077982005464,,88,0,
2010251,3107794,8931077942005464,,89,0,
2010251,3107796,8931077962005464,,89,0,
2010251,3107798,8931077982005464,,89,0,
2010251,3107794,9031077942005464,,90,0,
2010251,3107796,9031077962005464,,90,0,
2010251,3107798,9031077982005464,,90,0,
2010251,3107794,9131077942005464,,91,0,
2010251,3107796,9131077962005464,,91,0,
2010251,3107798,9131077982005464,,91,0,
2010251,3107794,9231077942005464,,92,0,
2010251,3107796,9231077962005464,,92,0,
2010251,3107798,9231077982005464,,92,0,
2010251,3107792,931077922005464,,9,0,
2010251,3107794,931077942005464,,9,0,
2010251,3107796,931077962005464,,9,0,
2010251,3107798,931077982005464,,9,0,
2010251,3107799,931077992005464,,9,0,
2010251,3107794,9331077942005464,,93,0,
2010251,3107796,9331077962005464,,93,0,
2010251,13107798,9331077982005464,,93,0,
2010251,3107794,9431077942005464,,94,0,
2010251,3107796,9431077962005464,,94,0,
2010251,13107798,9431077982005464,,94,0,
2010251,3107794,9531077942005464,,95,0,
2010251,3107796,9531077962005464,,95,0,
2010251,3107794,9631077942005464,,96,0,
2010251,3107796,9631077962005464,,96,0,
2010251,3107794,9731077942005464,,97,0,
2010251,3107796,9731077962005464,,97,0,
2010251,3107794,9831077942005464,,98,0,
2010251,3107796,9831077962005464,,98,0,
2010251,3107794,9931077942005464,,99,0,
2010251,3107796,9931077962005464,,99,0,
