route_id,service_id,trip_id,trip_headsign,trip_short_name,direction_id,shape_id
2166003,3015096,10030150961076679,,100,0,
2166003,3015098,10030150981076679,,100,0,
2166003,3045289,10030452891076679,,100,0,
2166003,3045290,10030452901076679,,100,0,
2166003,3045291,10030452911076679,,100,0,
2166003,13045292,10030452921076679,,100,0,
2166003,3045294,10030452941076679,,100,0,
2166003,3015096,10130150961076679,,101,0,
2166003,3015098,10130150981076679,,101,0,
2166003,3045289,10130452891076679,,101,0,
2166003,3045290,10130452901076679,,101,0,
2166003,3045291,10130452911076679,,101,0,
2166003,13045292,10130452921076679,,101,0,
2166003,3045294,10130452941076679,,101,0,
2166003,3015096,10230150961076679,,102,0,
2166003,3015098,10230150981076679,,102,0,
2166003,3045289,10230452891076679,,102,0,
2166003,3045290,10230452901076679,,102,0,
2166003,3045291,10230452911076679,,102,0,
2166003,3045294,10230452941076679,,102,0,
2166003,3015096,1030150961076679,,10,0,
2166003,3015098,1030150981076679,,10,0,
2166003,3045288,1030452881076679,,10,0,
2166003,3045289,1030452891076679,,10,0,
2166003,3045290,1030452901076679,,10,0,
2166003,3045291,1030452911076679,,10,0,
2166003,3045292,1030452921076679,,10,0,
2166003,3045293,1030452931076679,,10,0,
2166003,3045294,1030452941076679,,10,0,
2166003,3015096,10330150961076679,,103,0,
2166003,3015098,10330150981076679,,103,0,
2166003,3045289,10330452891076679,,103,0,
2166003,3045290,10330452901076679,,103,0,
2166003,3045291,10330452911076679,,103,0,
2166003,3045294,10330452941076679,,103,0,
2166003,3015096,10430150961076679,,104,0,
2166003,3015098,10430150981076679,,104,0,
2166003,3045289,10430452891076679,,104,0,
2166003,3045290,10430452901076679,,104,0,
2166003,3045291,10430452911076679,,104,0,
2166003,3045294,10430452941076679,,104,0,
2166003,13015096,10530150961076679,,105,0,
2166003,3015098,10530150981076679,,105,0,
2166003,3045289,10530452891076679,,105,0,
2166003,3045290,10530452901076679,,105,0,
2166003,3045291,10530452911076679,,105,0,
2166003,3045294,10530452941076679,,105,0,
2166003,13015096,10630150961076679,,106,0,
2166003,3015098,10630150981076679,,106,0,
2166003,13045289,10630452891076679,,106,0,
2166003,3045290,10630452901076679,,106,0,
2166003,3045291,10630452911076679,,106,0,
2166003,13045294,10630452941076679,,106,0,
2166003,13015096,10730150961076679,,107,0,
2166003,3015098,10730150981076679,,107,0,
2166003,13045289,10730452891076679,,107,0,
2166003,3045290,10730452901076679,,107,0,
2166003,3045291,10730452911076679,,107,0,
2166003,13045294,10730452941076679,,107,0,
2166003,13015096,10830150961076679,,108,0,
2166003,3015098,10830150981076679,,108,0,
2166003,3045290,10830452901076679,,108,0,
2166003,3045291,10830452911076679,,108,0,
2166003,13045294,10830452941076679,,108,0,
2166003,13015096,10930150961076679,,109,0,
2166003,3015098,10930150981076679,,109,0,
2166003,3045290,10930452901076679,,109,0,
2166003,3045291,10930452911076679,,109,0,
2166003,13045294,10930452941076679,,109,0,
2166003,3015098,11030150981076679,,110,0,
2166003,13045290,11030452901076679,,110,0,
2166003,3045291,11030452911076679,,110,0,
2166003,13045294,11030452941076679,,110,0,
2166003,3015098,11130150981076679,,111,0,
2166003,13045290,11130452901076679,,111,0,
2166003,3045291,11130452911076679,,111,0,
2166003,3015098,11230150981076679,,112,0,
2166003,3045291,11230452911076679,,112,0,
2166003,3015096,1130150961076679,,11,0,
2166003,3015098,1130150981076679,,11,0,
2166003,3045288,1130452881076679,,11,0,
2166003,3045289,1130452891076679,,11,0,
2166003,3045290,1130452901076679,,11,0,
2166003,3045291,1130452911076679,,11,0,
2166003,3045292,1130452921076679,,11,0,
2166003,3045293,1130452931076679,,11,0,
2166003,3045294,1130452941076679,,11,0,
2166003,3015098,11330150981076679,,113,0,
2166003,3045291,11330452911076679,,113,0,
2166003,13015098,11430150981076679,,114,0,
2166003,13045291,11430452911076679,,114,0,
2166003,13015098,11530150981076679,,115,0,
2166003,13045291,11530452911076679,,115,0,
2166003,13015098,11630150981076679,,116,0,
2166003,13015098,11730150981076679,,117,0,
2166003,13015098,11830150981076679,,118,0,
2166003,3015096,1230150961076679,,12,0,
2166003,3015098,1230150981076679,,12,0,
2166003,3045288,1230452881076679,,12,0,
2166003,3045289,1230452891076679,,12,0,
2166003,3045290,1230452901076679,,12,0,
2166003,3045291,1230452911076679,,12,0,
2166003,3045292,1230452921076679,,12,0,
2166003,3045293,1230452931076679,,12,0,
2166003,3045294,1230452941076679,,12,0,
2166003,3015096,130150961076679,,1,0,
2166003,3015098,130150981076679,,1,0,
2166003,3045288,130452881076679,,1,0,
2166003,3045289,130452891076679,,1,0,
2166003,3045290,130452901076679,,1,0,
2166003,3045291,130452911076679,,1,0,
2166003,3045292,130452921076679,,1,0,
2166003,3045293,130452931076679,,1,0,
2166003,3045294,130452941076679,,1,0,
2166003,3015096,1330150961076679,,13,0,
2166003,3015098,1330150981076679,,13,0,
2166003,3045288,1330452881076679,,13,0,
2166003,3045289,1330452891076679,,13,0,
2166003,3045290,1330452901076679,,13,0,
2166003,3045291,1330452911076679,,13,0,
2166003,3045292,1330452921076679,,13,0,
2166003,3045293,1330452931076679,,13,0,
2166003,3045294,1330452941076679,,13,0,
2166003,3015096,1430150961076679,,14,0,
2166003,3015098,1430150981076679,,14,0,
2166003,3045288,1430452881076679,,14,0,
2166003,3045289,1430452891076679,,14,0,
2166003,3045290,1430452901076679,,14,0,
2166003,3045291,1430452911076679,,14,0,
2166003,3045292,1430452921076679,,14,0,
2166003,3045293,1430452931076679,,14,0,
2166003,3045294,1430452941076679,,14,0,
2166003,3015096,1530150961076679,,15,0,
2166003,3015098,1530150981076679,,15,0,
2166003,3045288,1530452881076679,,15,0,
2166003,3045289,1530452891076679,,15,0,
2166003,3045290,1530452901076679,,15,0,
2166003,3045291,1530452911076679,,15,0,
2166003,3045292,1530452921076679,,15,0,
2166003,3045293,1530452931076679,,15,0,
2166003,3045294,1530452941076679,,15,0,
2166003,3015096,1630150961076679,,16,0,
2166003,3015098,1630150981076679,,16,0,
2166003,3045288,1630452881076679,,16,0,
2166003,3045289,1630452891076679,,16,0,
2166003,3045290,1630452901076679,,16,0,
2166003,3045291,1630452911076679,,16,0,
2166003,3045292,1630452921076679,,16,0,
2166003,3045293,1630452931076679,,16,0,
2166003,3045294,1630452941076679,,16,0,
2166003,3015096,1730150961076679,,17,0,
2166003,3015098,1730150981076679,,17,0,
2166003,3045288,1730452881076679,,17,0,
2166003,3045289,1730452891076679,,17,0,
2166003,3045290,1730452901076679,,17,0,
2166003,3045291,1730452911076679,,17,0,
2166003,3045292,1730452921076679,,17,0,
2166003,3045293,1730452931076679,,17,0,
2166003,3045294,1730452941076679,,17,0,
2166003,3015096,1830150961076679,,18,0,
2166003,3015098,1830150981076679,,18,0,
2166003,3045288,1830452881076679,,18,0,
2166003,3045289,1830452891076679,,18,0,
2166003,3045290,1830452901076679,,18,0,
2166003,3045291,1830452911076679,,18,0,
2166003,3045292,1830452921076679,,18,0,
2166003,3045293,1830452931076679,,18,0,
2166003,3045294,1830452941076679,,18,0,
2166003,3015096,1930150961076679,,19,0,
2166003,3015098,1930150981076679,,19,0,
2166003,3045288,1930452881076679,,19,0,
2166003,3045289,1930452891076679,,19,0,
2166003,3045290,1930452901076679,,19,0,
2166003,3045291,1930452911076679,,19,0,
2166003,3045292,1930452921076679,,19,0,
2166003,3045293,1930452931076679,,19,0,
2166003,3045294,1930452941076679,,19,0,
2166003,3015096,2030150961076679,,20,0,
2166003,3015098,2030150981076679,,20,0,
2166003,3045288,2030452881076679,,20,0,
2166003,3045289,2030452891076679,,20,0,
2166003,3045290,2030452901076679,,20,0,
2166003,3045291,2030452911076679,,20,0,
2166003,3045292,2030452921076679,,20,0,
2166003,3045293,2030452931076679,,20,0,
2166003,3045294,2030452941076679,,20,0,
2166003,3015096,2130150961076679,,21,0,
2166003,3015098,2130150981076679,,21,0,
2166003,3045288,2130452881076679,,21,0,
2166003,3045289,2130452891076679,,21,0,
2166003,3045290,2130452901076679,,21,0,
2166003,3045291,2130452911076679,,21,0,
2166003,3045292,2130452921076679,,21,0,
2166003,3045293,2130452931076679,,21,0,
2166003,3045294,2130452941076679,,21,0,
2166003,3015096,2230150961076679,,22,0,
2166003,3015098,2230150981076679,,22,0,
2166003,3045288,2230452881076679,,22,0,
2166003,3045289,2230452891076679,,22,0,
2166003,3045290,2230452901076679,,22,0,
2166003,3045291,2230452911076679,,22,0,
2166003,3045292,2230452921076679,,22,0,
2166003,3045293,2230452931076679,,22,0,
2166003,3045294,2230452941076679,,22,0,
2166003,3015096,230150961076679,,2,0,
2166003,3015098,230150981076679,,2,0,
2166003,3045288,230452881076679,,2,0,
2166003,3045289,230452891076679,,2,0,
2166003,3045290,230452901076679,,2,0,
2166003,3045291,230452911076679,,2,0,
2166003,3045292,230452921076679,,2,0,
2166003,3045293,230452931076679,,2,0,
2166003,3045294,230452941076679,,2,0,
2166003,3015096,2330150961076679,,23,0,
2166003,3015098,2330150981076679,,23,0,
2166003,3045288,2330452881076679,,23,0,
2166003,3045289,2330452891076679,,23,0,
2166003,3045290,2330452901076679,,23,0,
2166003,3045291,2330452911076679,,23,0,
2166003,3045292,2330452921076679,,23,0,
2166003,3045293,2330452931076679,,23,0,
2166003,3045294,2330452941076679,,23,0,
2166003,3015096,2430150961076679,,24,0,
2166003,3015098,2430150981076679,,24,0,
2166003,3045288,2430452881076679,,24,0,
2166003,3045289,2430452891076679,,24,0,
2166003,3045290,2430452901076679,,24,0,
2166003,3045291,2430452911076679,,24,0,
2166003,3045292,2430452921076679,,24,0,
2166003,3045293,2430452931076679,,24,0,
2166003,3045294,2430452941076679,,24,0,
2166003,3015096,2530150961076679,,25,0,
2166003,3015098,2530150981076679,,25,0,
2166003,3045288,2530452881076679,,25,0,
2166003,3045289,2530452891076679,,25,0,
2166003,3045290,2530452901076679,,25,0,
2166003,3045291,2530452911076679,,25,0,
2166003,3045292,2530452921076679,,25,0,
2166003,3045293,2530452931076679,,25,0,
2166003,3045294,2530452941076679,,25,0,
2166003,3015096,2630150961076679,,26,0,
2166003,3015098,2630150981076679,,26,0,
2166003,3045288,2630452881076679,,26,0,
2166003,3045289,2630452891076679,,26,0,
2166003,3045290,2630452901076679,,26,0,
2166003,3045291,2630452911076679,,26,0,
2166003,3045292,2630452921076679,,26,0,
2166003,3045293,2630452931076679,,26,0,
2166003,3045294,2630452941076679,,26,0,
2166003,3015096,2730150961076679,,27,0,
2166003,3015098,2730150981076679,,27,0,
2166003,3045288,2730452881076679,,27,0,
2166003,3045289,2730452891076679,,27,0,
2166003,3045290,2730452901076679,,27,0,
2166003,3045291,2730452911076679,,27,0,
2166003,3045292,2730452921076679,,27,0,
2166003,3045293,2730452931076679,,27,0,
2166003,3045294,2730452941076679,,27,0,
2166003,3015096,2830150961076679,,28,0,
2166003,3015098,2830150981076679,,28,0,
2166003,3045288,2830452881076679,,28,0,
2166003,3045289,2830452891076679,,28,0,
2166003,3045290,2830452901076679,,28,0,
2166003,3045291,2830452911076679,,28,0,
2166003,3045292,2830452921076679,,28,0,
2166003,3045293,2830452931076679,,28,0,
2166003,3045294,2830452941076679,,28,0,
2166003,3015096,2930150961076679,,29,0,
2166003,3015098,2930150981076679,,29,0,
2166003,3045288,2930452881076679,,29,0,
2166003,3045289,2930452891076679,,29,0,
2166003,3045290,2930452901076679,,29,0,
2166003,3045291,2930452911076679,,29,0,
2166003,3045292,2930452921076679,,29,0,
2166003,3045293,2930452931076679,,29,0,
2166003,3045294,2930452941076679,,29,0,
2166003,3015096,3030150961076679,,30,0,
2166003,3015098,3030150981076679,,30,0,
2166003,3045288,3030452881076679,,30,0,
2166003,3045289,3030452891076679,,30,0,
2166003,3045290,3030452901076679,,30,0,
2166003,3045291,3030452911076679,,30,0,
2166003,3045292,3030452921076679,,30,0,
2166003,3045293,3030452931076679,,30,0,
2166003,3045294,3030452941076679,,30,0,
2166003,3015096,3130150961076679,,31,0,
2166003,3015098,3130150981076679,,31,0,
2166003,3045288,3130452881076679,,31,0,
2166003,3045289,3130452891076679,,31,0,
2166003,3045290,3130452901076679,,31,0,
2166003,3045291,3130452911076679,,31,0,
2166003,3045292,3130452921076679,,31,0,
2166003,3045293,3130452931076679,,31,0,
2166003,3045294,3130452941076679,,31,0,
2166003,3015096,3230150961076679,,32,0,
2166003,3015098,3230150981076679,,32,0,
2166003,3045288,3230452881076679,,32,0,
2166003,3045289,3230452891076679,,32,0,
2166003,3045290,3230452901076679,,32,0,
2166003,3045291,3230452911076679,,32,0,
2166003,3045292,3230452921076679,,32,0,
2166003,3045293,3230452931076679,,32,0,
2166003,3045294,3230452941076679,,32,0,
2166003,3015096,330150961076679,,3,0,
2166003,3015098,330150981076679,,3,0,
2166003,3045288,330452881076679,,3,0,
2166003,3045289,330452891076679,,3,0,
2166003,3045290,330452901076679,,3,0,
2166003,3045291,330452911076679,,3,0,
2166003,3045292,330452921076679,,3,0,
2166003,3045293,330452931076679,,3,0,
2166003,3045294,330452941076679,,3,0,
2166003,3015096,3330150961076679,,33,0,
2166003,3015098,3330150981076679,,33,0,
2166003,3045288,3330452881076679,,33,0,
2166003,3045289,3330452891076679,,33,0,
2166003,3045290,3330452901076679,,33,0,
2166003,3045291,3330452911076679,,33,0,
2166003,3045292,3330452921076679,,33,0,
2166003,3045293,3330452931076679,,33,0,
2166003,3045294,3330452941076679,,33,0,
2166003,3015096,3430150961076679,,34,0,
2166003,3015098,3430150981076679,,34,0,
2166003,3045288,3430452881076679,,34,0,
2166003,3045289,3430452891076679,,34,0,
2166003,3045290,3430452901076679,,34,0,
2166003,3045291,3430452911076679,,34,0,
2166003,3045292,3430452921076679,,34,0,
2166003,3045293,3430452931076679,,34,0,
2166003,3045294,3430452941076679,,34,0,
2166003,3015096,3530150961076679,,35,0,
2166003,3015098,3530150981076679,,35,0,
2166003,3045288,3530452881076679,,35,0,
2166003,3045289,3530452891076679,,35,0,
2166003,3045290,3530452901076679,,35,0,
2166003,3045291,3530452911076679,,35,0,
2166003,3045292,3530452921076679,,35,0,
2166003,3045293,3530452931076679,,35,0,
2166003,3045294,3530452941076679,,35,0,
2166003,3015096,3630150961076679,,36,0,
2166003,3015098,3630150981076679,,36,0,
2166003,3045288,3630452881076679,,36,0,
2166003,3045289,3630452891076679,,36,0,
2166003,3045290,3630452901076679,,36,0,
2166003,3045291,3630452911076679,,36,0,
2166003,3045292,3630452921076679,,36,0,
2166003,3045293,3630452931076679,,36,0,
2166003,3045294,3630452941076679,,36,0,
2166003,3015096,3730150961076679,,37,0,
2166003,3015098,3730150981076679,,37,0,
2166003,3045288,3730452881076679,,37,0,
2166003,3045289,3730452891076679,,37,0,
2166003,3045290,3730452901076679,,37,0,
2166003,3045291,3730452911076679,,37,0,
2166003,3045292,3730452921076679,,37,0,
2166003,3045293,3730452931076679,,37,0,
2166003,3045294,3730452941076679,,37,0,
2166003,3015096,3830150961076679,,38,0,
2166003,3015098,3830150981076679,,38,0,
2166003,3045288,3830452881076679,,38,0,
2166003,3045289,3830452891076679,,38,0,
2166003,3045290,3830452901076679,,38,0,
2166003,3045291,3830452911076679,,38,0,
2166003,3045292,3830452921076679,,38,0,
2166003,3045293,3830452931076679,,38,0,
2166003,3045294,3830452941076679,,38,0,
2166003,3015096,3930150961076679,,39,0,
2166003,3015098,3930150981076679,,39,0,
2166003,3045288,3930452881076679,,39,0,
2166003,3045289,3930452891076679,,39,0,
2166003,3045290,3930452901076679,,39,0,
2166003,3045291,3930452911076679,,39,0,
2166003,3045292,3930452921076679,,39,0,
2166003,3045293,3930452931076679,,39,0,
2166003,3045294,3930452941076679,,39,0,
2166003,3015096,4030150961076679,,40,0,
2166003,3015098,4030150981076679,,40,0,
2166003,3045288,4030452881076679,,40,0,
2166003,3045289,4030452891076679,,40,0,
2166003,3045290,4030452901076679,,40,0,
2166003,3045291,4030452911076679,,40,0,
2166003,3045292,4030452921076679,,40,0,
2166003,3045293,4030452931076679,,40,0,
2166003,3045294,4030452941076679,,40,0,
2166003,3015096,4130150961076679,,41,0,
2166003,3015098,4130150981076679,,41,0,
2166003,3045288,4130452881076679,,41,0,
2166003,3045289,4130452891076679,,41,0,
2166003,3045290,4130452901076679,,41,0,
2166003,3045291,4130452911076679,,41,0,
2166003,3045292,4130452921076679,,41,0,
2166003,3045293,4130452931076679,,41,0,
2166003,3045294,4130452941076679,,41,0,
2166003,3015096,4230150961076679,,42,0,
2166003,3015098,4230150981076679,,42,0,
2166003,3045288,4230452881076679,,42,0,
2166003,3045289,4230452891076679,,42,0,
2166003,3045290,4230452901076679,,42,0,
2166003,3045291,4230452911076679,,42,0,
2166003,3045292,4230452921076679,,42,0,
2166003,3045293,4230452931076679,,42,0,
2166003,3045294,4230452941076679,,42,0,
2166003,3015096,430150961076679,,4,0,
2166003,3015098,430150981076679,,4,0,
2166003,3045288,430452881076679,,4,0,
2166003,3045289,430452891076679,,4,0,
2166003,3045290,430452901076679,,4,0,
2166003,3045291,430452911076679,,4,0,
2166003,3045292,430452921076679,,4,0,
2166003,3045293,430452931076679,,4,0,
2166003,3045294,430452941076679,,4,0,
2166003,3015096,4330150961076679,,43,0,
2166003,3015098,4330150981076679,,43,0,
2166003,3045288,4330452881076679,,43,0,
2166003,3045289,4330452891076679,,43,0,
2166003,3045290,4330452901076679,,43,0,
2166003,3045291,4330452911076679,,43,0,
2166003,3045292,4330452921076679,,43,0,
2166003,3045293,4330452931076679,,43,0,
2166003,3045294,4330452941076679,,43,0,
2166003,3015096,4430150961076679,,44,0,
2166003,3015098,4430150981076679,,44,0,
2166003,3045288,4430452881076679,,44,0,
2166003,3045289,4430452891076679,,44,0,
2166003,3045290,4430452901076679,,44,0,
2166003,3045291,4430452911076679,,44,0,
2166003,3045292,4430452921076679,,44,0,
2166003,3045293,4430452931076679,,44,0,
2166003,3045294,4430452941076679,,44,0,
2166003,3015096,4530150961076679,,45,0,
2166003,3015098,4530150981076679,,45,0,
2166003,3045288,4530452881076679,,45,0,
2166003,3045289,4530452891076679,,45,0,
2166003,3045290,4530452901076679,,45,0,
2166003,3045291,4530452911076679,,45,0,
2166003,3045292,4530452921076679,,45,0,
2166003,3045293,4530452931076679,,45,0,
2166003,3045294,4530452941076679,,45,0,
2166003,3015096,4630150961076679,,46,0,
2166003,3015098,4630150981076679,,46,0,
2166003,3045288,4630452881076679,,46,0,
2166003,3045289,4630452891076679,,46,0,
2166003,3045290,4630452901076679,,46,0,
2166003,3045291,4630452911076679,,46,0,
2166003,3045292,4630452921076679,,46,0,
2166003,3045293,4630452931076679,,46,0,
2166003,3045294,4630452941076679,,46,0,
2166003,3015096,4730150961076679,,47,0,
2166003,3015098,4730150981076679,,47,0,
2166003,3045288,4730452881076679,,47,0,
2166003,3045289,4730452891076679,,47,0,
2166003,3045290,4730452901076679,,47,0,
2166003,3045291,4730452911076679,,47,0,
2166003,3045292,4730452921076679,,47,0,
2166003,3045293,4730452931076679,,47,0,
2166003,3045294,4730452941076679,,47,0,
2166003,3015096,4830150961076679,,48,0,
2166003,3015098,4830150981076679,,48,0,
2166003,3045288,4830452881076679,,48,0,
2166003,3045289,4830452891076679,,48,0,
2166003,3045290,4830452901076679,,48,0,
2166003,3045291,4830452911076679,,48,0,
2166003,3045292,4830452921076679,,48,0,
2166003,3045293,4830452931076679,,48,0,
2166003,3045294,4830452941076679,,48,0,
2166003,3015096,4930150961076679,,49,0,
2166003,3015098,4930150981076679,,49,0,
2166003,3045288,4930452881076679,,49,0,
2166003,3045289,4930452891076679,,49,0,
2166003,3045290,4930452901076679,,49,0,
2166003,3045291,4930452911076679,,49,0,
2166003,3045292,4930452921076679,,49,0,
2166003,3045293,4930452931076679,,49,0,
2166003,3045294,4930452941076679,,49,0,
2166003,3015096,5030150961076679,,50,0,
2166003,3015098,5030150981076679,,50,0,
2166003,3045288,5030452881076679,,50,0,
2166003,3045289,5030452891076679,,50,0,
2166003,3045290,5030452901076679,,50,0,
2166003,3045291,5030452911076679,,50,0,
2166003,3045292,5030452921076679,,50,0,
2166003,3045293,5030452931076679,,50,0,
2166003,3045294,5030452941076679,,50,0,
2166003,3015096,5130150961076679,,51,0,
2166003,3015098,5130150981076679,,51,0,
2166003,3045288,5130452881076679,,51,0,
2166003,3045289,5130452891076679,,51,0,
2166003,3045290,5130452901076679,,51,0,
2166003,3045291,5130452911076679,,51,0,
2166003,3045292,5130452921076679,,51,0,
2166003,3045293,5130452931076679,,51,0,
2166003,3045294,5130452941076679,,51,0,
2166003,3015096,5230150961076679,,52,0,
2166003,3015098,5230150981076679,,52,0,
2166003,3045288,5230452881076679,,52,0,
2166003,3045289,5230452891076679,,52,0,
2166003,3045290,5230452901076679,,52,0,
2166003,3045291,5230452911076679,,52,0,
2166003,3045292,5230452921076679,,52,0,
2166003,3045293,5230452931076679,,52,0,
2166003,3045294,5230452941076679,,52,0,
2166003,3015096,530150961076679,,5,0,
2166003,3015098,530150981076679,,5,0,
2166003,3045288,530452881076679,,5,0,
2166003,3045289,530452891076679,,5,0,
2166003,3045290,530452901076679,,5,0,
2166003,3045291,530452911076679,,5,0,
2166003,3045292,530452921076679,,5,0,
2166003,3045293,530452931076679,,5,0,
2166003,3045294,530452941076679,,5,0,
2166003,3015096,5330150961076679,,53,0,
2166003,3015098,5330150981076679,,53,0,
2166003,3045288,5330452881076679,,53,0,
2166003,3045289,5330452891076679,,53,0,
2166003,3045290,5330452901076679,,53,0,
2166003,3045291,5330452911076679,,53,0,
2166003,3045292,5330452921076679,,53,0,
2166003,3045293,5330452931076679,,53,0,
2166003,3045294,5330452941076679,,53,0,
2166003,3015096,5430150961076679,,54,0,
2166003,3015098,5430150981076679,,54,0,
2166003,3045288,5430452881076679,,54,0,
2166003,3045289,5430452891076679,,54,0,
2166003,3045290,5430452901076679,,54,0,
2166003,3045291,5430452911076679,,54,0,
2166003,3045292,5430452921076679,,54,0,
2166003,3045293,5430452931076679,,54,0,
2166003,3045294,5430452941076679,,54,0,
2166003,3015096,5530150961076679,,55,0,
2166003,3015098,5530150981076679,,55,0,
2166003,3045288,5530452881076679,,55,0,
2166003,3045289,5530452891076679,,55,0,
2166003,3045290,5530452901076679,,55,0,
2166003,3045291,5530452911076679,,55,0,
2166003,3045292,5530452921076679,,55,0,
2166003,3045293,5530452931076679,,55,0,
2166003,3045294,5530452941076679,,55,0,
2166003,3015096,5630150961076679,,56,0,
2166003,3015098,5630150981076679,,56,0,
2166003,3045288,5630452881076679,,56,0,
2166003,3045289,5630452891076679,,56,0,
2166003,3045290,5630452901076679,,56,0,
2166003,3045291,5630452911076679,,56,0,
2166003,3045292,5630452921076679,,56,0,
2166003,3045293,5630452931076679,,56,0,
2166003,3045294,5630452941076679,,56,0,
2166003,3015096,5730150961076679,,57,0,
2166003,3015098,5730150981076679,,57,0,
2166003,3045288,5730452881076679,,57,0,
2166003,3045289,5730452891076679,,57,0,
2166003,3045290,5730452901076679,,57,0,
2166003,3045291,5730452911076679,,57,0,
2166003,3045292,5730452921076679,,57,0,
2166003,3045293,5730452931076679,,57,0,
2166003,3045294,5730452941076679,,57,0,
2166003,3015096,5830150961076679,,58,0,
2166003,3015098,5830150981076679,,58,0,
2166003,3045288,5830452881076679,,58,0,
2166003,3045289,5830452891076679,,58,0,
2166003,3045290,5830452901076679,,58,0,
2166003,3045291,5830452911076679,,58,0,
2166003,3045292,5830452921076679,,58,0,
2166003,3045293,5830452931076679,,58,0,
2166003,3045294,5830452941076679,,58,0,
2166003,3015096,5930150961076679,,59,0,
2166003,3015098,5930150981076679,,59,0,
2166003,3045288,5930452881076679,,59,0,
2166003,3045289,5930452891076679,,59,0,
2166003,3045290,5930452901076679,,59,0,
2166003,3045291,5930452911076679,,59,0,
2166003,3045292,5930452921076679,,59,0,
2166003,3045293,5930452931076679,,59,0,
2166003,3045294,5930452941076679,,59,0,
2166003,3015096,6030150961076679,,60,0,
2166003,3015098,6030150981076679,,60,0,
2166003,3045288,6030452881076679,,60,0,
2166003,3045289,6030452891076679,,60,0,
2166003,3045290,6030452901076679,,60,0,
2166003,3045291,6030452911076679,,60,0,
2166003,3045292,6030452921076679,,60,0,
2166003,3045293,6030452931076679,,60,0,
2166003,3045294,6030452941076679,,60,0,
2166003,3015096,6130150961076679,,61,0,
2166003,3015098,6130150981076679,,61,0,
2166003,3045288,6130452881076679,,61,0,
2166003,3045289,6130452891076679,,61,0,
2166003,3045290,6130452901076679,,61,0,
2166003,3045291,6130452911076679,,61,0,
2166003,3045292,6130452921076679,,61,0,
2166003,3045293,6130452931076679,,61,0,
2166003,3045294,6130452941076679,,61,0,
2166003,3015096,6230150961076679,,62,0,
2166003,3015098,6230150981076679,,62,0,
2166003,3045288,6230452881076679,,62,0,
2166003,3045289,6230452891076679,,62,0,
2166003,3045290,6230452901076679,,62,0,
2166003,3045291,6230452911076679,,62,0,
2166003,3045292,6230452921076679,,62,0,
2166003,3045293,6230452931076679,,62,0,
2166003,3045294,6230452941076679,,62,0,
2166003,3015096,630150961076679,,6,0,
2166003,3015098,630150981076679,,6,0,
2166003,3045288,630452881076679,,6,0,
2166003,3045289,630452891076679,,6,0,
2166003,3045290,630452901076679,,6,0,
2166003,3045291,630452911076679,,6,0,
2166003,3045292,630452921076679,,6,0,
2166003,3045293,630452931076679,,6,0,
2166003,3045294,630452941076679,,6,0,
2166003,3015096,6330150961076679,,63,0,
2166003,3015098,6330150981076679,,63,0,
2166003,3045288,6330452881076679,,63,0,
2166003,3045289,6330452891076679,,63,0,
2166003,3045290,6330452901076679,,63,0,
2166003,3045291,6330452911076679,,63,0,
2166003,3045292,6330452921076679,,63,0,
2166003,3045293,6330452931076679,,63,0,
2166003,3045294,6330452941076679,,63,0,
2166003,3015096,6430150961076679,,64,0,
2166003,3015098,6430150981076679,,64,0,
2166003,3045288,6430452881076679,,64,0,
2166003,3045289,6430452891076679,,64,0,
2166003,3045290,6430452901076679,,64,0,
2166003,3045291,6430452911076679,,64,0,
2166003,3045292,6430452921076679,,64,0,
2166003,3045293,6430452931076679,,64,0,
2166003,3045294,6430452941076679,,64,0,
2166003,3015096,6530150961076679,,65,0,
2166003,3015098,6530150981076679,,65,0,
2166003,3045288,6530452881076679,,65,0,
2166003,3045289,6530452891076679,,65,0,
2166003,3045290,6530452901076679,,65,0,
2166003,3045291,6530452911076679,,65,0,
2166003,3045292,6530452921076679,,65,0,
2166003,3045293,6530452931076679,,65,0,
2166003,3045294,6530452941076679,,65,0,
2166003,3015096,6630150961076679,,66,0,
2166003,3015098,6630150981076679,,66,0,
2166003,3045288,6630452881076679,,66,0,
2166003,3045289,6630452891076679,,66,0,
2166003,3045290,6630452901076679,,66,0,
2166003,3045291,6630452911076679,,66,0,
2166003,3045292,6630452921076679,,66,0,
2166003,3045293,6630452931076679,,66,0,
2166003,3045294,6630452941076679,,66,0,
2166003,3015096,6730150961076679,,67,0,
2166003,3015098,6730150981076679,,67,0,
2166003,3045288,6730452881076679,,67,0,
2166003,3045289,6730452891076679,,67,0,
2166003,3045290,6730452901076679,,67,0,
2166003,3045291,6730452911076679,,67,0,
2166003,3045292,6730452921076679,,67,0,
2166003,3045293,6730452931076679,,67,0,
2166003,3045294,6730452941076679,,67,0,
2166003,3015096,6830150961076679,,68,0,
2166003,3015098,6830150981076679,,68,0,
2166003,3045288,6830452881076679,,68,0,
2166003,3045289,6830452891076679,,68,0,
2166003,3045290,6830452901076679,,68,0,
2166003,3045291,6830452911076679,,68,0,
2166003,3045292,6830452921076679,,68,0,
2166003,3045293,6830452931076679,,68,0,
2166003,3045294,6830452941076679,,68,0,
2166003,3015096,6930150961076679,,69,0,
2166003,3015098,6930150981076679,,69,0,
2166003,3045288,6930452881076679,,69,0,
2166003,3045289,6930452891076679,,69,0,
2166003,3045290,6930452901076679,,69,0,
2166003,3045291,6930452911076679,,69,0,
2166003,3045292,6930452921076679,,69,0,
2166003,3045293,6930452931076679,,69,0,
2166003,3045294,6930452941076679,,69,0,
2166003,3015096,7030150961076679,,70,0,
2166003,3015098,7030150981076679,,70,0,
2166003,3045288,7030452881076679,,70,0,
2166003,3045289,7030452891076679,,70,0,
2166003,3045290,7030452901076679,,70,0,
2166003,3045291,7030452911076679,,70,0,
2166003,3045292,7030452921076679,,70,0,
2166003,3045293,7030452931076679,,70,0,
2166003,3045294,7030452941076679,,70,0,
2166003,3015096,7130150961076679,,71,0,
2166003,3015098,7130150981076679,,71,0,
2166003,3045288,7130452881076679,,71,0,
2166003,3045289,7130452891076679,,71,0,
2166003,3045290,7130452901076679,,71,0,
2166003,3045291,7130452911076679,,71,0,
2166003,3045292,7130452921076679,,71,0,
2166003,3045293,7130452931076679,,71,0,
2166003,3045294,7130452941076679,,71,0,
2166003,3015096,7230150961076679,,72,0,
2166003,3015098,7230150981076679,,72,0,
2166003,3045288,7230452881076679,,72,0,
2166003,3045289,7230452891076679,,72,0,
2166003,3045290,7230452901076679,,72,0,
2166003,3045291,7230452911076679,,72,0,
2166003,3045292,7230452921076679,,72,0,
2166003,3045293,7230452931076679,,72,0,
2166003,3045294,7230452941076679,,72,0,
2166003,3015096,730150961076679,,7,0,
2166003,3015098,730150981076679,,7,0,
2166003,3045288,730452881076679,,7,0,
2166003,3045289,730452891076679,,7,0,
2166003,3045290,730452901076679,,7,0,
2166003,3045291,730452911076679,,7,0,
2166003,3045292,730452921076679,,7,0,
2166003,3045293,730452931076679,,7,0,
2166003,3045294,730452941076679,,7,0,
2166003,3015096,7330150961076679,,73,0,
2166003,3015098,7330150981076679,,73,0,
2166003,3045288,7330452881076679,,73,0,
2166003,3045289,7330452891076679,,73,0,
2166003,3045290,7330452901076679,,73,0,
2166003,3045291,7330452911076679,,73,0,
2166003,3045292,7330452921076679,,73,0,
2166003,3045293,7330452931076679,,73,0,
2166003,3045294,7330452941076679,,73,0,
2166003,3015096,7430150961076679,,74,0,
2166003,3015098,7430150981076679,,74,0,
2166003,3045288,7430452881076679,,74,0,
2166003,3045289,7430452891076679,,74,0,
2166003,3045290,7430452901076679,,74,0,
2166003,3045291,7430452911076679,,74,0,
2166003,3045292,7430452921076679,,74,0,
2166003,3045293,7430452931076679,,74,0,
2166003,3045294,7430452941076679,,74,0,
2166003,3015096,7530150961076679,,75,0,
2166003,3015098,7530150981076679,,75,0,
2166003,3045288,7530452881076679,,75,0,
2166003,3045289,7530452891076679,,75,0,
2166003,3045290,7530452901076679,,75,0,
2166003,3045291,7530452911076679,,75,0,
2166003,3045292,7530452921076679,,75,0,
2166003,3045293,7530452931076679,,75,0,
2166003,3045294,7530452941076679,,75,0,
2166003,3015096,7630150961076679,,76,0,
2166003,3015098,7630150981076679,,76,0,
2166003,3045288,7630452881076679,,76,0,
2166003,3045289,7630452891076679,,76,0,
2166003,3045290,7630452901076679,,76,0,
2166003,3045291,7630452911076679,,76,0,
2166003,3045292,7630452921076679,,76,0,
2166003,3045293,7630452931076679,,76,0,
2166003,3045294,7630452941076679,,76,0,
2166003,3015096,7730150961076679,,77,0,
2166003,3015098,7730150981076679,,77,0,
2166003,3045288,7730452881076679,,77,0,
2166003,3045289,7730452891076679,,77,0,
2166003,3045290,7730452901076679,,77,0,
2166003,3045291,7730452911076679,,77,0,
2166003,3045292,7730452921076679,,77,0,
2166003,3045293,7730452931076679,,77,0,
2166003,3045294,7730452941076679,,77,0,
2166003,3015096,7830150961076679,,78,0,
2166003,3015098,7830150981076679,,78,0,
2166003,3045288,7830452881076679,,78,0,
2166003,3045289,7830452891076679,,78,0,
2166003,3045290,7830452901076679,,78,0,
2166003,3045291,7830452911076679,,78,0,
2166003,3045292,7830452921076679,,78,0,
2166003,3045293,7830452931076679,,78,0,
2166003,3045294,7830452941076679,,78,0,
2166003,3015096,7930150961076679,,79,0,
2166003,3015098,7930150981076679,,79,0,
2166003,3045288,7930452881076679,,79,0,
2166003,3045289,7930452891076679,,79,0,
2166003,3045290,7930452901076679,,79,0,
2166003,3045291,7930452911076679,,79,0,
2166003,3045292,7930452921076679,,79,0,
2166003,3045293,7930452931076679,,79,0,
2166003,3045294,7930452941076679,,79,0,
2166003,3015096,8030150961076679,,80,0,
2166003,3015098,8030150981076679,,80,0,
2166003,3045288,8030452881076679,,80,0,
2166003,3045289,8030452891076679,,80,0,
2166003,3045290,8030452901076679,,80,0,
2166003,3045291,8030452911076679,,80,0,
2166003,3045292,8030452921076679,,80,0,
2166003,3045293,8030452931076679,,80,0,
2166003,3045294,8030452941076679,,80,0,
2166003,3015096,8130150961076679,,81,0,
2166003,3015098,8130150981076679,,81,0,
2166003,3045288,8130452881076679,,81,0,
2166003,3045289,8130452891076679,,81,0,
2166003,3045290,8130452901076679,,81,0,
2166003,3045291,8130452911076679,,81,0,
2166003,3045292,8130452921076679,,81,0,
2166003,3045293,8130452931076679,,81,0,
2166003,3045294,8130452941076679,,81,0,
2166003,3015096,8230150961076679,,82,0,
2166003,3015098,8230150981076679,,82,0,
2166003,3045288,8230452881076679,,82,0,
2166003,3045289,8230452891076679,,82,0,
2166003,3045290,8230452901076679,,82,0,
2166003,3045291,8230452911076679,,82,0,
2166003,3045292,8230452921076679,,82,0,
2166003,3045293,8230452931076679,,82,0,
2166003,3045294,8230452941076679,,82,0,
2166003,3015096,830150961076679,,8,0,
2166003,3015098,830150981076679,,8,0,
2166003,3045288,830452881076679,,8,0,
2166003,3045289,830452891076679,,8,0,
2166003,3045290,830452901076679,,8,0,
2166003,3045291,830452911076679,,8,0,
2166003,3045292,830452921076679,,8,0,
2166003,3045293,830452931076679,,8,0,
2166003,3045294,830452941076679,,8,0,
2166003,3015096,8330150961076679,,83,0,
2166003,3015098,8330150981076679,,83,0,
2166003,13045288,8330452881076679,,83,0,
2166003,3045289,8330452891076679,,83,0,
2166003,3045290,8330452901076679,,83,0,
2166003,3045291,8330452911076679,,83,0,
2166003,3045292,8330452921076679,,83,0,
2166003,3045293,8330452931076679,,83,0,
2166003,3045294,8330452941076679,,83,0,
2166003,3015096,8430150961076679,,84,0,
2166003,3015098,8430150981076679,,84,0,
2166003,13045288,8430452881076679,,84,0,
2166003,3045289,8430452891076679,,84,0,
2166003,3045290,8430452901076679,,84,0,
2166003,3045291,8430452911076679,,84,0,
2166003,3045292,8430452921076679,,84,0,
2166003,13045293,8430452931076679,,84,0,
2166003,3045294,8430452941076679,,84,0,
2166003,3015096,8530150961076679,,85,0,
2166003,3015098,8530150981076679,,85,0,
2166003,3045289,8530452891076679,,85,0,
2166003,3045290,8530452901076679,,85,0,
2166003,3045291,8530452911076679,,85,0,
2166003,3045292,8530452921076679,,85,0,
2166003,13045293,8530452931076679,,85,0,
2166003,3045294,8530452941076679,,85,0,
2166003,3015096,8630150961076679,,86,0,
2166003,3015098,8630150981076679,,86,0,
2166003,3045289,8630452891076679,,86,0,
2166003,3045290,8630452901076679,,86,0,
2166003,3045291,8630452911076679,,86,0,
2166003,3045292,8630452921076679,,86,0,
2166003,13045293,8630452931076679,,86,0,
2166003,3045294,8630452941076679,,86,0,
2166003,3015096,8730150961076679,,87,0,
2166003,3015098,8730150981076679,,87,0,
2166003,3045289,8730452891076679,,87,0,
2166003,3045290,8730452901076679,,87,0,
2166003,3045291,8730452911076679,,87,0,
2166003,3045292,8730452921076679,,87,0,
2166003,13045293,8730452931076679,,87,0,
2166003,3045294,8730452941076679,,87,0,
2166003,3015096,8830150961076679,,88,0,
2166003,3015098,8830150981076679,,88,0,
2166003,3045289,8830452891076679,,88,0,
2166003,3045290,8830452901076679,,88,0,
2166003,3045291,8830452911076679,,88,0,
2166003,3045292,8830452921076679,,88,0,
2166003,13045293,8830452931076679,,88,0,
2166003,3045294,8830452941076679,,88,0,
2166003,3015096,8930150961076679,,89,0,
2166003,3015098,8930150981076679,,89,0,
2166003,3045289,8930452891076679,,89,0,
2166003,3045290,8930452901076679,,89,0,
2166003,3045291,8930452911076679,,89,0,
2166003,3045292,8930452921076679,,89,0,
2166003,3045294,8930452941076679,,89,0,
2166003,3015096,9030150961076679,,90,0,
2166003,3015098,9030150981076679,,90,0,
2166003,3045289,9030452891076679,,90,0,
2166003,3045290,9030452901076679,,90,0,
2166003,3045291,9030452911076679,,90,0,
2166003,3045292,9030452921076679,,90,0,
2166003,3045294,9030452941076679,,90,0,
2166003,3015096,9130150961076679,,91,0,
2166003,3015098,9130150981076679,,91,0,
2166003,3045289,9130452891076679,,91,0,
2166003,3045290,9130452901076679,,91,0,
2166003,3045291,9130452911076679,,91,0,
2166003,3045292,9130452921076679,,91,0,
2166003,3045294,9130452941076679,,91,0,
2166003,3015096,9230150961076679,,92,0,
2166003,3015098,9230150981076679,,92,0,
2166003,3045289,9230452891076679,,92,0,
2166003,3045290,9230452901076679,,92,0,
2166003,3045291,9230452911076679,,92,0,
2166003,3045292,9230452921076679,,92,0,
2166003,3045294,9230452941076679,,92,0,
2166003,3015096,930150961076679,,9,0,
2166003,3015098,930150981076679,,9,0,
2166003,3045288,930452881076679,,9,0,
2166003,3045289,930452891076679,,9,0,
2166003,3045290,930452901076679,,9,0,
2166003,3045291,930452911076679,,9,0,
2166003,3045292,930452921076679,,9,0,
2166003,3045293,930452931076679,,9,0,
2166003,3045294,930452941076679,,9,0,
2166003,3015096,9330150961076679,,93,0,
2166003,3015098,9330150981076679,,93,0,
2166003,3045289,9330452891076679,,93,0,
2166003,3045290,9330452901076679,,93,0,
2166003,3045291,9330452911076679,,93,0,
2166003,3045292,9330452921076679,,93,0,
2166003,3045294,9330452941076679,,93,0,
2166003,3015096,9430150961076679,,94,0,
2166003,3015098,9430150981076679,,94,0,
2166003,3045289,9430452891076679,,94,0,
2166003,3045290,9430452901076679,,94,0,
2166003,3045291,9430452911076679,,94,0,
2166003,3045292,9430452921076679,,94,0,
2166003,3045294,9430452941076679,,94,0,
2166003,3015096,9530150961076679,,95,0,
2166003,3015098,9530150981076679,,95,0,
2166003,3045289,9530452891076679,,95,0,
2166003,3045290,9530452901076679,,95,0,
2166003,3045291,9530452911076679,,95,0,
2166003,3045292,9530452921076679,,95,0,
2166003,3045294,9530452941076679,,95,0,
2166003,3015096,9630150961076679,,96,0,
2166003,3015098,9630150981076679,,96,0,
2166003,3045289,9630452891076679,,96,0,
2166003,3045290,9630452901076679,,96,0,
2166003,3045291,9630452911076679,,96,0,
2166003,3045292,9630452921076679,,96,0,
2166003,3045294,9630452941076679,,96,0,
2166003,3015096,9730150961076679,,97,0,
2166003,3015098,9730150981076679,,97,0,
2166003,3045289,9730452891076679,,97,0,
2166003,3045290,9730452901076679,,97,0,
2166003,3045291,9730452911076679,,97,0,
2166003,13045292,9730452921076679,,97,0,
2166003,3045294,9730452941076679,,97,0,
2166003,3015096,9830150961076679,,98,0,
2166003,3015098,9830150981076679,,98,0,
2166003,3045289,9830452891076679,,98,0,
2166003,3045290,9830452901076679,,98,0,
2166003,3045291,9830452911076679,,98,0,
2166003,13045292,9830452921076679,,98,0,
2166003,3045294,9830452941076679,,98,0,
2166003,3015096,9930150961076679,,99,0,
2166003,3015098,9930150981076679,,99,0,
2166003,3045289,9930452891076679,,99,0,
2166003,3045290,9930452901076679,,99,0,
2166003,3045291,9930452911076679,,99,0,
2166003,13045292,9930452921076679,,99,0,
2166003,3045294,9930452941076679,,99,0,
2166003,3015096,130150961076681,,1,0,
2166003,3015098,130150981076681,,1,0,
2166003,3045288,130452881076681,,1,0,
2166003,3045289,130452891076681,,1,0,
2166003,3045290,130452901076681,,1,0,
2166003,3045291,130452911076681,,1,0,
2166003,3045292,130452921076681,,1,0,
2166003,3045293,130452931076681,,1,0,
2166003,3045294,130452941076681,,1,0,
2166003,3015096,230150961076681,,2,0,
2166003,3015098,230150981076681,,2,0,
2166003,3045288,230452881076681,,2,0,
2166003,3045289,230452891076681,,2,0,
2166003,3045290,230452901076681,,2,0,
2166003,3045291,230452911076681,,2,0,
2166003,3045292,230452921076681,,2,0,
2166003,3045293,230452931076681,,2,0,
2166003,3045294,230452941076681,,2,0,
2166003,3015096,330150961076681,,3,0,
2166003,3015098,330150981076681,,3,0,
2166003,3045289,330452891076681,,3,0,
2166003,3045290,330452901076681,,3,0,
2166003,3045291,330452911076681,,3,0,
2166003,3045292,330452921076681,,3,0,
2166003,3045294,330452941076681,,3,0,
2166003,3015096,430150961076681,,4,0,
2166003,3015098,430150981076681,,4,0,
2166003,3045289,430452891076681,,4,0,
2166003,3045290,430452901076681,,4,0,
2166003,3045291,430452911076681,,4,0,
2166003,3045292,430452921076681,,4,0,
2166003,3045294,430452941076681,,4,0,
2166003,3015098,530150981076681,,5,0,
2166003,3045289,530452891076681,,5,0,
2166003,3045290,530452901076681,,5,0,
2166003,3045291,530452911076681,,5,0,
2166003,3045294,530452941076681,,5,0,
2166004,3015096,10030150961076680,,100,1,
2166004,3015098,10030150981076680,,100,1,
2166004,3045289,10030452891076680,,100,1,
2166004,3045290,10030452901076680,,100,1,
2166004,3045291,10030452911076680,,100,1,
2166004,13045292,10030452921076680,,100,1,
2166004,3045294,10030452941076680,,100,1,
2166004,3015096,10130150961076680,,101,1,
2166004,3015098,10130150981076680,,101,1,
2166004,3045289,10130452891076680,,101,1,
2166004,3045290,10130452901076680,,101,1,
2166004,3045291,10130452911076680,,101,1,
2166004,13045292,10130452921076680,,101,1,
2166004,3045294,10130452941076680,,101,1,
2166004,3015096,10230150961076680,,102,1,
2166004,3015098,10230150981076680,,102,1,
2166004,3045289,10230452891076680,,102,1,
2166004,3045290,10230452901076680,,102,1,
2166004,3045291,10230452911076680,,102,1,
2166004,13045292,10230452921076680,,102,1,
2166004,3045294,10230452941076680,,102,1,
2166004,3015096,1030150961076680,,10,1,
2166004,3015098,1030150981076680,,10,1,
2166004,3045288,1030452881076680,,10,1,
2166004,3045289,1030452891076680,,10,1,
2166004,3045290,1030452901076680,,10,1,
2166004,3045291,1030452911076680,,10,1,
2166004,3045292,1030452921076680,,10,1,
2166004,3045293,1030452931076680,,10,1,
2166004,3045294,1030452941076680,,10,1,
2166004,3015096,10330150961076680,,103,1,
2166004,3015098,10330150981076680,,103,1,
2166004,3045289,10330452891076680,,103,1,
2166004,3045290,10330452901076680,,103,1,
2166004,3045291,10330452911076680,,103,1,
2166004,13045292,10330452921076680,,103,1,
2166004,3045294,10330452941076680,,103,1,
2166004,3015096,10430150961076680,,104,1,
2166004,3015098,10430150981076680,,104,1,
2166004,3045289,10430452891076680,,104,1,
2166004,3045290,10430452901076680,,104,1,
2166004,3045291,10430452911076680,,104,1,
2166004,3045294,10430452941076680,,104,1,
2166004,3015096,10530150961076680,,105,1,
2166004,3015098,10530150981076680,,105,1,
2166004,3045289,10530452891076680,,105,1,
2166004,3045290,10530452901076680,,105,1,
2166004,3045291,10530452911076680,,105,1,
2166004,3045294,10530452941076680,,105,1,
2166004,3015096,10630150961076680,,106,1,
2166004,3015098,10630150981076680,,106,1,
2166004,3045289,10630452891076680,,106,1,
2166004,3045290,10630452901076680,,106,1,
2166004,3045291,10630452911076680,,106,1,
2166004,3045294,10630452941076680,,106,1,
2166004,13015096,10730150961076680,,107,1,
2166004,3015098,10730150981076680,,107,1,
2166004,3045289,10730452891076680,,107,1,
2166004,3045290,10730452901076680,,107,1,
2166004,3045291,10730452911076680,,107,1,
2166004,3045294,10730452941076680,,107,1,
2166004,13015096,10830150961076680,,108,1,
2166004,3015098,10830150981076680,,108,1,
2166004,3045289,10830452891076680,,108,1,
2166004,3045290,10830452901076680,,108,1,
2166004,3045291,10830452911076680,,108,1,
2166004,3045294,10830452941076680,,108,1,
2166004,13015096,10930150961076680,,109,1,
2166004,3015098,10930150981076680,,109,1,
2166004,13045289,10930452891076680,,109,1,
2166004,3045290,10930452901076680,,109,1,
2166004,3045291,10930452911076680,,109,1,
2166004,13045294,10930452941076680,,109,1,
2166004,13015096,11030150961076680,,110,1,
2166004,3015098,11030150981076680,,110,1,
2166004,13045289,11030452891076680,,110,1,
2166004,3045290,11030452901076680,,110,1,
2166004,3045291,11030452911076680,,110,1,
2166004,13045294,11030452941076680,,110,1,
2166004,13015096,11130150961076680,,111,1,
2166004,3015098,11130150981076680,,111,1,
2166004,3045290,11130452901076680,,111,1,
2166004,3045291,11130452911076680,,111,1,
2166004,13045294,11130452941076680,,111,1,
2166004,3015098,11230150981076680,,112,1,
2166004,3045290,11230452901076680,,112,1,
2166004,3045291,11230452911076680,,112,1,
2166004,13045294,11230452941076680,,112,1,
2166004,3015096,1130150961076680,,11,1,
2166004,3015098,1130150981076680,,11,1,
2166004,3045288,1130452881076680,,11,1,
2166004,3045289,1130452891076680,,11,1,
2166004,3045290,1130452901076680,,11,1,
2166004,3045291,1130452911076680,,11,1,
2166004,3045292,1130452921076680,,11,1,
2166004,3045293,1130452931076680,,11,1,
2166004,3045294,1130452941076680,,11,1,
2166004,3015098,11330150981076680,,113,1,
2166004,13045290,11330452901076680,,113,1,
2166004,3045291,11330452911076680,,113,1,
2166004,13045294,11330452941076680,,113,1,
2166004,3015098,11430150981076680,,114,1,
2166004,13045290,11430452901076680,,114,1,
2166004,3045291,11430452911076680,,114,1,
2166004,3015098,11530150981076680,,115,1,
2166004,3045291,11530452911076680,,115,1,
2166004,3015098,11630150981076680,,116,1,
2166004,3045291,11630452911076680,,116,1,
2166004,13015098,11730150981076680,,117,1,
2166004,13045291,11730452911076680,,117,1,
2166004,13015098,11830150981076680,,118,1,
2166004,13045291,11830452911076680,,118,1,
2166004,13015098,11930150981076680,,119,1,
2166004,13015098,12030150981076680,,120,1,
2166004,13015098,12130150981076680,,121,1,
2166004,3015096,1230150961076680,,12,1,
2166004,3015098,1230150981076680,,12,1,
2166004,3045288,1230452881076680,,12,1,
2166004,3045289,1230452891076680,,12,1,
2166004,3045290,1230452901076680,,12,1,
2166004,3045291,1230452911076680,,12,1,
2166004,3045292,1230452921076680,,12,1,
2166004,3045293,1230452931076680,,12,1,
2166004,3045294,1230452941076680,,12,1,
2166004,3015096,130150961076680,,1,1,
2166004,3015098,130150981076680,,1,1,
2166004,3045288,130452881076680,,1,1,
2166004,3045289,130452891076680,,1,1,
2166004,3045290,130452901076680,,1,1,
2166004,3045291,130452911076680,,1,1,
2166004,3045292,130452921076680,,1,1,
2166004,3045293,130452931076680,,1,1,
2166004,3045294,130452941076680,,1,1,
2166004,3015096,1330150961076680,,13,1,
2166004,3015098,1330150981076680,,13,1,
2166004,3045288,1330452881076680,,13,1,
2166004,3045289,1330452891076680,,13,1,
2166004,3045290,1330452901076680,,13,1,
2166004,3045291,1330452911076680,,13,1,
2166004,3045292,1330452921076680,,13,1,
2166004,3045293,1330452931076680,,13,1,
2166004,3045294,1330452941076680,,13,1,
2166004,3015096,1430150961076680,,14,1,
2166004,3015098,1430150981076680,,14,1,
2166004,3045288,1430452881076680,,14,1,
2166004,3045289,1430452891076680,,14,1,
2166004,3045290,1430452901076680,,14,1,
2166004,3045291,1430452911076680,,14,1,
2166004,3045292,1430452921076680,,14,1,
2166004,3045293,1430452931076680,,14,1,
2166004,3045294,1430452941076680,,14,1,
2166004,3015096,1530150961076680,,15,1,
2166004,3015098,1530150981076680,,15,1,
2166004,3045288,1530452881076680,,15,1,
2166004,3045289,1530452891076680,,15,1,
2166004,3045290,1530452901076680,,15,1,
2166004,3045291,1530452911076680,,15,1,
2166004,3045292,1530452921076680,,15,1,
2166004,3045293,1530452931076680,,15,1,
2166004,3045294,1530452941076680,,15,1,
2166004,3015096,1630150961076680,,16,1,
2166004,3015098,1630150981076680,,16,1,
2166004,3045288,1630452881076680,,16,1,
2166004,3045289,1630452891076680,,16,1,
2166004,3045290,1630452901076680,,16,1,
2166004,3045291,1630452911076680,,16,1,
2166004,3045292,1630452921076680,,16,1,
2166004,3045293,1630452931076680,,16,1,
2166004,3045294,1630452941076680,,16,1,
2166004,3015096,1730150961076680,,17,1,
2166004,3015098,1730150981076680,,17,1,
2166004,3045288,1730452881076680,,17,1,
2166004,3045289,1730452891076680,,17,1,
2166004,3045290,1730452901076680,,17,1,
2166004,3045291,1730452911076680,,17,1,
2166004,3045292,1730452921076680,,17,1,
2166004,3045293,1730452931076680,,17,1,
2166004,3045294,1730452941076680,,17,1,
2166004,3015096,1830150961076680,,18,1,
2166004,3015098,1830150981076680,,18,1,
2166004,3045288,1830452881076680,,18,1,
2166004,3045289,1830452891076680,,18,1,
2166004,3045290,1830452901076680,,18,1,
2166004,3045291,1830452911076680,,18,1,
2166004,3045292,1830452921076680,,18,1,
2166004,3045293,1830452931076680,,18,1,
2166004,3045294,1830452941076680,,18,1,
2166004,3015096,1930150961076680,,19,1,
2166004,3015098,1930150981076680,,19,1,
2166004,3045288,1930452881076680,,19,1,
2166004,3045289,1930452891076680,,19,1,
2166004,3045290,1930452901076680,,19,1,
2166004,3045291,1930452911076680,,19,1,
2166004,3045292,1930452921076680,,19,1,
2166004,3045293,1930452931076680,,19,1,
2166004,3045294,1930452941076680,,19,1,
2166004,3015096,2030150961076680,,20,1,
2166004,3015098,2030150981076680,,20,1,
2166004,3045288,2030452881076680,,20,1,
2166004,3045289,2030452891076680,,20,1,
2166004,3045290,2030452901076680,,20,1,
2166004,3045291,2030452911076680,,20,1,
2166004,3045292,2030452921076680,,20,1,
2166004,3045293,2030452931076680,,20,1,
2166004,3045294,2030452941076680,,20,1,
2166004,3015096,2130150961076680,,21,1,
2166004,3015098,2130150981076680,,21,1,
2166004,3045288,2130452881076680,,21,1,
2166004,3045289,2130452891076680,,21,1,
2166004,3045290,2130452901076680,,21,1,
2166004,3045291,2130452911076680,,21,1,
2166004,3045292,2130452921076680,,21,1,
2166004,3045293,2130452931076680,,21,1,
2166004,3045294,2130452941076680,,21,1,
2166004,3015096,2230150961076680,,22,1,
2166004,3015098,2230150981076680,,22,1,
2166004,3045288,2230452881076680,,22,1,
2166004,3045289,2230452891076680,,22,1,
2166004,3045290,2230452901076680,,22,1,
2166004,3045291,2230452911076680,,22,1,
2166004,3045292,2230452921076680,,22,1,
2166004,3045293,2230452931076680,,22,1,
2166004,3045294,2230452941076680,,22,1,
2166004,3015096,230150961076680,,2,1,
2166004,3015098,230150981076680,,2,1,
2166004,3045288,230452881076680,,2,1,
2166004,3045289,230452891076680,,2,1,
2166004,3045290,230452901076680,,2,1,
2166004,3045291,230452911076680,,2,1,
2166004,3045292,230452921076680,,2,1,
2166004,3045293,230452931076680,,2,1,
2166004,3045294,230452941076680,,2,1,
2166004,3015096,2330150961076680,,23,1,
2166004,3015098,2330150981076680,,23,1,
2166004,3045288,2330452881076680,,23,1,
2166004,3045289,2330452891076680,,23,1,
2166004,3045290,2330452901076680,,23,1,
2166004,3045291,2330452911076680,,23,1,
2166004,3045292,2330452921076680,,23,1,
2166004,3045293,2330452931076680,,23,1,
2166004,3045294,2330452941076680,,23,1,
2166004,3015096,2430150961076680,,24,1,
2166004,3015098,2430150981076680,,24,1,
2166004,3045288,2430452881076680,,24,1,
2166004,3045289,2430452891076680,,24,1,
2166004,3045290,2430452901076680,,24,1,
2166004,3045291,2430452911076680,,24,1,
2166004,3045292,2430452921076680,,24,1,
2166004,3045293,2430452931076680,,24,1,
2166004,3045294,2430452941076680,,24,1,
2166004,3015096,2530150961076680,,25,1,
2166004,3015098,2530150981076680,,25,1,
2166004,3045288,2530452881076680,,25,1,
2166004,3045289,2530452891076680,,25,1,
2166004,3045290,2530452901076680,,25,1,
2166004,3045291,2530452911076680,,25,1,
2166004,3045292,2530452921076680,,25,1,
2166004,3045293,2530452931076680,,25,1,
2166004,3045294,2530452941076680,,25,1,
2166004,3015096,2630150961076680,,26,1,
2166004,3015098,2630150981076680,,26,1,
2166004,3045288,2630452881076680,,26,1,
2166004,3045289,2630452891076680,,26,1,
2166004,3045290,2630452901076680,,26,1,
2166004,3045291,2630452911076680,,26,1,
2166004,3045292,2630452921076680,,26,1,
2166004,3045293,2630452931076680,,26,1,
2166004,3045294,2630452941076680,,26,1,
2166004,3015096,2730150961076680,,27,1,
2166004,3015098,2730150981076680,,27,1,
2166004,3045288,2730452881076680,,27,1,
2166004,3045289,2730452891076680,,27,1,
2166004,3045290,2730452901076680,,27,1,
2166004,3045291,2730452911076680,,27,1,
2166004,3045292,2730452921076680,,27,1,
2166004,3045293,2730452931076680,,27,1,
2166004,3045294,2730452941076680,,27,1,
2166004,3015096,2830150961076680,,28,1,
2166004,3015098,2830150981076680,,28,1,
2166004,3045288,2830452881076680,,28,1,
2166004,3045289,2830452891076680,,28,1,
2166004,3045290,2830452901076680,,28,1,
2166004,3045291,2830452911076680,,28,1,
2166004,3045292,2830452921076680,,28,1,
2166004,3045293,2830452931076680,,28,1,
2166004,3045294,2830452941076680,,28,1,
2166004,3015096,2930150961076680,,29,1,
2166004,3015098,2930150981076680,,29,1,
2166004,3045288,2930452881076680,,29,1,
2166004,3045289,2930452891076680,,29,1,
2166004,3045290,2930452901076680,,29,1,
2166004,3045291,2930452911076680,,29,1,
2166004,3045292,2930452921076680,,29,1,
2166004,3045293,2930452931076680,,29,1,
2166004,3045294,2930452941076680,,29,1,
2166004,3015096,3030150961076680,,30,1,
2166004,3015098,3030150981076680,,30,1,
2166004,3045288,3030452881076680,,30,1,
2166004,3045289,3030452891076680,,30,1,
2166004,3045290,3030452901076680,,30,1,
2166004,3045291,3030452911076680,,30,1,
2166004,3045292,3030452921076680,,30,1,
2166004,3045293,3030452931076680,,30,1,
2166004,3045294,3030452941076680,,30,1,
2166004,3015096,3130150961076680,,31,1,
2166004,3015098,3130150981076680,,31,1,
2166004,3045288,3130452881076680,,31,1,
2166004,3045289,3130452891076680,,31,1,
2166004,3045290,3130452901076680,,31,1,
2166004,3045291,3130452911076680,,31,1,
2166004,3045292,3130452921076680,,31,1,
2166004,3045293,3130452931076680,,31,1,
2166004,3045294,3130452941076680,,31,1,
2166004,3015096,3230150961076680,,32,1,
2166004,3015098,3230150981076680,,32,1,
2166004,3045288,3230452881076680,,32,1,
2166004,3045289,3230452891076680,,32,1,
2166004,3045290,3230452901076680,,32,1,
2166004,3045291,3230452911076680,,32,1,
2166004,3045292,3230452921076680,,32,1,
2166004,3045293,3230452931076680,,32,1,
2166004,3045294,3230452941076680,,32,1,
2166004,3015096,330150961076680,,3,1,
2166004,3015098,330150981076680,,3,1,
2166004,3045288,330452881076680,,3,1,
2166004,3045289,330452891076680,,3,1,
2166004,3045290,330452901076680,,3,1,
2166004,3045291,330452911076680,,3,1,
2166004,3045292,330452921076680,,3,1,
2166004,3045293,330452931076680,,3,1,
2166004,3045294,330452941076680,,3,1,
2166004,3015096,3330150961076680,,33,1,
2166004,3015098,3330150981076680,,33,1,
2166004,3045288,3330452881076680,,33,1,
2166004,3045289,3330452891076680,,33,1,
2166004,3045290,3330452901076680,,33,1,
2166004,3045291,3330452911076680,,33,1,
2166004,3045292,3330452921076680,,33,1,
2166004,3045293,3330452931076680,,33,1,
2166004,3045294,3330452941076680,,33,1,
2166004,3015096,3430150961076680,,34,1,
2166004,3015098,3430150981076680,,34,1,
2166004,3045288,3430452881076680,,34,1,
2166004,3045289,3430452891076680,,34,1,
2166004,3045290,3430452901076680,,34,1,
2166004,3045291,3430452911076680,,34,1,
2166004,3045292,3430452921076680,,34,1,
2166004,3045293,3430452931076680,,34,1,
2166004,3045294,3430452941076680,,34,1,
2166004,3015096,3530150961076680,,35,1,
2166004,3015098,3530150981076680,,35,1,
2166004,3045288,3530452881076680,,35,1,
2166004,3045289,3530452891076680,,35,1,
2166004,3045290,3530452901076680,,35,1,
2166004,3045291,3530452911076680,,35,1,
2166004,3045292,3530452921076680,,35,1,
2166004,3045293,3530452931076680,,35,1,
2166004,3045294,3530452941076680,,35,1,
2166004,3015096,3630150961076680,,36,1,
2166004,3015098,3630150981076680,,36,1,
2166004,3045288,3630452881076680,,36,1,
2166004,3045289,3630452891076680,,36,1,
2166004,3045290,3630452901076680,,36,1,
2166004,3045291,3630452911076680,,36,1,
2166004,3045292,3630452921076680,,36,1,
2166004,3045293,3630452931076680,,36,1,
2166004,3045294,3630452941076680,,36,1,
2166004,3015096,3730150961076680,,37,1,
2166004,3015098,3730150981076680,,37,1,
2166004,3045288,3730452881076680,,37,1,
2166004,3045289,3730452891076680,,37,1,
2166004,3045290,3730452901076680,,37,1,
2166004,3045291,3730452911076680,,37,1,
2166004,3045292,3730452921076680,,37,1,
2166004,3045293,3730452931076680,,37,1,
2166004,3045294,3730452941076680,,37,1,
2166004,3015096,3830150961076680,,38,1,
2166004,3015098,3830150981076680,,38,1,
2166004,3045288,3830452881076680,,38,1,
2166004,3045289,3830452891076680,,38,1,
2166004,3045290,3830452901076680,,38,1,
2166004,3045291,3830452911076680,,38,1,
2166004,3045292,3830452921076680,,38,1,
2166004,3045293,3830452931076680,,38,1,
2166004,3045294,3830452941076680,,38,1,
2166004,3015096,3930150961076680,,39,1,
2166004,3015098,3930150981076680,,39,1,
2166004,3045288,3930452881076680,,39,1,
2166004,3045289,3930452891076680,,39,1,
2166004,3045290,3930452901076680,,39,1,
2166004,3045291,3930452911076680,,39,1,
2166004,3045292,3930452921076680,,39,1,
2166004,3045293,3930452931076680,,39,1,
2166004,3045294,3930452941076680,,39,1,
2166004,3015096,4030150961076680,,40,1,
2166004,3015098,4030150981076680,,40,1,
2166004,3045288,4030452881076680,,40,1,
2166004,3045289,4030452891076680,,40,1,
2166004,3045290,4030452901076680,,40,1,
2166004,3045291,4030452911076680,,40,1,
2166004,3045292,4030452921076680,,40,1,
2166004,3045293,4030452931076680,,40,1,
2166004,3045294,4030452941076680,,40,1,
2166004,3015096,4130150961076680,,41,1,
2166004,3015098,4130150981076680,,41,1,
2166004,3045288,4130452881076680,,41,1,
2166004,3045289,4130452891076680,,41,1,
2166004,3045290,4130452901076680,,41,1,
2166004,3045291,4130452911076680,,41,1,
2166004,3045292,4130452921076680,,41,1,
2166004,3045293,4130452931076680,,41,1,
2166004,3045294,4130452941076680,,41,1,
2166004,3015096,4230150961076680,,42,1,
2166004,3015098,4230150981076680,,42,1,
2166004,3045288,4230452881076680,,42,1,
2166004,3045289,4230452891076680,,42,1,
2166004,3045290,4230452901076680,,42,1,
2166004,3045291,4230452911076680,,42,1,
2166004,3045292,4230452921076680,,42,1,
2166004,3045293,4230452931076680,,42,1,
2166004,3045294,4230452941076680,,42,1,
2166004,3015096,430150961076680,,4,1,
2166004,3015098,430150981076680,,4,1,
2166004,3045288,430452881076680,,4,1,
2166004,3045289,430452891076680,,4,1,
2166004,3045290,430452901076680,,4,1,
2166004,3045291,430452911076680,,4,1,
2166004,3045292,430452921076680,,4,1,
2166004,3045293,430452931076680,,4,1,
2166004,3045294,430452941076680,,4,1,
2166004,3015096,4330150961076680,,43,1,
2166004,3015098,4330150981076680,,43,1,
2166004,3045288,4330452881076680,,43,1,
2166004,3045289,4330452891076680,,43,1,
2166004,3045290,4330452901076680,,43,1,
2166004,3045291,4330452911076680,,43,1,
2166004,3045292,4330452921076680,,43,1,
2166004,3045293,4330452931076680,,43,1,
2166004,3045294,4330452941076680,,43,1,
2166004,3015096,4430150961076680,,44,1,
2166004,3015098,4430150981076680,,44,1,
2166004,3045288,4430452881076680,,44,1,
2166004,3045289,4430452891076680,,44,1,
2166004,3045290,4430452901076680,,44,1,
2166004,3045291,4430452911076680,,44,1,
2166004,3045292,4430452921076680,,44,1,
2166004,3045293,4430452931076680,,44,1,
2166004,3045294,4430452941076680,,44,1,
2166004,3015096,4530150961076680,,45,1,
2166004,3015098,4530150981076680,,45,1,
2166004,3045288,4530452881076680,,45,1,
2166004,3045289,4530452891076680,,45,1,
2166004,3045290,4530452901076680,,45,1,
2166004,3045291,4530452911076680,,45,1,
2166004,3045292,4530452921076680,,45,1,
2166004,3045293,4530452931076680,,45,1,
2166004,3045294,4530452941076680,,45,1,
2166004,3015096,4630150961076680,,46,1,
2166004,3015098,4630150981076680,,46,1,
2166004,3045288,4630452881076680,,46,1,
2166004,3045289,4630452891076680,,46,1,
2166004,3045290,4630452901076680,,46,1,
2166004,3045291,4630452911076680,,46,1,
2166004,3045292,4630452921076680,,46,1,
2166004,3045293,4630452931076680,,46,1,
2166004,3045294,4630452941076680,,46,1,
2166004,3015096,4730150961076680,,47,1,
2166004,3015098,4730150981076680,,47,1,
2166004,3045288,4730452881076680,,47,1,
2166004,3045289,4730452891076680,,47,1,
2166004,3045290,4730452901076680,,47,1,
2166004,3045291,4730452911076680,,47,1,
2166004,3045292,4730452921076680,,47,1,
2166004,3045293,4730452931076680,,47,1,
2166004,3045294,4730452941076680,,47,1,
2166004,3015096,4830150961076680,,48,1,
2166004,3015098,4830150981076680,,48,1,
2166004,3045288,4830452881076680,,48,1,
2166004,3045289,4830452891076680,,48,1,
2166004,3045290,4830452901076680,,48,1,
2166004,3045291,4830452911076680,,48,1,
2166004,3045292,4830452921076680,,48,1,
2166004,3045293,4830452931076680,,48,1,
2166004,3045294,4830452941076680,,48,1,
2166004,3015096,4930150961076680,,49,1,
2166004,3015098,4930150981076680,,49,1,
2166004,3045288,4930452881076680,,49,1,
2166004,3045289,4930452891076680,,49,1,
2166004,3045290,4930452901076680,,49,1,
2166004,3045291,4930452911076680,,49,1,
2166004,3045292,4930452921076680,,49,1,
2166004,3045293,4930452931076680,,49,1,
2166004,3045294,4930452941076680,,49,1,
2166004,3015096,5030150961076680,,50,1,
2166004,3015098,5030150981076680,,50,1,
2166004,3045288,5030452881076680,,50,1,
2166004,3045289,5030452891076680,,50,1,
2166004,3045290,5030452901076680,,50,1,
2166004,3045291,5030452911076680,,50,1,
2166004,3045292,5030452921076680,,50,1,
2166004,3045293,5030452931076680,,50,1,
2166004,3045294,5030452941076680,,50,1,
2166004,3015096,5130150961076680,,51,1,
2166004,3015098,5130150981076680,,51,1,
2166004,3045288,5130452881076680,,51,1,
2166004,3045289,5130452891076680,,51,1,
2166004,3045290,5130452901076680,,51,1,
2166004,3045291,5130452911076680,,51,1,
2166004,3045292,5130452921076680,,51,1,
2166004,3045293,5130452931076680,,51,1,
2166004,3045294,5130452941076680,,51,1,
2166004,3015096,5230150961076680,,52,1,
2166004,3015098,5230150981076680,,52,1,
2166004,3045288,5230452881076680,,52,1,
2166004,3045289,5230452891076680,,52,1,
2166004,3045290,5230452901076680,,52,1,
2166004,3045291,5230452911076680,,52,1,
2166004,3045292,5230452921076680,,52,1,
2166004,3045293,5230452931076680,,52,1,
2166004,3045294,5230452941076680,,52,1,
2166004,3015096,530150961076680,,5,1,
2166004,3015098,530150981076680,,5,1,
2166004,3045288,530452881076680,,5,1,
2166004,3045289,530452891076680,,5,1,
2166004,3045290,530452901076680,,5,1,
2166004,3045291,530452911076680,,5,1,
2166004,3045292,530452921076680,,5,1,
2166004,3045293,530452931076680,,5,1,
2166004,3045294,530452941076680,,5,1,
2166004,3015096,5330150961076680,,53,1,
2166004,3015098,5330150981076680,,53,1,
2166004,3045288,5330452881076680,,53,1,
2166004,3045289,5330452891076680,,53,1,
2166004,3045290,5330452901076680,,53,1,
2166004,3045291,5330452911076680,,53,1,
2166004,3045292,5330452921076680,,53,1,
2166004,3045293,5330452931076680,,53,1,
2166004,3045294,5330452941076680,,53,1,
2166004,3015096,5430150961076680,,54,1,
2166004,3015098,5430150981076680,,54,1,
2166004,3045288,5430452881076680,,54,1,
2166004,3045289,5430452891076680,,54,1,
2166004,3045290,5430452901076680,,54,1,
2166004,3045291,5430452911076680,,54,1,
2166004,3045292,5430452921076680,,54,1,
2166004,3045293,5430452931076680,,54,1,
2166004,3045294,5430452941076680,,54,1,
2166004,3015096,5530150961076680,,55,1,
2166004,3015098,5530150981076680,,55,1,
2166004,3045288,5530452881076680,,55,1,
2166004,3045289,5530452891076680,,55,1,
2166004,3045290,5530452901076680,,55,1,
2166004,3045291,5530452911076680,,55,1,
2166004,3045292,5530452921076680,,55,1,
2166004,3045293,5530452931076680,,55,1,
2166004,3045294,5530452941076680,,55,1,
2166004,3015096,5630150961076680,,56,1,
2166004,3015098,5630150981076680,,56,1,
2166004,3045288,5630452881076680,,56,1,
2166004,3045289,5630452891076680,,56,1,
2166004,3045290,5630452901076680,,56,1,
2166004,3045291,5630452911076680,,56,1,
2166004,3045292,5630452921076680,,56,1,
2166004,3045293,5630452931076680,,56,1,
2166004,3045294,5630452941076680,,56,1,
2166004,3015096,5730150961076680,,57,1,
2166004,3015098,5730150981076680,,57,1,
2166004,3045288,5730452881076680,,57,1,
2166004,3045289,5730452891076680,,57,1,
2166004,3045290,5730452901076680,,57,1,
2166004,3045291,5730452911076680,,57,1,
2166004,3045292,5730452921076680,,57,1,
2166004,3045293,5730452931076680,,57,1,
2166004,3045294,5730452941076680,,57,1,
2166004,3015096,5830150961076680,,58,1,
2166004,3015098,5830150981076680,,58,1,
2166004,3045288,5830452881076680,,58,1,
2166004,3045289,5830452891076680,,58,1,
2166004,3045290,5830452901076680,,58,1,
2166004,3045291,5830452911076680,,58,1,
2166004,3045292,5830452921076680,,58,1,
2166004,3045293,5830452931076680,,58,1,
2166004,3045294,5830452941076680,,58,1,
2166004,3015096,5930150961076680,,59,1,
2166004,3015098,5930150981076680,,59,1,
2166004,3045288,5930452881076680,,59,1,
2166004,3045289,5930452891076680,,59,1,
2166004,3045290,5930452901076680,,59,1,
2166004,3045291,5930452911076680,,59,1,
2166004,3045292,5930452921076680,,59,1,
2166004,3045293,5930452931076680,,59,1,
2166004,3045294,5930452941076680,,59,1,
2166004,3015096,6030150961076680,,60,1,
2166004,3015098,6030150981076680,,60,1,
2166004,3045288,6030452881076680,,60,1,
2166004,3045289,6030452891076680,,60,1,
2166004,3045290,6030452901076680,,60,1,
2166004,3045291,6030452911076680,,60,1,
2166004,3045292,6030452921076680,,60,1,
2166004,3045293,6030452931076680,,60,1,
2166004,3045294,6030452941076680,,60,1,
2166004,3015096,6130150961076680,,61,1,
2166004,3015098,6130150981076680,,61,1,
2166004,3045288,6130452881076680,,61,1,
2166004,3045289,6130452891076680,,61,1,
2166004,3045290,6130452901076680,,61,1,
2166004,3045291,6130452911076680,,61,1,
2166004,3045292,6130452921076680,,61,1,
2166004,3045293,6130452931076680,,61,1,
2166004,3045294,6130452941076680,,61,1,
2166004,3015096,6230150961076680,,62,1,
2166004,3015098,6230150981076680,,62,1,
2166004,3045288,6230452881076680,,62,1,
2166004,3045289,6230452891076680,,62,1,
2166004,3045290,6230452901076680,,62,1,
2166004,3045291,6230452911076680,,62,1,
2166004,3045292,6230452921076680,,62,1,
2166004,3045293,6230452931076680,,62,1,
2166004,3045294,6230452941076680,,62,1,
2166004,3015096,630150961076680,,6,1,
2166004,3015098,630150981076680,,6,1,
2166004,3045288,630452881076680,,6,1,
2166004,3045289,630452891076680,,6,1,
2166004,3045290,630452901076680,,6,1,
2166004,3045291,630452911076680,,6,1,
2166004,3045292,630452921076680,,6,1,
2166004,3045293,630452931076680,,6,1,
2166004,3045294,630452941076680,,6,1,
2166004,3015096,6330150961076680,,63,1,
2166004,3015098,6330150981076680,,63,1,
2166004,3045288,6330452881076680,,63,1,
2166004,3045289,6330452891076680,,63,1,
2166004,3045290,6330452901076680,,63,1,
2166004,3045291,6330452911076680,,63,1,
2166004,3045292,6330452921076680,,63,1,
2166004,3045293,6330452931076680,,63,1,
2166004,3045294,6330452941076680,,63,1,
2166004,3015096,6430150961076680,,64,1,
2166004,3015098,6430150981076680,,64,1,
2166004,3045288,6430452881076680,,64,1,
2166004,3045289,6430452891076680,,64,1,
2166004,3045290,6430452901076680,,64,1,
2166004,3045291,6430452911076680,,64,1,
2166004,3045292,6430452921076680,,64,1,
2166004,3045293,6430452931076680,,64,1,
2166004,3045294,6430452941076680,,64,1,
2166004,3015096,6530150961076680,,65,1,
2166004,3015098,6530150981076680,,65,1,
2166004,3045288,6530452881076680,,65,1,
2166004,3045289,6530452891076680,,65,1,
2166004,3045290,6530452901076680,,65,1,
2166004,3045291,6530452911076680,,65,1,
2166004,3045292,6530452921076680,,65,1,
2166004,3045293,6530452931076680,,65,1,
2166004,3045294,6530452941076680,,65,1,
2166004,3015096,6630150961076680,,66,1,
2166004,3015098,6630150981076680,,66,1,
2166004,3045288,6630452881076680,,66,1,
2166004,3045289,6630452891076680,,66,1,
2166004,3045290,6630452901076680,,66,1,
2166004,3045291,6630452911076680,,66,1,
2166004,3045292,6630452921076680,,66,1,
2166004,3045293,6630452931076680,,66,1,
2166004,3045294,6630452941076680,,66,1,
2166004,3015096,6730150961076680,,67,1,
2166004,3015098,6730150981076680,,67,1,
2166004,3045288,6730452881076680,,67,1,
2166004,3045289,6730452891076680,,67,1,
2166004,3045290,6730452901076680,,67,1,
2166004,3045291,6730452911076680,,67,1,
2166004,3045292,6730452921076680,,67,1,
2166004,3045293,6730452931076680,,67,1,
2166004,3045294,6730452941076680,,67,1,
2166004,3015096,6830150961076680,,68,1,
2166004,3015098,6830150981076680,,68,1,
2166004,3045288,6830452881076680,,68,1,
2166004,3045289,6830452891076680,,68,1,
2166004,3045290,6830452901076680,,68,1,
2166004,3045291,6830452911076680,,68,1,
2166004,3045292,6830452921076680,,68,1,
2166004,3045293,6830452931076680,,68,1,
2166004,3045294,6830452941076680,,68,1,
2166004,3015096,6930150961076680,,69,1,
2166004,3015098,6930150981076680,,69,1,
2166004,3045288,6930452881076680,,69,1,
2166004,3045289,6930452891076680,,69,1,
2166004,3045290,6930452901076680,,69,1,
2166004,3045291,6930452911076680,,69,1,
2166004,3045292,6930452921076680,,69,1,
2166004,3045293,6930452931076680,,69,1,
2166004,3045294,6930452941076680,,69,1,
2166004,3015096,7030150961076680,,70,1,
2166004,3015098,7030150981076680,,70,1,
2166004,3045288,7030452881076680,,70,1,
2166004,3045289,7030452891076680,,70,1,
2166004,3045290,7030452901076680,,70,1,
2166004,3045291,7030452911076680,,70,1,
2166004,3045292,7030452921076680,,70,1,
2166004,3045293,7030452931076680,,70,1,
2166004,3045294,7030452941076680,,70,1,
2166004,3015096,7130150961076680,,71,1,
2166004,3015098,7130150981076680,,71,1,
2166004,3045288,7130452881076680,,71,1,
2166004,3045289,7130452891076680,,71,1,
2166004,3045290,7130452901076680,,71,1,
2166004,3045291,7130452911076680,,71,1,
2166004,3045292,7130452921076680,,71,1,
2166004,3045293,7130452931076680,,71,1,
2166004,3045294,7130452941076680,,71,1,
2166004,3015096,7230150961076680,,72,1,
2166004,3015098,7230150981076680,,72,1,
2166004,3045288,7230452881076680,,72,1,
2166004,3045289,7230452891076680,,72,1,
2166004,3045290,7230452901076680,,72,1,
2166004,3045291,7230452911076680,,72,1,
2166004,3045292,7230452921076680,,72,1,
2166004,3045293,7230452931076680,,72,1,
2166004,3045294,7230452941076680,,72,1,
2166004,3015096,730150961076680,,7,1,
2166004,3015098,730150981076680,,7,1,
2166004,3045288,730452881076680,,7,1,
2166004,3045289,730452891076680,,7,1,
2166004,3045290,730452901076680,,7,1,
2166004,3045291,730452911076680,,7,1,
2166004,3045292,730452921076680,,7,1,
2166004,3045293,730452931076680,,7,1,
2166004,3045294,730452941076680,,7,1,
2166004,3015096,7330150961076680,,73,1,
2166004,3015098,7330150981076680,,73,1,
2166004,3045288,7330452881076680,,73,1,
2166004,3045289,7330452891076680,,73,1,
2166004,3045290,7330452901076680,,73,1,
2166004,3045291,7330452911076680,,73,1,
2166004,3045292,7330452921076680,,73,1,
2166004,3045293,7330452931076680,,73,1,
2166004,3045294,7330452941076680,,73,1,
2166004,3015096,7430150961076680,,74,1,
2166004,3015098,7430150981076680,,74,1,
2166004,3045288,7430452881076680,,74,1,
2166004,3045289,7430452891076680,,74,1,
2166004,3045290,7430452901076680,,74,1,
2166004,3045291,7430452911076680,,74,1,
2166004,3045292,7430452921076680,,74,1,
2166004,3045293,7430452931076680,,74,1,
2166004,3045294,7430452941076680,,74,1,
2166004,3015096,7530150961076680,,75,1,
2166004,3015098,7530150981076680,,75,1,
2166004,3045288,7530452881076680,,75,1,
2166004,3045289,7530452891076680,,75,1,
2166004,3045290,7530452901076680,,75,1,
2166004,3045291,7530452911076680,,75,1,
2166004,3045292,7530452921076680,,75,1,
2166004,3045293,7530452931076680,,75,1,
2166004,3045294,7530452941076680,,75,1,
2166004,3015096,7630150961076680,,76,1,
2166004,3015098,7630150981076680,,76,1,
2166004,3045288,7630452881076680,,76,1,
2166004,3045289,7630452891076680,,76,1,
2166004,3045290,7630452901076680,,76,1,
2166004,3045291,7630452911076680,,76,1,
2166004,3045292,7630452921076680,,76,1,
2166004,3045293,7630452931076680,,76,1,
2166004,3045294,7630452941076680,,76,1,
2166004,3015096,7730150961076680,,77,1,
2166004,3015098,7730150981076680,,77,1,
2166004,3045288,7730452881076680,,77,1,
2166004,3045289,7730452891076680,,77,1,
2166004,3045290,7730452901076680,,77,1,
2166004,3045291,7730452911076680,,77,1,
2166004,3045292,7730452921076680,,77,1,
2166004,3045293,7730452931076680,,77,1,
2166004,3045294,7730452941076680,,77,1,
2166004,3015096,7830150961076680,,78,1,
2166004,3015098,7830150981076680,,78,1,
2166004,3045288,7830452881076680,,78,1,
2166004,3045289,7830452891076680,,78,1,
2166004,3045290,7830452901076680,,78,1,
2166004,3045291,7830452911076680,,78,1,
2166004,3045292,7830452921076680,,78,1,
2166004,3045293,7830452931076680,,78,1,
2166004,3045294,7830452941076680,,78,1,
2166004,3015096,7930150961076680,,79,1,
2166004,3015098,7930150981076680,,79,1,
2166004,3045288,7930452881076680,,79,1,
2166004,3045289,7930452891076680,,79,1,
2166004,3045290,7930452901076680,,79,1,
2166004,3045291,7930452911076680,,79,1,
2166004,3045292,7930452921076680,,79,1,
2166004,3045293,7930452931076680,,79,1,
2166004,3045294,7930452941076680,,79,1,
2166004,3015096,8030150961076680,,80,1,
2166004,3015098,8030150981076680,,80,1,
2166004,3045288,8030452881076680,,80,1,
2166004,3045289,8030452891076680,,80,1,
2166004,3045290,8030452901076680,,80,1,
2166004,3045291,8030452911076680,,80,1,
2166004,3045292,8030452921076680,,80,1,
2166004,3045293,8030452931076680,,80,1,
2166004,3045294,8030452941076680,,80,1,
2166004,3015096,8130150961076680,,81,1,
2166004,3015098,8130150981076680,,81,1,
2166004,3045288,8130452881076680,,81,1,
2166004,3045289,8130452891076680,,81,1,
2166004,3045290,8130452901076680,,81,1,
2166004,3045291,8130452911076680,,81,1,
2166004,3045292,8130452921076680,,81,1,
2166004,3045293,8130452931076680,,81,1,
2166004,3045294,8130452941076680,,81,1,
2166004,3015096,8230150961076680,,82,1,
2166004,3015098,8230150981076680,,82,1,
2166004,3045288,8230452881076680,,82,1,
2166004,3045289,8230452891076680,,82,1,
2166004,3045290,8230452901076680,,82,1,
2166004,3045291,8230452911076680,,82,1,
2166004,3045292,8230452921076680,,82,1,
2166004,3045293,8230452931076680,,82,1,
2166004,3045294,8230452941076680,,82,1,
2166004,3015096,830150961076680,,8,1,
2166004,3015098,830150981076680,,8,1,
2166004,3045288,830452881076680,,8,1,
2166004,3045289,830452891076680,,8,1,
2166004,3045290,830452901076680,,8,1,
2166004,3045291,830452911076680,,8,1,
2166004,3045292,830452921076680,,8,1,
2166004,3045293,830452931076680,,8,1,
2166004,3045294,830452941076680,,8,1,
2166004,3015096,8330150961076680,,83,1,
2166004,3015098,8330150981076680,,83,1,
2166004,13045288,8330452881076680,,83,1,
2166004,3045289,8330452891076680,,83,1,
2166004,3045290,8330452901076680,,83,1,
2166004,3045291,8330452911076680,,83,1,
2166004,3045292,8330452921076680,,83,1,
2166004,3045293,8330452931076680,,83,1,
2166004,3045294,8330452941076680,,83,1,
2166004,3015096,8430150961076680,,84,1,
2166004,3015098,8430150981076680,,84,1,
2166004,13045288,8430452881076680,,84,1,
2166004,3045289,8430452891076680,,84,1,
2166004,3045290,8430452901076680,,84,1,
2166004,3045291,8430452911076680,,84,1,
2166004,3045292,8430452921076680,,84,1,
2166004,13045293,8430452931076680,,84,1,
2166004,3045294,8430452941076680,,84,1,
2166004,3015096,8530150961076680,,85,1,
2166004,3015098,8530150981076680,,85,1,
2166004,3045289,8530452891076680,,85,1,
2166004,3045290,8530452901076680,,85,1,
2166004,3045291,8530452911076680,,85,1,
2166004,3045292,8530452921076680,,85,1,
2166004,13045293,8530452931076680,,85,1,
2166004,3045294,8530452941076680,,85,1,
2166004,3015096,8630150961076680,,86,1,
2166004,3015098,8630150981076680,,86,1,
2166004,3045289,8630452891076680,,86,1,
2166004,3045290,8630452901076680,,86,1,
2166004,3045291,8630452911076680,,86,1,
2166004,3045292,8630452921076680,,86,1,
2166004,13045293,8630452931076680,,86,1,
2166004,3045294,8630452941076680,,86,1,
2166004,3015096,8730150961076680,,87,1,
2166004,3015098,8730150981076680,,87,1,
2166004,3045289,8730452891076680,,87,1,
2166004,3045290,8730452901076680,,87,1,
2166004,3045291,8730452911076680,,87,1,
2166004,3045292,8730452921076680,,87,1,
2166004,13045293,8730452931076680,,87,1,
2166004,3045294,8730452941076680,,87,1,
2166004,3015096,8830150961076680,,88,1,
2166004,3015098,8830150981076680,,88,1,
2166004,3045289,8830452891076680,,88,1,
2166004,3045290,8830452901076680,,88,1,
2166004,3045291,8830452911076680,,88,1,
2166004,3045292,8830452921076680,,88,1,
2166004,13045293,8830452931076680,,88,1,
2166004,3045294,8830452941076680,,88,1,
2166004,3015096,8930150961076680,,89,1,
2166004,3015098,8930150981076680,,89,1,
2166004,3045289,8930452891076680,,89,1,
2166004,3045290,8930452901076680,,89,1,
2166004,3045291,8930452911076680,,89,1,
2166004,3045292,8930452921076680,,89,1,
2166004,3045294,8930452941076680,,89,1,
2166004,3015096,9030150961076680,,90,1,
2166004,3015098,9030150981076680,,90,1,
2166004,3045289,9030452891076680,,90,1,
2166004,3045290,9030452901076680,,90,1,
2166004,3045291,9030452911076680,,90,1,
2166004,3045292,9030452921076680,,90,1,
2166004,3045294,9030452941076680,,90,1,
2166004,3015096,9130150961076680,,91,1,
2166004,3015098,9130150981076680,,91,1,
2166004,3045289,9130452891076680,,91,1,
2166004,3045290,9130452901076680,,91,1,
2166004,3045291,9130452911076680,,91,1,
2166004,3045292,9130452921076680,,91,1,
2166004,3045294,9130452941076680,,91,1,
2166004,3015096,9230150961076680,,92,1,
2166004,3015098,9230150981076680,,92,1,
2166004,3045289,9230452891076680,,92,1,
2166004,3045290,9230452901076680,,92,1,
2166004,3045291,9230452911076680,,92,1,
2166004,3045292,9230452921076680,,92,1,
2166004,3045294,9230452941076680,,92,1,
2166004,3015096,930150961076680,,9,1,
2166004,3015098,930150981076680,,9,1,
2166004,3045288,930452881076680,,9,1,
2166004,3045289,930452891076680,,9,1,
2166004,3045290,930452901076680,,9,1,
2166004,3045291,930452911076680,,9,1,
2166004,3045292,930452921076680,,9,1,
2166004,3045293,930452931076680,,9,1,
2166004,3045294,930452941076680,,9,1,
2166004,3015096,9330150961076680,,93,1,
2166004,3015098,9330150981076680,,93,1,
2166004,3045289,9330452891076680,,93,1,
2166004,3045290,9330452901076680,,93,1,
2166004,3045291,9330452911076680,,93,1,
2166004,3045292,9330452921076680,,93,1,
2166004,3045294,9330452941076680,,93,1,
2166004,3015096,9430150961076680,,94,1,
2166004,3015098,9430150981076680,,94,1,
2166004,3045289,9430452891076680,,94,1,
2166004,3045290,9430452901076680,,94,1,
2166004,3045291,9430452911076680,,94,1,
2166004,3045292,9430452921076680,,94,1,
2166004,3045294,9430452941076680,,94,1,
2166004,3015096,9530150961076680,,95,1,
2166004,3015098,9530150981076680,,95,1,
2166004,3045289,9530452891076680,,95,1,
2166004,3045290,9530452901076680,,95,1,
2166004,3045291,9530452911076680,,95,1,
2166004,3045292,9530452921076680,,95,1,
2166004,3045294,9530452941076680,,95,1,
2166004,3015096,9630150961076680,,96,1,
2166004,3015098,9630150981076680,,96,1,
2166004,3045289,9630452891076680,,96,1,
2166004,3045290,9630452901076680,,96,1,
2166004,3045291,9630452911076680,,96,1,
2166004,3045292,9630452921076680,,96,1,
2166004,3045294,9630452941076680,,96,1,
2166004,3015096,9730150961076680,,97,1,
2166004,3015098,9730150981076680,,97,1,
2166004,3045289,9730452891076680,,97,1,
2166004,3045290,9730452901076680,,97,1,
2166004,3045291,9730452911076680,,97,1,
2166004,3045292,9730452921076680,,97,1,
2166004,3045294,9730452941076680,,97,1,
2166004,3015096,9830150961076680,,98,1,
2166004,3015098,9830150981076680,,98,1,
2166004,3045289,9830452891076680,,98,1,
2166004,3045290,9830452901076680,,98,1,
2166004,3045291,9830452911076680,,98,1,
2166004,3045292,9830452921076680,,98,1,
2166004,3045294,9830452941076680,,98,1,
2166004,3015096,9930150961076680,,99,1,
2166004,3015098,9930150981076680,,99,1,
2166004,3045289,9930452891076680,,99,1,
2166004,3045290,9930452901076680,,99,1,
2166004,3045291,9930452911076680,,99,1,
2166004,13045292,9930452921076680,,99,1,
2166004,3045294,9930452941076680,,99,1,
2166004,3015098,1030150981357490,,10,1,
2166004,3045291,1030452911357490,,10,1,
2166004,3015096,130150961357490,,1,1,
2166004,3015098,130150981357490,,1,1,
2166004,3045288,130452881357490,,1,1,
2166004,3045289,130452891357490,,1,1,
2166004,3045290,130452901357490,,1,1,
2166004,3045291,130452911357490,,1,1,
2166004,3045292,130452921357490,,1,1,
2166004,3045293,130452931357490,,1,1,
2166004,3045294,130452941357490,,1,1,
2166004,3015096,230150961357490,,2,1,
2166004,3015098,230150981357490,,2,1,
2166004,3045288,230452881357490,,2,1,
2166004,3045289,230452891357490,,2,1,
2166004,3045290,230452901357490,,2,1,
2166004,3045291,230452911357490,,2,1,
2166004,3045292,230452921357490,,2,1,
2166004,3045293,230452931357490,,2,1,
2166004,3045294,230452941357490,,2,1,
2166004,3015096,330150961357490,,3,1,
2166004,3015098,330150981357490,,3,1,
2166004,3045288,330452881357490,,3,1,
2166004,3045289,330452891357490,,3,1,
2166004,3045290,330452901357490,,3,1,
2166004,3045291,330452911357490,,3,1,
2166004,3045292,330452921357490,,3,1,
2166004,3045293,330452931357490,,3,1,
2166004,3045294,330452941357490,,3,1,
2166004,3015096,430150961357490,,4,1,
2166004,3015098,430150981357490,,4,1,
2166004,3045288,430452881357490,,4,1,
2166004,3045289,430452891357490,,4,1,
2166004,3045290,430452901357490,,4,1,
2166004,3045291,430452911357490,,4,1,
2166004,3045292,430452921357490,,4,1,
2166004,3045293,430452931357490,,4,1,
2166004,3045294,430452941357490,,4,1,
2166004,3015096,530150961357490,,5,1,
2166004,3015098,530150981357490,,5,1,
2166004,3045288,530452881357490,,5,1,
2166004,3045289,530452891357490,,5,1,
2166004,3045290,530452901357490,,5,1,
2166004,3045291,530452911357490,,5,1,
2166004,3045292,530452921357490,,5,1,
2166004,3045293,530452931357490,,5,1,
2166004,3045294,530452941357490,,5,1,
2166004,3015096,630150961357490,,6,1,
2166004,3015098,630150981357490,,6,1,
2166004,3045288,630452881357490,,6,1,
2166004,3045289,630452891357490,,6,1,
2166004,3045290,630452901357490,,6,1,
2166004,3045291,630452911357490,,6,1,
2166004,3045292,630452921357490,,6,1,
2166004,3045293,630452931357490,,6,1,
2166004,3045294,630452941357490,,6,1,
2166004,3015096,730150961357490,,7,1,
2166004,3015098,730150981357490,,7,1,
2166004,3045288,730452881357490,,7,1,
2166004,3045289,730452891357490,,7,1,
2166004,3045290,730452901357490,,7,1,
2166004,3045291,730452911357490,,7,1,
2166004,3045292,730452921357490,,7,1,
2166004,3045293,730452931357490,,7,1,
2166004,3045294,730452941357490,,7,1,
2166004,3015098,830150981357490,,8,1,
2166004,3045288,830452881357490,,8,1,
2166004,3045289,830452891357490,,8,1,
2166004,3045290,830452901357490,,8,1,
2166004,3045291,830452911357490,,8,1,
2166004,3045293,830452931357490,,8,1,
2166004,3045294,830452941357490,,8,1,
2166004,3015098,930150981357490,,9,1,
2166004,3045291,930452911357490,,9,1,
