from_stop_id,to_stop_id,transfer_type,min_transfer_time
4024196,1913,2,255
6187507,1829,2,184
4723846,2481,2,257
4614420,2143,2,201
3682922,1838,2,252
4614503,2532,2,207
6217336,1830,2,270
7176243,1835,2,277
7714323,2368,2,237
6217406,2545,2,206
7946000,2084,2,261
3682834,1837,2,236
4024196,2238,2,284
2211,7931530,2,259
3616865,2010,2,211
3619405,1904,2,205
3682834,2304,2,236
3663697,2481,2,310
1878,4023515,2,207
1847,2102,2,600
7176247,2102,2,279
5675644,2211,2,207
1878,4023516,2,207
7312062,1859,2,201
4023814,2523,2,200
6187575,1670,2,264
7376203,1643,2,200
7921091,2102,2,211
7900220,2102,2,211
1829,6456028,2,184
4024019,1913,2,278
7714234,1829,2,184
3663622,2481,2,310
2238,1887,2,180
4024168,2238,2,270
4614503,1652,2,207
2307,6741294,2,216
4025059,1713,2,229
6187509,2368,2,237
7931502,1956,2,207
3343767,2102,2,600
3687692,1631,2,222
4037173,2302,2,210
3686062,2198,2,222
4723887,2024,2,299
4024842,2238,2,220
4614461,2532,2,207
3619405,2300,2,205
1840,3681630,2,228
1840,3681631,2,227
2306,6741419,2,209
2306,6741418,2,200
1913,4024844,2,221
1839,4208561,2,209
1839,4208560,2,200
5675598,2123,2,256
1913,4024843,2,261
3677679,1859,2,195
5231571,2499,2,230
3682940,2304,2,211
4037174,1835,2,196
7899766,2545,2,219
6401893,2499,2,305
8399872,2084,2,242
4024110,2238,2,221
2307,6741295,2,202
4723886,2024,2,215
1967,2220,2,480
4036206,1956,2,207
5231565,1837,2,228
7714325,1829,2,184
2068,1956,2,900
2480,4035021,2,264
5478423,1904,2,237
5231651,1689,2,208
7899749,2211,2,216
6187574,2480,2,264
4009365,2238,2,242
3677740,1839,2,207
7305036,2084,2,201
3708130,2305,2,286
1689,3690368,2,296
1689,3690364,2,324
1689,3690363,2,297
1689,3690366,2,214
5478423,2300,2,237
1689,3690365,2,193
1835,2338,2,196
2211,7898839,2,205
5150290,1652,2,205
2480,4035022,2,264
2211,7898842,2,190
2211,7898843,2,207
2211,7898840,2,205
3663610,1671,2,216
3677687,1839,2,200
7311997,1636,2,237
8007411,2102,2,211
7899765,2545,2,206
7376203,2523,2,200
4180943,2024,2,220
2053,1890,2,250
8007439,2053,2,96
3718086,2024,2,211
2370,8092753,2,202
3686596,1680,2,268
2370,8092754,2,223
2211,7931560,2,240
7931381,2053,2,192
4024345,1913,2,221
2370,8092755,2,290
2370,8092756,2,275
6217337,1830,2,258
4022899,2545,2,219
2313,2102,2,600
2511,5922163,2,255
5675682,2490,2,229
2511,5922162,2,193
7312034,2326,2,189
3682862,1838,2,296
2370,4024934,2,265
2370,4024933,2,221
3708130,1838,2,286
2198,3690381,2,232
4024019,2238,2,316
2024,5150150,2,216
1636,4208596,2,198
1636,4208597,2,198
2129,4208517,2,193
6195714,2238,2,202
4614202,2305,2,286
4024087,2370,2,183
2211,2210,2,219
2143,5150150,2,216
3663618,1848,2,200
2516,3682707,2,198
2129,4208518,2,193
7899766,2084,2,219
2516,3682706,2,198
1956,1955,2,247
4023742,1643,2,200
4025044,2458,2,245
8399873,2084,2,226
4023743,2523,2,196
4614501,1840,2,205
3672262,2302,2,277
7899661,2211,2,216
4037262,1956,2,263
5150173,1831,2,227
1166834,2222,2,480
4025059,2458,2,229
5231557,1652,2,257
4614367,1652,2,207
7069319,1831,2,265
4022920,2238,2,210
7311996,1636,2,207
5231528,2516,2,198
3663659,1848,2,216
4614643,2532,2,258
1956,3926299,2,256
1956,3926298,2,259
7275727,1671,2,234
2084,7691432,2,230
5231656,2304,2,211
7069335,1831,2,183
2084,7691431,2,230
4037235,2084,2,222
4036207,2211,2,256
4614500,2307,2,205
2084,5018182,2,251
2437,1956,2,600
4028771,1943,2,222
2368,6456028,2,184
2084,5018183,2,274
7946029,1904,2,191
4614233,2129,2,205
2532,4614324,2,220
3682998,2304,2,211
5231612,2211,2,207
4614203,1838,2,272
5761374,2458,2,322
3686084,2129,2,209
4024169,1913,2,202
7176400,2302,2,277
3682882,2304,2,228
2211,3926299,2,256
1166830,1956,2,180
5761373,2458,2,224
4036205,2211,2,259
4798810,2304,2,257
3663693,2315,2,200
2211,3926298,2,259
4614485,1652,2,226
2302,7931844,2,202
1689,3685706,2,230
2302,7931843,2,247
3682988,2305,2,296
3877804,2458,2,201
2300,7898874,2,191
1689,3685707,2,208
6187575,2480,2,264
2300,7898873,2,205
6401770,2143,2,226
4024020,1913,2,221
3663685,1671,2,216
1831,4035031,2,317
1839,3681643,2,207
3682809,1837,2,215
7069332,1829,2,184
5251795,2458,2,322
4745079,1840,2,207
4023742,2523,2,200
4037262,2211,2,263
7991804,2102,2,217
4109755,1837,2,234
2143,8219760,2,207
1166831,2211,2,180
1652,4614261,2,220
1652,4614262,2,207
7305038,2084,2,201
3682808,1837,2,211
8007366,2102,2,32
1951,1956,2,600
7312059,2516,2,196
3682921,2305,2,296
7153046,2211,2,220
7275296,2084,2,219
1840,3681660,2,228
1840,3681661,2,227
4022945,2084,2,222
3619838,2300,2,205
3686733,1671,2,297
7714236,1829,2,322
3672170,1835,2,277
6217405,2084,2,219
1966,1967,2,400
6187574,1670,2,264
4028772,2198,2,217
4024168,1913,2,247
5478263,1671,2,297
2300,3619390,2,280
2300,3619391,2,205
4028878,2010,2,205
4025260,2370,2,258
3718081,2024,2,211
4024287,1713,2,234
7899436,2302,2,201
2302,7931826,2,201
2302,7931825,2,219
2143,8219759,2,216
7946001,2084,2,253
3687049,1848,2,211
2306,3681643,2,207
3718117,2024,2,214
1952,1956,2,800
2490,3619313,2,247
7931329,2053,2,211
2490,3619312,2,270
2068,2211,2,900
1835,3926289,2,196
2224141,2053,2,218
4614419,2143,2,207
8321691,2211,2,220
7153046,1956,2,220
1835,3926288,2,210
2368,6456075,2,201
1835,3926287,2,280
6401790,2499,2,305
5231565,2304,2,228
3686590,2490,2,268
1831,8092753,2,202
2084,2147,2,211
1855,1967,2,150
2084,2148,2,94
4024020,2238,2,221
7069330,2368,2,237
3616887,2010,2,211
1831,8092754,2,223
1831,8092755,2,290
1831,8092756,2,275
3686596,2490,2,268
4614394,2481,2,201
3620270,2490,2,242
3619432,2300,2,197
3922317,2010,2,209
2306,3682674,2,200
3677686,1839,2,209
7312059,1636,2,196
2369,6456030,2,251
3672170,2302,2,277
1652,4614324,2,220
4024109,2238,2,316
5150290,2532,2,205
2211,7964942,2,207
2306,3682675,2,209
2211,7964943,2,240
2545,5018183,2,274
2207,2211,2,800
2545,5018182,2,251
3718031,2024,2,220
7176243,2302,2,277
7376257,2238,2,205
4614502,2532,2,212
7899750,1956,2,191
3616866,2129,2,209
1943,3690460,2,232
5478456,2244,2,316
5018188,2053,2,279
2053,4036753,2,192
2053,4036752,2,211
1835,1832,2,230
7714233,2368,2,210
4009366,2238,2,239
1835,1833,2,219
7153158,2211,2,216
7899436,1835,2,201
3718032,2143,2,220
4024169,2238,2,202
2102,4036752,2,211
3682832,2304,2,202
2129,3682633,2,193
2102,4036753,2,192
2129,3682634,2,193
6195714,1913,2,202
5478422,1904,2,191
4016797,2238,2,220
2211,7965037,2,240
2211,7965036,2,259
4109757,1837,2,257
1913,2283,2,180
4614420,2024,2,201
2211,7965039,2,207
2211,7965038,2,190
3687007,1848,2,200
4723876,1919,2,227
5231664,1652,2,226
7376258,2238,2,205
3672237,2302,2,277
6664353,1835,2,201
3672237,1835,2,277
4028914,2010,2,205
1956,8219805,2,207
6401790,1689,2,305
1956,8219803,2,259
1956,8219804,2,258
1631,7920878,2,215
6578385,2370,2,258
1631,7920877,2,215
4022916,1913,2,220
1956,8219801,2,216
1956,8219802,2,256
4037235,2545,2,222
3682832,1837,2,202
3686590,1680,2,268
1166834,1967,2,480
7275275,2238,2,205
4025237,2370,2,265
7899435,1835,2,201
3620271,2490,2,226
8321658,1956,2,191
1943,3690487,2,232
2143,3619742,2,220
2211,7965055,2,207
5018189,2053,2,96
2532,4614261,2,220
2211,7964979,2,190
1835,1651,2,178
2532,4614262,2,207
2211,7964978,2,259
2238,4024843,2,273
7931479,2211,2,207
2238,4024844,2,221
6187503,1830,2,258
7900221,2102,2,192
2211,7964980,2,207
2369,6456073,2,251
4614462,1652,2,203
7176248,2102,2,96
1943,3690435,2,232
1759,2211,2,600
7312035,1859,2,189
4009366,1913,2,239
4022899,2084,2,219
2339,1835,2,180
2222,1965,2,480
1913,6456027,2,269
7945938,2545,2,234
7931329,2102,2,211
3677686,2306,2,209
7275295,2545,2,201
2053,4459242,2,211
3682881,1837,2,211
7312060,2326,2,205
7275762,2499,2,208
4023814,1643,2,200
1689,3685896,2,258
4109757,2304,2,257
3663659,2315,2,216
3663697,1671,2,310
1166830,2211,2,180
3688519,1689,2,258
2030,2084,2,223
1689,3685897,2,223
2499,3685706,2,230
2499,3685707,2,208
4028877,2010,2,205
4022917,1913,2,221
1956,7964943,2,240
6401847,1689,2,296
1956,7964942,2,207
4614367,2532,2,207
7714233,1829,2,210
1835,7931825,2,219
1835,7931826,2,201
2480,4473156,2,264
6578293,2326,2,201
2480,4473157,2,264
7946309,2102,2,211
4199370,1689,2,199
1670,4035021,2,264
2222,2036,2,400
1670,4035022,2,264
6401808,2143,2,226
2024,8219759,2,216
3686591,2490,2,268
2499,3690366,2,214
4024344,2238,2,288
5251796,2458,2,224
2499,3690365,2,193
2499,3690364,2,324
2499,3690363,2,297
4614462,2532,2,203
7312034,1859,2,189
7376299,1913,2,220
2314,2102,2,600
1967,2036,2,400
2499,3690368,2,296
6401889,2024,2,220
1956,7964978,2,259
1956,7964979,2,190
3677651,1636,2,265
3663610,2481,2,216
6217342,1829,2,273
3718080,2024,2,220
2024,8219760,2,207
7376299,2238,2,220
6401890,2143,2,226
6217341,1829,2,184
2545,2147,2,254
7898923,1835,2,256
2545,2148,2,117
2211,8219805,2,207
5675598,2074,2,256
4016736,1913,2,290
2211,8219804,2,258
2211,8219803,2,259
2211,8219802,2,256
3619433,2300,2,205
1166833,1956,2,180
6401849,1689,2,230
4024820,1913,2,311
2224140,2102,2,218
2370,4024337,2,183
6578385,1831,2,258
2370,4024336,2,230
1913,6456076,2,221
8321657,1956,2,216
1904,3619670,2,205
2211,8219801,2,216
6217336,2369,2,270
4016737,2238,2,221
4025237,1831,2,265
1840,6741393,2,193
2084,4035037,2,206
1840,6741394,2,211
1840,6741395,2,227
6217341,2368,2,184
1835,7920883,2,247
5478433,2481,2,257
2084,4035036,2,219
1840,6741392,2,198
1968,1967,2,120
3682998,1837,2,211
4024791,2238,2,319
6401847,2499,2,296
1956,7964980,2,207
5231611,1956,2,259
4614551,1652,2,196
4025044,1713,2,245
4723885,2143,2,215
3683012,1837,2,236
4024244,2458,2,233
2339,2302,2,180
4023963,1913,2,221
4036224,2300,2,191
7899765,2084,2,206
6578292,1859,2,189
4044996,1956,2,259
7921068,2102,2,260
3683012,2304,2,236
7899749,1956,2,216
8321657,2211,2,216
7714323,1829,2,237
4723845,2481,2,297
4614551,2532,2,196
7312060,1859,2,205
3686751,2244,2,248
1835,2371,2,222
5675643,1956,2,259
3682810,2304,2,236
4614554,1652,2,258
5231611,2211,2,259
2370,4024979,2,202
1835,7931844,2,202
1835,7931843,2,247
2511,7920878,2,215
2511,7920877,2,215
2370,4024324,2,258
4471843,2211,2,190
7275296,2545,2,219
7946002,2084,2,234
4798810,1837,2,257
1831,4473166,2,317
3639715,1840,2,228
4109755,2304,2,234
2322,1967,2,150
1835,7920857,2,196
4022918,2238,2,346
1835,7920858,2,210
1835,7920859,2,201
2370,4035031,2,317
3687008,2315,2,289
4028810,2129,2,205
4723875,2244,2,236
4037215,2545,2,205
3663656,1671,2,234
7275768,1671,2,310
7899174,1835,2,248
4024792,2238,2,221
2313,2053,2,600
4199370,2499,2,199
5150763,2211,2,207
7275727,2481,2,234
5231651,2499,2,208
5138224,2102,2,260
4037174,2302,2,196
1840,6741358,2,198
3687692,2511,2,222
2545,4035037,2,206
6217406,2084,2,206
2545,4035036,2,219
1840,6741359,2,189
7312063,2326,2,189
1956,4459260,2,256
5675644,1956,2,207
3343767,2053,2,600
4024086,1831,2,230
3682921,1838,2,296
2238,2283,2,180
6217340,2368,2,201
7714234,2368,2,184
6217337,2369,2,258
4109756,2304,2,233
3877805,1713,2,216
2030,2545,2,277
3682863,2305,2,252
2024,3619742,2,220
3708146,2129,2,209
1956,7965055,2,207
4036224,1904,2,191
7305036,2545,2,201
3682810,1837,2,236
5675682,1680,2,229
7899434,1835,2,189
7376257,1913,2,205
2222,2220,2,480
5150763,1956,2,207
1956,7931530,2,259
7898924,2302,2,260
1846,2053,2,600
6187508,1829,2,273
7069331,1829,2,184
3663622,1671,2,310
5231613,2211,2,256
7376202,1643,2,196
5231664,2532,2,226
3343768,2053,2,600
6187503,2369,2,258
7900220,2053,2,211
1835,2531,2,149
7312035,2326,2,189
2499,3685761,2,208
2499,3685760,2,230
7899173,1835,2,272
7898924,1835,2,260
3672105,1835,2,277
3663618,2315,2,200
4798809,1837,2,234
4028771,2198,2,222
4037184,2211,2,256
4028811,2010,2,205
1956,7965039,2,207
4614485,2532,2,226
1956,7965036,2,259
1956,7965037,2,240
1956,7965038,2,190
3686751,1919,2,248
1759,1956,2,600
3663685,2481,2,216
2307,6741393,2,193
2307,6741392,2,198
3677678,2326,2,201
1713,4035030,2,233
5231613,1956,2,256
2302,7920857,2,196
7946308,2053,2,192
1713,4035029,2,198
7275295,2084,2,201
5675643,2211,2,259
2302,7920859,2,201
5478458,1919,2,218
2302,7920858,2,210
4723887,2143,2,299
7911751,2545,2,274
2084,8379459,2,242
7153048,2211,2,207
3620270,1680,2,242
7312062,2326,2,201
7899750,2211,2,191
4024243,2458,2,234
7312058,1636,2,304
4614461,1652,2,207
7275762,1689,2,208
7275328,1913,2,220
2300,3619629,2,227
2302,7931762,2,247
2302,7931763,2,202
3686597,2490,2,268
1839,3682674,2,200
3682922,2305,2,252
1839,3682675,2,209
7714324,2368,2,184
4614643,1652,2,258
3682882,1837,2,228
7312058,2516,2,304
7745643,2516,2,237
4614234,2129,2,205
4723886,2143,2,215
3683011,2304,2,215
4036206,2211,2,207
4614254,1652,2,207
2307,3681661,2,227
2307,3681660,2,228
2307,6741394,2,211
2307,6741395,2,227
2302,3926289,2,196
2302,3926287,2,280
3616865,2129,2,211
2302,3926288,2,210
2369,6456126,2,270
2198,3685881,2,232
2369,6456127,2,258
2198,3685880,2,222
1831,4024324,2,258
4037173,1835,2,210
7745644,1636,2,207
1689,3690444,2,324
2307,3681631,2,227
1689,3690442,2,296
2211,7920979,2,259
1689,3690443,2,214
2211,7920978,2,263
4009365,1913,2,242
7921068,2053,2,260
7900243,2211,2,256
2307,3681630,2,228
6217343,1829,2,237
7898923,2302,2,256
4614484,1652,2,239
2084,8379460,2,226
3672105,2302,2,277
2084,8379462,2,273
2084,8379461,2,241
4614254,2532,2,207
6187506,2368,2,201
3688518,1689,2,261
1904,3619629,2,227
4022918,1913,2,311
1830,6456126,2,270
4037171,1835,2,247
1830,6456127,2,258
3682988,1838,2,296
6578292,2326,2,189
6187502,2369,2,270
2211,3926339,2,216
7714236,2238,2,322
2369,4024925,2,251
2369,4024926,2,251
7312063,1859,2,189
7275294,2545,2,222
1904,7898874,2,191
4037183,1956,2,263
1904,7898873,2,205
3687008,1848,2,289
2300,3619670,2,205
8399872,2545,2,242
3619433,1904,2,205
8007366,2053,2,32
4024197,1913,2,202
7899174,2302,2,248
2307,6741359,2,189
2307,6741358,2,198
7991804,2053,2,217
4037215,2084,2,205
1713,4473165,2,233
4022920,1913,2,210
5775568,2238,2,251
1713,4473164,2,198
5251795,1713,2,322
3663584,2315,2,216
2221,2222,2,400
3677679,2326,2,195
6664353,2302,2,201
2545,4008222,2,206
2545,4008223,2,219
2545,4008224,2,241
4024259,2238,2,284
2545,4008225,2,273
4022917,2238,2,221
4044996,2211,2,259
7921091,2053,2,211
2302,2531,2,171
4037216,2084,2,219
8321659,1956,2,220
7176291,2053,2,211
4723875,1919,2,236
2370,5150172,2,227
5478422,2300,2,191
7275294,2084,2,222
7899455,2302,2,247
2010,4208517,2,193
2010,4208518,2,193
1689,3690472,2,324
1689,3690471,2,214
3718086,2143,2,211
1689,3690470,2,296
4180943,2143,2,220
7311997,2516,2,237
6187507,2368,2,184
1913,1887,2,180
4614552,2532,2,269
5675642,2211,2,256
4022898,2545,2,205
4614501,2307,2,205
3718117,2143,2,214
3620271,1680,2,226
5775569,2238,2,202
7275219,2523,2,196
7153158,1956,2,216
4022945,2545,2,222
2499,3690444,2,324
4023962,2238,2,316
4471844,1956,2,220
1166832,1956,2,180
3686062,1943,2,222
7946029,2300,2,191
8399873,2545,2,226
2223,1967,2,120
7931381,2102,2,192
5478458,2244,2,218
7931501,2211,2,216
1831,5150172,2,227
3686084,2010,2,209
7069330,1829,2,237
2499,3690442,2,296
2499,3690443,2,214
7275219,1643,2,196
1846,2102,2,600
4016797,1913,2,220
6217405,2545,2,219
3686591,1680,2,268
1713,4024952,2,189
1713,4024953,2,215
4037216,2545,2,219
7275220,2523,2,200
1952,2211,2,800
3677652,1636,2,265
4471844,2211,2,220
1713,4024951,2,256
4023815,1643,2,196
7275297,2545,2,205
2302,2371,2,253
4024344,1913,2,270
7946002,2545,2,234
5675685,2123,2,256
4199369,1689,2,190
1956,2210,2,225
4614552,1652,2,269
1670,4473156,2,264
1670,4473157,2,264
2211,4459260,2,256
2206,2211,2,600
4024813,2238,2,220
4024243,1713,2,234
1834,1835,2,200
5138224,2053,2,260
4614555,2532,2,207
2322,2222,2,150
4025260,1831,2,258
3682808,2304,2,211
3639715,2307,2,228
4471843,1956,2,190
3686733,2481,2,297
4614233,2010,2,205
7176399,1835,2,277
2221,1967,2,400
3677687,2306,2,200
3616887,2129,2,211
2306,4208560,2,200
2306,4208561,2,209
4036207,1956,2,256
3683010,1837,2,218
4614554,2532,2,258
7275220,1643,2,200
1713,4024970,2,215
5018223,2053,2,211
1831,4024979,2,202
8007411,2053,2,211
3922317,2129,2,209
3682833,1837,2,215
1847,2053,2,600
3663581,1671,2,234
1966,2222,2,400
3718031,2143,2,220
3877804,1713,2,201
3688518,2499,2,261
6401770,2024,2,226
4614419,2024,2,207
2084,2028,2,196
2084,2029,2,145
6401849,2499,2,230
3639714,2307,2,211
5018189,2102,2,96
2302,7920883,2,247
1968,2222,2,120
4024813,1913,2,220
7946001,2545,2,253
1831,4024336,2,230
1831,4024337,2,183
1166835,1967,2,480
1834,2302,2,180
3639714,1840,2,211
4723876,2244,2,227
7153047,1956,2,220
4028810,2010,2,205
8321659,2211,2,220
8007439,2102,2,96
7176400,1835,2,277
7745643,1636,2,237
2499,3690419,2,193
2499,3690417,2,297
1680,3619312,2,270
1956,7931560,2,240
2499,3690418,2,324
7312074,1859,2,205
1680,3619313,2,247
2458,4035029,2,198
7899661,1956,2,216
3619404,2300,2,197
5138167,2053,2,217
1689,3685816,2,208
4037183,2211,2,263
2053,4036658,2,192
1689,3685815,2,230
3687007,2315,2,200
7376202,2523,2,196
4723845,1671,2,297
7069332,2368,2,184
2102,4459242,2,211
1713,4024592,2,246
1713,4024593,2,228
2302,2338,2,226
1713,4024599,2,228
7945938,2084,2,234
4614644,1652,2,207
7931501,1956,2,216
2499,3690422,2,296
2102,1890,2,250
4024792,1913,2,221
1631,5922163,2,255
7275761,1689,2,230
2499,3690420,2,214
1631,5922162,2,193
7899435,2302,2,201
3682862,2305,2,296
6187502,1830,2,270
6195713,2238,2,303
1166832,2211,2,180
7153047,2211,2,220
4023743,1643,2,196
2516,4208596,2,198
2516,4208597,2,198
3718081,2143,2,211
1855,2222,2,150
3682863,1838,2,252
5675685,2074,2,256
5231571,1689,2,230
4028914,2129,2,205
1636,3682706,2,198
6217342,2368,2,273
1636,3682707,2,198
3619837,2300,2,248
2458,4024951,2,256
2458,4024952,2,189
4028878,2129,2,205
2499,3685815,2,230
2499,3685816,2,208
7745644,2516,2,207
2458,4024953,2,215
4109756,1837,2,233
2458,4035030,2,233
6401808,2024,2,226
2149,2545,2,256
3682941,2304,2,228
7275274,1913,2,205
6401890,2024,2,226
6578365,2370,2,265
4614396,1671,2,234
4037184,1956,2,256
3683011,1837,2,215
5478263,2481,2,297
6217340,1829,2,201
3619432,1904,2,197
1831,4024933,2,221
1831,4024934,2,265
2102,4036658,2,192
3683010,2304,2,218
4614202,1838,2,286
1830,6456030,2,251
8321691,1956,2,220
7714324,1829,2,184
7069331,2368,2,184
3687049,2315,2,211
4016737,1913,2,221
2458,4024970,2,215
1967,1965,2,480
4024287,2458,2,234
5231612,1956,2,207
4024089,1831,2,290
4614502,1652,2,212
5775568,1913,2,211
3677678,1859,2,201
1166835,2222,2,480
4025045,1713,2,229
4614553,2307,2,213
3343768,2102,2,600
2302,1832,2,248
2302,1833,2,236
3663584,1848,2,216
2302,1651,2,209
4614203,2305,2,272
3718032,2024,2,220
7176242,1835,2,277
3672262,1835,2,277
2222,2155,2,400
7275768,2481,2,310
2117,1956,2,900
1166833,2211,2,180
3682881,2304,2,211
6187509,1829,2,237
3686597,1680,2,268
4024820,2238,2,346
5018188,2102,2,279
7946047,2300,2,191
4037171,2302,2,247
3616866,2010,2,209
7176399,2302,2,277
5150173,2370,2,227
4022919,2238,2,211
7376258,1913,2,205
2211,4036640,2,263
2437,2211,2,600
6401889,2143,2,220
3677651,2516,2,265
5251796,1713,2,224
2224140,2053,2,218
5675641,1956,2,216
1967,2155,2,400
2499,3690470,2,296
2499,3690472,2,324
7931479,1956,2,207
2499,3690471,2,214
5478433,1671,2,257
7069319,2370,2,265
3718080,2143,2,220
6578365,1831,2,265
5478457,1919,2,248
4024244,1713,2,233
5761373,1713,2,224
3682809,2304,2,215
3663581,2481,2,234
6195713,1913,2,279
7311996,2516,2,207
5231570,2499,2,296
5478456,1919,2,316
2545,2028,2,234
2084,4008225,2,273
2545,2029,2,168
2084,4008224,2,241
4023963,2238,2,221
2084,4008223,2,219
2084,4008222,2,206
2102,2286,2,250
1671,3730101,2,243
1671,3730102,2,188
6217343,2368,2,237
4109828,1837,2,234
4614394,1671,2,201
1956,3926339,2,216
1904,3619390,2,280
2223,2222,2,120
1689,3685760,2,230
5138167,2102,2,217
1689,3685761,2,208
1830,6456073,2,251
5018223,2102,2,211
1904,3619391,2,205
1839,6741418,2,200
4024109,1913,2,278
1839,6741419,2,209
5478281,1919,2,248
7946047,1904,2,191
4614395,2481,2,201
5675641,2211,2,216
1166831,1956,2,180
7275274,2238,2,205
5761374,1713,2,322
7305038,2545,2,201
7275761,2499,2,230
6187508,2368,2,273
7900243,1956,2,256
4614484,2532,2,239
4028877,2129,2,205
7899455,1835,2,247
5231528,1636,2,198
4022916,2238,2,220
7946000,2545,2,261
2207,1956,2,800
3663656,2481,2,234
4022898,2084,2,205
2206,1956,2,600
2370,4473166,2,317
4024791,1913,2,289
6578293,1859,2,201
2545,8379461,2,241
4614253,2532,2,207
2545,8379462,2,273
4723846,1671,2,257
2545,8379460,2,226
7900221,2053,2,192
4024197,2238,2,202
5231693,2516,2,198
2102,3893340,2,192
2198,3690460,2,232
2458,4024599,2,228
3877805,2458,2,216
2499,3685897,2,223
2458,4024592,2,246
5478457,2244,2,248
4023962,1913,2,278
2458,4024593,2,228
2499,3685896,2,258
6401893,1689,2,305
4024086,2370,2,230
1840,6741294,2,216
1840,6741295,2,202
2224141,2102,2,218
4614500,1840,2,205
7946309,2053,2,211
4024110,1913,2,221
4614234,2010,2,205
7176248,2053,2,96
4745079,2307,2,207
7176291,2102,2,211
5775569,1913,2,202
3619404,1904,2,197
2314,2053,2,600
7176242,2302,2,277
4199369,2499,2,190
1943,3685880,2,222
1943,3685881,2,232
2545,7691431,2,230
1830,4024926,2,251
1830,4024925,2,251
5675642,1956,2,256
7931502,2211,2,207
2198,3690487,2,232
4025045,2458,2,229
2053,3893339,2,211
4024345,2238,2,221
4024259,1913,2,255
4023815,2523,2,196
2545,7691432,2,230
5231693,1636,2,198
1943,3690381,2,232
4024377,1831,2,258
2102,3893339,2,211
4614635,2532,2,258
4024821,1913,2,221
2545,8379459,2,242
5231557,2532,2,257
4024089,2370,2,290
4614395,1671,2,201
2481,3730101,2,243
2481,3730102,2,188
7899434,2302,2,189
2238,6456076,2,221
4036205,1956,2,259
3708146,2010,2,209
4024087,1831,2,183
5675601,2490,2,209
2117,2211,2,900
2274,4023515,2,207
5478432,1671,2,297
1956,7898843,2,207
4614253,1652,2,207
1956,7898842,2,190
4614396,2481,2,234
3682833,2304,2,215
2274,4023516,2,207
1956,7898840,2,205
7714325,2368,2,184
3677740,2306,2,207
1689,3690419,2,193
3619837,1904,2,248
1689,3690417,2,297
1689,3690418,2,324
3682941,1837,2,228
1956,7898839,2,205
4614555,1652,2,207
2211,1955,2,231
2053,2286,2,250
2010,3682633,2,193
2053,3893340,2,192
2010,3682634,2,193
5675601,1680,2,209
7153048,1956,2,207
1956,7920978,2,263
7275328,2238,2,220
4028811,2129,2,205
1689,3690422,2,296
1956,7920979,2,259
5478432,2481,2,297
1689,3690420,2,214
1835,7931762,2,247
1835,7931763,2,202
5478281,2244,2,248
4614644,2532,2,207
7069335,2370,2,183
5231570,1689,2,296
5231656,1837,2,211
7275275,1913,2,205
1956,4036640,2,263
4109828,2304,2,234
4024821,2238,2,221
6187506,1829,2,201
4798809,2304,2,234
4024842,1913,2,220
3677652,2516,2,265
7312074,2326,2,205
4022919,1913,2,211
1829,6456075,2,201
8321658,2211,2,191
7911751,2084,2,274
4024377,2370,2,258
7899173,2302,2,272
3688519,2499,2,258
2238,6456027,2,306
4028772,1943,2,217
3663693,1848,2,200
3619838,1904,2,205
2149,2084,2,218
2198,3690435,2,232
4614635,1652,2,258
7176247,2053,2,279
4723885,2024,2,215
7946308,2102,2,192
4614553,1840,2,213
3682940,1837,2,211
2458,4473165,2,233
2458,4473164,2,198
1951,2211,2,600
7275297,2084,2,205
