route_id,service_id,trip_id,trip_headsign,trip_short_name,direction_id,shape_id
2178922,3045499,10030454992005431,,100,0,
2178922,3045500,10030455002005431,,100,0,
2178922,3045499,10130454992005431,,101,0,
2178922,3045500,10130455002005431,,101,0,
2178922,3045499,10230454992005431,,102,0,
2178922,13045500,10230455002005431,,102,0,
2178922,3045497,1030454972005431,,10,0,
2178922,3045498,1030454982005431,,10,0,
2178922,3045499,1030454992005431,,10,0,
2178922,3045500,1030455002005431,,10,0,
2178922,3045501,1030455012005431,,10,0,
2178922,3045502,1030455022005431,,10,0,
2178922,3045499,10330454992005431,,103,0,
2178922,13045500,10330455002005431,,103,0,
2178922,3045499,10430454992005431,,104,0,
2178922,3045499,10530454992005431,,105,0,
2178922,3045499,10630454992005431,,106,0,
2178922,3045499,10730454992005431,,107,0,
2178922,3045499,10830454992005431,,108,0,
2178922,3045499,10930454992005431,,109,0,
2178922,3045499,11030454992005431,,110,0,
2178922,3045499,11130454992005431,,111,0,
2178922,3045499,11230454992005431,,112,0,
2178922,3045497,1130454972005431,,11,0,
2178922,3045498,1130454982005431,,11,0,
2178922,3045499,1130454992005431,,11,0,
2178922,3045500,1130455002005431,,11,0,
2178922,3045501,1130455012005431,,11,0,
2178922,3045502,1130455022005431,,11,0,
2178922,3045499,11330454992005431,,113,0,
2178922,13045499,11430454992005431,,114,0,
2178922,13045499,11530454992005431,,115,0,
2178922,3045497,1230454972005431,,12,0,
2178922,3045498,1230454982005431,,12,0,
2178922,3045499,1230454992005431,,12,0,
2178922,3045500,1230455002005431,,12,0,
2178922,3045501,1230455012005431,,12,0,
2178922,3045502,1230455022005431,,12,0,
2178922,3045497,130454972005431,,1,0,
2178922,3045498,130454982005431,,1,0,
2178922,3045499,130454992005431,,1,0,
2178922,3045500,130455002005431,,1,0,
2178922,3045501,130455012005431,,1,0,
2178922,3045502,130455022005431,,1,0,
2178922,3045497,1330454972005431,,13,0,
2178922,3045498,1330454982005431,,13,0,
2178922,3045499,1330454992005431,,13,0,
2178922,3045500,1330455002005431,,13,0,
2178922,3045501,1330455012005431,,13,0,
2178922,3045502,1330455022005431,,13,0,
2178922,3045497,1430454972005431,,14,0,
2178922,3045498,1430454982005431,,14,0,
2178922,3045499,1430454992005431,,14,0,
2178922,3045500,1430455002005431,,14,0,
2178922,3045501,1430455012005431,,14,0,
2178922,3045502,1430455022005431,,14,0,
2178922,3045497,1530454972005431,,15,0,
2178922,3045498,1530454982005431,,15,0,
2178922,3045499,1530454992005431,,15,0,
2178922,3045500,1530455002005431,,15,0,
2178922,3045501,1530455012005431,,15,0,
2178922,3045502,1530455022005431,,15,0,
2178922,3045497,1630454972005431,,16,0,
2178922,3045498,1630454982005431,,16,0,
2178922,3045499,1630454992005431,,16,0,
2178922,3045500,1630455002005431,,16,0,
2178922,3045501,1630455012005431,,16,0,
2178922,3045502,1630455022005431,,16,0,
2178922,3045497,1730454972005431,,17,0,
2178922,3045498,1730454982005431,,17,0,
2178922,3045499,1730454992005431,,17,0,
2178922,3045500,1730455002005431,,17,0,
2178922,3045501,1730455012005431,,17,0,
2178922,3045502,1730455022005431,,17,0,
2178922,3045497,1830454972005431,,18,0,
2178922,3045498,1830454982005431,,18,0,
2178922,3045499,1830454992005431,,18,0,
2178922,3045500,1830455002005431,,18,0,
2178922,3045501,1830455012005431,,18,0,
2178922,3045502,1830455022005431,,18,0,
2178922,3045497,1930454972005431,,19,0,
2178922,3045498,1930454982005431,,19,0,
2178922,3045499,1930454992005431,,19,0,
2178922,3045500,1930455002005431,,19,0,
2178922,3045501,1930455012005431,,19,0,
2178922,3045502,1930455022005431,,19,0,
2178922,3045497,2030454972005431,,20,0,
2178922,3045498,2030454982005431,,20,0,
2178922,3045499,2030454992005431,,20,0,
2178922,3045500,2030455002005431,,20,0,
2178922,3045501,2030455012005431,,20,0,
2178922,3045502,2030455022005431,,20,0,
2178922,3045497,2130454972005431,,21,0,
2178922,3045498,2130454982005431,,21,0,
2178922,3045499,2130454992005431,,21,0,
2178922,3045500,2130455002005431,,21,0,
2178922,3045501,2130455012005431,,21,0,
2178922,3045502,2130455022005431,,21,0,
2178922,3045497,2230454972005431,,22,0,
2178922,3045498,2230454982005431,,22,0,
2178922,3045499,2230454992005431,,22,0,
2178922,3045500,2230455002005431,,22,0,
2178922,3045501,2230455012005431,,22,0,
2178922,3045502,2230455022005431,,22,0,
2178922,3045497,230454972005431,,2,0,
2178922,3045498,230454982005431,,2,0,
2178922,3045499,230454992005431,,2,0,
2178922,3045500,230455002005431,,2,0,
2178922,3045501,230455012005431,,2,0,
2178922,3045502,230455022005431,,2,0,
2178922,3045497,2330454972005431,,23,0,
2178922,3045498,2330454982005431,,23,0,
2178922,3045499,2330454992005431,,23,0,
2178922,3045500,2330455002005431,,23,0,
2178922,3045501,2330455012005431,,23,0,
2178922,3045502,2330455022005431,,23,0,
2178922,3045497,2430454972005431,,24,0,
2178922,3045498,2430454982005431,,24,0,
2178922,3045499,2430454992005431,,24,0,
2178922,3045500,2430455002005431,,24,0,
2178922,3045501,2430455012005431,,24,0,
2178922,3045502,2430455022005431,,24,0,
2178922,3045497,2530454972005431,,25,0,
2178922,3045498,2530454982005431,,25,0,
2178922,3045499,2530454992005431,,25,0,
2178922,3045500,2530455002005431,,25,0,
2178922,3045501,2530455012005431,,25,0,
2178922,3045502,2530455022005431,,25,0,
2178922,3045497,2630454972005431,,26,0,
2178922,3045498,2630454982005431,,26,0,
2178922,3045499,2630454992005431,,26,0,
2178922,3045500,2630455002005431,,26,0,
2178922,3045501,2630455012005431,,26,0,
2178922,3045502,2630455022005431,,26,0,
2178922,3045497,2730454972005431,,27,0,
2178922,3045498,2730454982005431,,27,0,
2178922,3045499,2730454992005431,,27,0,
2178922,3045500,2730455002005431,,27,0,
2178922,3045501,2730455012005431,,27,0,
2178922,3045502,2730455022005431,,27,0,
2178922,3045497,2830454972005431,,28,0,
2178922,3045498,2830454982005431,,28,0,
2178922,3045499,2830454992005431,,28,0,
2178922,3045500,2830455002005431,,28,0,
2178922,3045501,2830455012005431,,28,0,
2178922,3045502,2830455022005431,,28,0,
2178922,3045497,2930454972005431,,29,0,
2178922,3045498,2930454982005431,,29,0,
2178922,3045499,2930454992005431,,29,0,
2178922,3045500,2930455002005431,,29,0,
2178922,3045501,2930455012005431,,29,0,
2178922,3045502,2930455022005431,,29,0,
2178922,3045497,3030454972005431,,30,0,
2178922,3045498,3030454982005431,,30,0,
2178922,3045499,3030454992005431,,30,0,
2178922,3045500,3030455002005431,,30,0,
2178922,3045501,3030455012005431,,30,0,
2178922,3045502,3030455022005431,,30,0,
2178922,3045497,3130454972005431,,31,0,
2178922,3045498,3130454982005431,,31,0,
2178922,3045499,3130454992005431,,31,0,
2178922,3045500,3130455002005431,,31,0,
2178922,3045501,3130455012005431,,31,0,
2178922,3045502,3130455022005431,,31,0,
2178922,3045497,3230454972005431,,32,0,
2178922,3045498,3230454982005431,,32,0,
2178922,3045499,3230454992005431,,32,0,
2178922,3045500,3230455002005431,,32,0,
2178922,3045501,3230455012005431,,32,0,
2178922,3045502,3230455022005431,,32,0,
2178922,3045497,330454972005431,,3,0,
2178922,3045498,330454982005431,,3,0,
2178922,3045499,330454992005431,,3,0,
2178922,3045500,330455002005431,,3,0,
2178922,3045501,330455012005431,,3,0,
2178922,3045502,330455022005431,,3,0,
2178922,3045497,3330454972005431,,33,0,
2178922,3045498,3330454982005431,,33,0,
2178922,3045499,3330454992005431,,33,0,
2178922,3045500,3330455002005431,,33,0,
2178922,3045501,3330455012005431,,33,0,
2178922,3045502,3330455022005431,,33,0,
2178922,3045497,3430454972005431,,34,0,
2178922,3045498,3430454982005431,,34,0,
2178922,3045499,3430454992005431,,34,0,
2178922,3045500,3430455002005431,,34,0,
2178922,3045501,3430455012005431,,34,0,
2178922,3045502,3430455022005431,,34,0,
2178922,3045497,3530454972005431,,35,0,
2178922,3045498,3530454982005431,,35,0,
2178922,3045499,3530454992005431,,35,0,
2178922,3045500,3530455002005431,,35,0,
2178922,3045501,3530455012005431,,35,0,
2178922,3045502,3530455022005431,,35,0,
2178922,3045497,3630454972005431,,36,0,
2178922,3045498,3630454982005431,,36,0,
2178922,3045499,3630454992005431,,36,0,
2178922,3045500,3630455002005431,,36,0,
2178922,3045501,3630455012005431,,36,0,
2178922,3045502,3630455022005431,,36,0,
2178922,3045497,3730454972005431,,37,0,
2178922,3045498,3730454982005431,,37,0,
2178922,3045499,3730454992005431,,37,0,
2178922,3045500,3730455002005431,,37,0,
2178922,3045501,3730455012005431,,37,0,
2178922,3045502,3730455022005431,,37,0,
2178922,3045497,3830454972005431,,38,0,
2178922,3045498,3830454982005431,,38,0,
2178922,3045499,3830454992005431,,38,0,
2178922,3045500,3830455002005431,,38,0,
2178922,3045501,3830455012005431,,38,0,
2178922,3045502,3830455022005431,,38,0,
2178922,3045497,3930454972005431,,39,0,
2178922,3045498,3930454982005431,,39,0,
2178922,3045499,3930454992005431,,39,0,
2178922,3045500,3930455002005431,,39,0,
2178922,3045501,3930455012005431,,39,0,
2178922,3045502,3930455022005431,,39,0,
2178922,3045497,4030454972005431,,40,0,
2178922,3045498,4030454982005431,,40,0,
2178922,3045499,4030454992005431,,40,0,
2178922,3045500,4030455002005431,,40,0,
2178922,3045501,4030455012005431,,40,0,
2178922,3045502,4030455022005431,,40,0,
2178922,3045497,4130454972005431,,41,0,
2178922,3045498,4130454982005431,,41,0,
2178922,3045499,4130454992005431,,41,0,
2178922,3045500,4130455002005431,,41,0,
2178922,3045501,4130455012005431,,41,0,
2178922,3045502,4130455022005431,,41,0,
2178922,3045497,4230454972005431,,42,0,
2178922,3045498,4230454982005431,,42,0,
2178922,3045499,4230454992005431,,42,0,
2178922,3045500,4230455002005431,,42,0,
2178922,3045501,4230455012005431,,42,0,
2178922,3045502,4230455022005431,,42,0,
2178922,3045497,430454972005431,,4,0,
2178922,3045498,430454982005431,,4,0,
2178922,3045499,430454992005431,,4,0,
2178922,3045500,430455002005431,,4,0,
2178922,3045501,430455012005431,,4,0,
2178922,3045502,430455022005431,,4,0,
2178922,3045497,4330454972005431,,43,0,
2178922,3045498,4330454982005431,,43,0,
2178922,3045499,4330454992005431,,43,0,
2178922,3045500,4330455002005431,,43,0,
2178922,3045501,4330455012005431,,43,0,
2178922,3045502,4330455022005431,,43,0,
2178922,3045497,4430454972005431,,44,0,
2178922,3045498,4430454982005431,,44,0,
2178922,3045499,4430454992005431,,44,0,
2178922,3045500,4430455002005431,,44,0,
2178922,3045501,4430455012005431,,44,0,
2178922,3045502,4430455022005431,,44,0,
2178922,3045497,4530454972005431,,45,0,
2178922,3045498,4530454982005431,,45,0,
2178922,3045499,4530454992005431,,45,0,
2178922,3045500,4530455002005431,,45,0,
2178922,3045501,4530455012005431,,45,0,
2178922,3045502,4530455022005431,,45,0,
2178922,3045497,4630454972005431,,46,0,
2178922,3045498,4630454982005431,,46,0,
2178922,3045499,4630454992005431,,46,0,
2178922,3045500,4630455002005431,,46,0,
2178922,3045501,4630455012005431,,46,0,
2178922,3045502,4630455022005431,,46,0,
2178922,3045497,4730454972005431,,47,0,
2178922,3045498,4730454982005431,,47,0,
2178922,3045499,4730454992005431,,47,0,
2178922,3045500,4730455002005431,,47,0,
2178922,3045501,4730455012005431,,47,0,
2178922,3045502,4730455022005431,,47,0,
2178922,3045497,4830454972005431,,48,0,
2178922,3045498,4830454982005431,,48,0,
2178922,3045499,4830454992005431,,48,0,
2178922,3045500,4830455002005431,,48,0,
2178922,3045501,4830455012005431,,48,0,
2178922,3045502,4830455022005431,,48,0,
2178922,3045497,4930454972005431,,49,0,
2178922,3045498,4930454982005431,,49,0,
2178922,3045499,4930454992005431,,49,0,
2178922,3045500,4930455002005431,,49,0,
2178922,3045501,4930455012005431,,49,0,
2178922,3045502,4930455022005431,,49,0,
2178922,3045497,5030454972005431,,50,0,
2178922,3045498,5030454982005431,,50,0,
2178922,3045499,5030454992005431,,50,0,
2178922,3045500,5030455002005431,,50,0,
2178922,3045501,5030455012005431,,50,0,
2178922,3045502,5030455022005431,,50,0,
2178922,3045497,5130454972005431,,51,0,
2178922,3045498,5130454982005431,,51,0,
2178922,3045499,5130454992005431,,51,0,
2178922,3045500,5130455002005431,,51,0,
2178922,3045501,5130455012005431,,51,0,
2178922,3045502,5130455022005431,,51,0,
2178922,3045497,5230454972005431,,52,0,
2178922,3045498,5230454982005431,,52,0,
2178922,3045499,5230454992005431,,52,0,
2178922,3045500,5230455002005431,,52,0,
2178922,3045501,5230455012005431,,52,0,
2178922,3045502,5230455022005431,,52,0,
2178922,3045497,530454972005431,,5,0,
2178922,3045498,530454982005431,,5,0,
2178922,3045499,530454992005431,,5,0,
2178922,3045500,530455002005431,,5,0,
2178922,3045501,530455012005431,,5,0,
2178922,3045502,530455022005431,,5,0,
2178922,3045497,5330454972005431,,53,0,
2178922,3045498,5330454982005431,,53,0,
2178922,3045499,5330454992005431,,53,0,
2178922,3045500,5330455002005431,,53,0,
2178922,3045501,5330455012005431,,53,0,
2178922,3045502,5330455022005431,,53,0,
2178922,3045497,5430454972005431,,54,0,
2178922,3045498,5430454982005431,,54,0,
2178922,3045499,5430454992005431,,54,0,
2178922,3045500,5430455002005431,,54,0,
2178922,3045501,5430455012005431,,54,0,
2178922,3045502,5430455022005431,,54,0,
2178922,3045497,5530454972005431,,55,0,
2178922,3045498,5530454982005431,,55,0,
2178922,3045499,5530454992005431,,55,0,
2178922,3045500,5530455002005431,,55,0,
2178922,3045501,5530455012005431,,55,0,
2178922,3045502,5530455022005431,,55,0,
2178922,3045497,5630454972005431,,56,0,
2178922,3045498,5630454982005431,,56,0,
2178922,3045499,5630454992005431,,56,0,
2178922,3045500,5630455002005431,,56,0,
2178922,3045501,5630455012005431,,56,0,
2178922,3045502,5630455022005431,,56,0,
2178922,3045497,5730454972005431,,57,0,
2178922,3045498,5730454982005431,,57,0,
2178922,3045499,5730454992005431,,57,0,
2178922,3045500,5730455002005431,,57,0,
2178922,3045501,5730455012005431,,57,0,
2178922,3045502,5730455022005431,,57,0,
2178922,3045497,5830454972005431,,58,0,
2178922,3045498,5830454982005431,,58,0,
2178922,3045499,5830454992005431,,58,0,
2178922,3045500,5830455002005431,,58,0,
2178922,3045501,5830455012005431,,58,0,
2178922,3045502,5830455022005431,,58,0,
2178922,3045497,5930454972005431,,59,0,
2178922,3045498,5930454982005431,,59,0,
2178922,3045499,5930454992005431,,59,0,
2178922,3045500,5930455002005431,,59,0,
2178922,3045501,5930455012005431,,59,0,
2178922,3045502,5930455022005431,,59,0,
2178922,3045497,6030454972005431,,60,0,
2178922,3045498,6030454982005431,,60,0,
2178922,3045499,6030454992005431,,60,0,
2178922,3045500,6030455002005431,,60,0,
2178922,3045501,6030455012005431,,60,0,
2178922,3045502,6030455022005431,,60,0,
2178922,3045497,6130454972005431,,61,0,
2178922,3045498,6130454982005431,,61,0,
2178922,3045499,6130454992005431,,61,0,
2178922,3045500,6130455002005431,,61,0,
2178922,3045501,6130455012005431,,61,0,
2178922,3045502,6130455022005431,,61,0,
2178922,3045497,6230454972005431,,62,0,
2178922,3045498,6230454982005431,,62,0,
2178922,3045499,6230454992005431,,62,0,
2178922,3045500,6230455002005431,,62,0,
2178922,3045501,6230455012005431,,62,0,
2178922,3045502,6230455022005431,,62,0,
2178922,3045497,630454972005431,,6,0,
2178922,3045498,630454982005431,,6,0,
2178922,3045499,630454992005431,,6,0,
2178922,3045500,630455002005431,,6,0,
2178922,3045501,630455012005431,,6,0,
2178922,3045502,630455022005431,,6,0,
2178922,3045497,6330454972005431,,63,0,
2178922,3045498,6330454982005431,,63,0,
2178922,3045499,6330454992005431,,63,0,
2178922,3045500,6330455002005431,,63,0,
2178922,3045501,6330455012005431,,63,0,
2178922,3045502,6330455022005431,,63,0,
2178922,3045497,6430454972005431,,64,0,
2178922,3045498,6430454982005431,,64,0,
2178922,3045499,6430454992005431,,64,0,
2178922,3045500,6430455002005431,,64,0,
2178922,3045501,6430455012005431,,64,0,
2178922,3045502,6430455022005431,,64,0,
2178922,3045497,6530454972005431,,65,0,
2178922,3045498,6530454982005431,,65,0,
2178922,3045499,6530454992005431,,65,0,
2178922,3045500,6530455002005431,,65,0,
2178922,3045501,6530455012005431,,65,0,
2178922,3045502,6530455022005431,,65,0,
2178922,3045497,6630454972005431,,66,0,
2178922,3045498,6630454982005431,,66,0,
2178922,3045499,6630454992005431,,66,0,
2178922,3045500,6630455002005431,,66,0,
2178922,3045501,6630455012005431,,66,0,
2178922,3045502,6630455022005431,,66,0,
2178922,3045497,6730454972005431,,67,0,
2178922,3045498,6730454982005431,,67,0,
2178922,3045499,6730454992005431,,67,0,
2178922,3045500,6730455002005431,,67,0,
2178922,3045501,6730455012005431,,67,0,
2178922,3045502,6730455022005431,,67,0,
2178922,3045497,6830454972005431,,68,0,
2178922,3045498,6830454982005431,,68,0,
2178922,3045499,6830454992005431,,68,0,
2178922,3045500,6830455002005431,,68,0,
2178922,3045501,6830455012005431,,68,0,
2178922,3045502,6830455022005431,,68,0,
2178922,3045497,6930454972005431,,69,0,
2178922,3045498,6930454982005431,,69,0,
2178922,3045499,6930454992005431,,69,0,
2178922,3045500,6930455002005431,,69,0,
2178922,3045501,6930455012005431,,69,0,
2178922,3045502,6930455022005431,,69,0,
2178922,3045497,7030454972005431,,70,0,
2178922,3045498,7030454982005431,,70,0,
2178922,3045499,7030454992005431,,70,0,
2178922,3045500,7030455002005431,,70,0,
2178922,3045501,7030455012005431,,70,0,
2178922,3045502,7030455022005431,,70,0,
2178922,3045497,7130454972005431,,71,0,
2178922,3045498,7130454982005431,,71,0,
2178922,3045499,7130454992005431,,71,0,
2178922,3045500,7130455002005431,,71,0,
2178922,3045501,7130455012005431,,71,0,
2178922,3045502,7130455022005431,,71,0,
2178922,3045497,7230454972005431,,72,0,
2178922,13045498,7230454982005431,,72,0,
2178922,3045499,7230454992005431,,72,0,
2178922,3045500,7230455002005431,,72,0,
2178922,3045501,7230455012005431,,72,0,
2178922,3045502,7230455022005431,,72,0,
2178922,3045497,730454972005431,,7,0,
2178922,3045498,730454982005431,,7,0,
2178922,3045499,730454992005431,,7,0,
2178922,3045500,730455002005431,,7,0,
2178922,3045501,730455012005431,,7,0,
2178922,3045502,730455022005431,,7,0,
2178922,3045497,7330454972005431,,73,0,
2178922,13045498,7330454982005431,,73,0,
2178922,3045499,7330454992005431,,73,0,
2178922,3045500,7330455002005431,,73,0,
2178922,3045501,7330455012005431,,73,0,
2178922,3045502,7330455022005431,,73,0,
2178922,3045497,7430454972005431,,74,0,
2178922,3045499,7430454992005431,,74,0,
2178922,3045500,7430455002005431,,74,0,
2178922,3045501,7430455012005431,,74,0,
2178922,3045502,7430455022005431,,74,0,
2178922,13045497,7530454972005431,,75,0,
2178922,3045499,7530454992005431,,75,0,
2178922,3045500,7530455002005431,,75,0,
2178922,3045501,7530455012005431,,75,0,
2178922,3045502,7530455022005431,,75,0,
2178922,13045497,7630454972005431,,76,0,
2178922,3045499,7630454992005431,,76,0,
2178922,3045500,7630455002005431,,76,0,
2178922,3045501,7630455012005431,,76,0,
2178922,3045502,7630455022005431,,76,0,
2178922,3045499,7730454992005431,,77,0,
2178922,3045500,7730455002005431,,77,0,
2178922,3045501,7730455012005431,,77,0,
2178922,3045502,7730455022005431,,77,0,
2178922,3045499,7830454992005431,,78,0,
2178922,3045500,7830455002005431,,78,0,
2178922,3045501,7830455012005431,,78,0,
2178922,3045502,7830455022005431,,78,0,
2178922,3045499,7930454992005431,,79,0,
2178922,3045500,7930455002005431,,79,0,
2178922,3045501,7930455012005431,,79,0,
2178922,3045502,7930455022005431,,79,0,
2178922,3045499,8030454992005431,,80,0,
2178922,3045500,8030455002005431,,80,0,
2178922,3045501,8030455012005431,,80,0,
2178922,3045502,8030455022005431,,80,0,
2178922,3045499,8130454992005431,,81,0,
2178922,3045500,8130455002005431,,81,0,
2178922,3045501,8130455012005431,,81,0,
2178922,3045502,8130455022005431,,81,0,
2178922,3045499,8230454992005431,,82,0,
2178922,3045500,8230455002005431,,82,0,
2178922,3045501,8230455012005431,,82,0,
2178922,3045502,8230455022005431,,82,0,
2178922,3045497,830454972005431,,8,0,
2178922,3045498,830454982005431,,8,0,
2178922,3045499,830454992005431,,8,0,
2178922,3045500,830455002005431,,8,0,
2178922,3045501,830455012005431,,8,0,
2178922,3045502,830455022005431,,8,0,
2178922,3045499,8330454992005431,,83,0,
2178922,3045500,8330455002005431,,83,0,
2178922,3045501,8330455012005431,,83,0,
2178922,13045502,8330455022005431,,83,0,
2178922,3045499,8430454992005431,,84,0,
2178922,3045500,8430455002005431,,84,0,
2178922,3045501,8430455012005431,,84,0,
2178922,13045502,8430455022005431,,84,0,
2178922,3045499,8530454992005431,,85,0,
2178922,3045500,8530455002005431,,85,0,
2178922,3045501,8530455012005431,,85,0,
2178922,3045499,8630454992005431,,86,0,
2178922,3045500,8630455002005431,,86,0,
2178922,3045501,8630455012005431,,86,0,
2178922,3045499,8730454992005431,,87,0,
2178922,3045500,8730455002005431,,87,0,
2178922,3045501,8730455012005431,,87,0,
2178922,3045499,8830454992005431,,88,0,
2178922,3045500,8830455002005431,,88,0,
2178922,3045501,8830455012005431,,88,0,
2178922,3045499,8930454992005431,,89,0,
2178922,3045500,8930455002005431,,89,0,
2178922,13045501,8930455012005431,,89,0,
2178922,3045499,9030454992005431,,90,0,
2178922,3045500,9030455002005431,,90,0,
2178922,13045501,9030455012005431,,90,0,
2178922,3045499,9130454992005431,,91,0,
2178922,3045500,9130455002005431,,91,0,
2178922,3045499,9230454992005431,,92,0,
2178922,3045500,9230455002005431,,92,0,
2178922,3045497,930454972005431,,9,0,
2178922,3045498,930454982005431,,9,0,
2178922,3045499,930454992005431,,9,0,
2178922,3045500,930455002005431,,9,0,
2178922,3045501,930455012005431,,9,0,
2178922,3045502,930455022005431,,9,0,
2178922,3045499,9330454992005431,,93,0,
2178922,3045500,9330455002005431,,93,0,
2178922,3045499,9430454992005431,,94,0,
2178922,3045500,9430455002005431,,94,0,
2178922,3045499,9530454992005431,,95,0,
2178922,3045500,9530455002005431,,95,0,
2178922,3045499,9630454992005431,,96,0,
2178922,3045500,9630455002005431,,96,0,
2178922,3045499,9730454992005431,,97,0,
2178922,3045500,9730455002005431,,97,0,
2178922,3045499,9830454992005431,,98,0,
2178922,3045500,9830455002005431,,98,0,
2178922,3045499,9930454992005431,,99,0,
2178922,3045500,9930455002005431,,99,0,
2178922,3107842,10031078422178311,,100,0,
2178922,3107843,10031078432178311,,100,0,
2178922,3107842,10131078422178311,,101,0,
2178922,3107843,10131078432178311,,101,0,
2178922,3107842,10231078422178311,,102,0,
2178922,13107843,10231078432178311,,102,0,
2178922,3107840,1031078402178311,,10,0,
2178922,3107841,1031078412178311,,10,0,
2178922,3107842,1031078422178311,,10,0,
2178922,3107843,1031078432178311,,10,0,
2178922,3107844,1031078442178311,,10,0,
2178922,3107845,1031078452178311,,10,0,
2178922,3107842,10331078422178311,,103,0,
2178922,13107843,10331078432178311,,103,0,
2178922,3107842,10431078422178311,,104,0,
2178922,3107842,10531078422178311,,105,0,
2178922,3107842,10631078422178311,,106,0,
2178922,3107842,10731078422178311,,107,0,
2178922,3107842,10831078422178311,,108,0,
2178922,3107842,10931078422178311,,109,0,
2178922,3107842,11031078422178311,,110,0,
2178922,3107842,11131078422178311,,111,0,
2178922,3107842,11231078422178311,,112,0,
2178922,3107840,1131078402178311,,11,0,
2178922,3107841,1131078412178311,,11,0,
2178922,3107842,1131078422178311,,11,0,
2178922,3107843,1131078432178311,,11,0,
2178922,3107844,1131078442178311,,11,0,
2178922,3107845,1131078452178311,,11,0,
2178922,3107842,11331078422178311,,113,0,
2178922,13107842,11431078422178311,,114,0,
2178922,13107842,11531078422178311,,115,0,
2178922,3107840,1231078402178311,,12,0,
2178922,3107841,1231078412178311,,12,0,
2178922,3107842,1231078422178311,,12,0,
2178922,3107843,1231078432178311,,12,0,
2178922,3107844,1231078442178311,,12,0,
2178922,3107845,1231078452178311,,12,0,
2178922,3107840,131078402178311,,1,0,
2178922,3107841,131078412178311,,1,0,
2178922,3107842,131078422178311,,1,0,
2178922,3107843,131078432178311,,1,0,
2178922,3107844,131078442178311,,1,0,
2178922,3107845,131078452178311,,1,0,
2178922,3107840,1331078402178311,,13,0,
2178922,3107841,1331078412178311,,13,0,
2178922,3107842,1331078422178311,,13,0,
2178922,3107843,1331078432178311,,13,0,
2178922,3107844,1331078442178311,,13,0,
2178922,3107845,1331078452178311,,13,0,
2178922,3107840,1431078402178311,,14,0,
2178922,3107841,1431078412178311,,14,0,
2178922,3107842,1431078422178311,,14,0,
2178922,3107843,1431078432178311,,14,0,
2178922,3107844,1431078442178311,,14,0,
2178922,3107845,1431078452178311,,14,0,
2178922,3107840,1531078402178311,,15,0,
2178922,3107841,1531078412178311,,15,0,
2178922,3107842,1531078422178311,,15,0,
2178922,3107843,1531078432178311,,15,0,
2178922,3107844,1531078442178311,,15,0,
2178922,3107845,1531078452178311,,15,0,
2178922,3107840,1631078402178311,,16,0,
2178922,3107841,1631078412178311,,16,0,
2178922,3107842,1631078422178311,,16,0,
2178922,3107843,1631078432178311,,16,0,
2178922,3107844,1631078442178311,,16,0,
2178922,3107845,1631078452178311,,16,0,
2178922,3107840,1731078402178311,,17,0,
2178922,3107841,1731078412178311,,17,0,
2178922,3107842,1731078422178311,,17,0,
2178922,3107843,1731078432178311,,17,0,
2178922,3107844,1731078442178311,,17,0,
2178922,3107845,1731078452178311,,17,0,
2178922,3107840,1831078402178311,,18,0,
2178922,3107841,1831078412178311,,18,0,
2178922,3107842,1831078422178311,,18,0,
2178922,3107843,1831078432178311,,18,0,
2178922,3107844,1831078442178311,,18,0,
2178922,3107845,1831078452178311,,18,0,
2178922,3107840,1931078402178311,,19,0,
2178922,3107841,1931078412178311,,19,0,
2178922,3107842,1931078422178311,,19,0,
2178922,3107843,1931078432178311,,19,0,
2178922,3107844,1931078442178311,,19,0,
2178922,3107845,1931078452178311,,19,0,
2178922,3107840,2031078402178311,,20,0,
2178922,3107841,2031078412178311,,20,0,
2178922,3107842,2031078422178311,,20,0,
2178922,3107843,2031078432178311,,20,0,
2178922,3107844,2031078442178311,,20,0,
2178922,3107845,2031078452178311,,20,0,
2178922,3107840,2131078402178311,,21,0,
2178922,3107841,2131078412178311,,21,0,
2178922,3107842,2131078422178311,,21,0,
2178922,3107843,2131078432178311,,21,0,
2178922,3107844,2131078442178311,,21,0,
2178922,3107845,2131078452178311,,21,0,
2178922,3107840,2231078402178311,,22,0,
2178922,3107841,2231078412178311,,22,0,
2178922,3107842,2231078422178311,,22,0,
2178922,3107843,2231078432178311,,22,0,
2178922,3107844,2231078442178311,,22,0,
2178922,3107845,2231078452178311,,22,0,
2178922,3107840,231078402178311,,2,0,
2178922,3107841,231078412178311,,2,0,
2178922,3107842,231078422178311,,2,0,
2178922,3107843,231078432178311,,2,0,
2178922,3107844,231078442178311,,2,0,
2178922,3107845,231078452178311,,2,0,
2178922,3107840,2331078402178311,,23,0,
2178922,3107841,2331078412178311,,23,0,
2178922,3107842,2331078422178311,,23,0,
2178922,3107843,2331078432178311,,23,0,
2178922,3107844,2331078442178311,,23,0,
2178922,3107845,2331078452178311,,23,0,
2178922,3107840,2431078402178311,,24,0,
2178922,3107841,2431078412178311,,24,0,
2178922,3107842,2431078422178311,,24,0,
2178922,3107843,2431078432178311,,24,0,
2178922,3107844,2431078442178311,,24,0,
2178922,3107845,2431078452178311,,24,0,
2178922,3107840,2531078402178311,,25,0,
2178922,3107841,2531078412178311,,25,0,
2178922,3107842,2531078422178311,,25,0,
2178922,3107843,2531078432178311,,25,0,
2178922,3107844,2531078442178311,,25,0,
2178922,3107845,2531078452178311,,25,0,
2178922,3107840,2631078402178311,,26,0,
2178922,3107841,2631078412178311,,26,0,
2178922,3107842,2631078422178311,,26,0,
2178922,3107843,2631078432178311,,26,0,
2178922,3107844,2631078442178311,,26,0,
2178922,3107845,2631078452178311,,26,0,
2178922,3107840,2731078402178311,,27,0,
2178922,3107841,2731078412178311,,27,0,
2178922,3107842,2731078422178311,,27,0,
2178922,3107843,2731078432178311,,27,0,
2178922,3107844,2731078442178311,,27,0,
2178922,3107845,2731078452178311,,27,0,
2178922,3107840,2831078402178311,,28,0,
2178922,3107841,2831078412178311,,28,0,
2178922,3107842,2831078422178311,,28,0,
2178922,3107843,2831078432178311,,28,0,
2178922,3107844,2831078442178311,,28,0,
2178922,3107845,2831078452178311,,28,0,
2178922,3107840,2931078402178311,,29,0,
2178922,3107841,2931078412178311,,29,0,
2178922,3107842,2931078422178311,,29,0,
2178922,3107843,2931078432178311,,29,0,
2178922,3107844,2931078442178311,,29,0,
2178922,3107845,2931078452178311,,29,0,
2178922,3107840,3031078402178311,,30,0,
2178922,3107841,3031078412178311,,30,0,
2178922,3107842,3031078422178311,,30,0,
2178922,3107843,3031078432178311,,30,0,
2178922,3107844,3031078442178311,,30,0,
2178922,3107845,3031078452178311,,30,0,
2178922,3107840,3131078402178311,,31,0,
2178922,3107841,3131078412178311,,31,0,
2178922,3107842,3131078422178311,,31,0,
2178922,3107843,3131078432178311,,31,0,
2178922,3107844,3131078442178311,,31,0,
2178922,3107845,3131078452178311,,31,0,
2178922,3107840,3231078402178311,,32,0,
2178922,3107841,3231078412178311,,32,0,
2178922,3107842,3231078422178311,,32,0,
2178922,3107843,3231078432178311,,32,0,
2178922,3107844,3231078442178311,,32,0,
2178922,3107845,3231078452178311,,32,0,
2178922,3107840,331078402178311,,3,0,
2178922,3107841,331078412178311,,3,0,
2178922,3107842,331078422178311,,3,0,
2178922,3107843,331078432178311,,3,0,
2178922,3107844,331078442178311,,3,0,
2178922,3107845,331078452178311,,3,0,
2178922,3107840,3331078402178311,,33,0,
2178922,3107841,3331078412178311,,33,0,
2178922,3107842,3331078422178311,,33,0,
2178922,3107843,3331078432178311,,33,0,
2178922,3107844,3331078442178311,,33,0,
2178922,3107845,3331078452178311,,33,0,
2178922,3107840,3431078402178311,,34,0,
2178922,3107841,3431078412178311,,34,0,
2178922,3107842,3431078422178311,,34,0,
2178922,3107843,3431078432178311,,34,0,
2178922,3107844,3431078442178311,,34,0,
2178922,3107845,3431078452178311,,34,0,
2178922,3107840,3531078402178311,,35,0,
2178922,3107841,3531078412178311,,35,0,
2178922,3107842,3531078422178311,,35,0,
2178922,3107843,3531078432178311,,35,0,
2178922,3107844,3531078442178311,,35,0,
2178922,3107845,3531078452178311,,35,0,
2178922,3107840,3631078402178311,,36,0,
2178922,3107841,3631078412178311,,36,0,
2178922,3107842,3631078422178311,,36,0,
2178922,3107843,3631078432178311,,36,0,
2178922,3107844,3631078442178311,,36,0,
2178922,3107845,3631078452178311,,36,0,
2178922,3107840,3731078402178311,,37,0,
2178922,3107841,3731078412178311,,37,0,
2178922,3107842,3731078422178311,,37,0,
2178922,3107843,3731078432178311,,37,0,
2178922,3107844,3731078442178311,,37,0,
2178922,3107845,3731078452178311,,37,0,
2178922,3107840,3831078402178311,,38,0,
2178922,3107841,3831078412178311,,38,0,
2178922,3107842,3831078422178311,,38,0,
2178922,3107843,3831078432178311,,38,0,
2178922,3107844,3831078442178311,,38,0,
2178922,3107845,3831078452178311,,38,0,
2178922,3107840,3931078402178311,,39,0,
2178922,3107841,3931078412178311,,39,0,
2178922,3107842,3931078422178311,,39,0,
2178922,3107843,3931078432178311,,39,0,
2178922,3107844,3931078442178311,,39,0,
2178922,3107845,3931078452178311,,39,0,
2178922,3107840,4031078402178311,,40,0,
2178922,3107841,4031078412178311,,40,0,
2178922,3107842,4031078422178311,,40,0,
2178922,3107843,4031078432178311,,40,0,
2178922,3107844,4031078442178311,,40,0,
2178922,3107845,4031078452178311,,40,0,
2178922,3107840,4131078402178311,,41,0,
2178922,3107841,4131078412178311,,41,0,
2178922,3107842,4131078422178311,,41,0,
2178922,3107843,4131078432178311,,41,0,
2178922,3107844,4131078442178311,,41,0,
2178922,3107845,4131078452178311,,41,0,
2178922,3107840,4231078402178311,,42,0,
2178922,3107841,4231078412178311,,42,0,
2178922,3107842,4231078422178311,,42,0,
2178922,3107843,4231078432178311,,42,0,
2178922,3107844,4231078442178311,,42,0,
2178922,3107845,4231078452178311,,42,0,
2178922,3107840,431078402178311,,4,0,
2178922,3107841,431078412178311,,4,0,
2178922,3107842,431078422178311,,4,0,
2178922,3107843,431078432178311,,4,0,
2178922,3107844,431078442178311,,4,0,
2178922,3107845,431078452178311,,4,0,
2178922,3107840,4331078402178311,,43,0,
2178922,3107841,4331078412178311,,43,0,
2178922,3107842,4331078422178311,,43,0,
2178922,3107843,4331078432178311,,43,0,
2178922,3107844,4331078442178311,,43,0,
2178922,3107845,4331078452178311,,43,0,
2178922,3107840,4431078402178311,,44,0,
2178922,3107841,4431078412178311,,44,0,
2178922,3107842,4431078422178311,,44,0,
2178922,3107843,4431078432178311,,44,0,
2178922,3107844,4431078442178311,,44,0,
2178922,3107845,4431078452178311,,44,0,
2178922,3107840,4531078402178311,,45,0,
2178922,3107841,4531078412178311,,45,0,
2178922,3107842,4531078422178311,,45,0,
2178922,3107843,4531078432178311,,45,0,
2178922,3107844,4531078442178311,,45,0,
2178922,3107845,4531078452178311,,45,0,
2178922,3107840,4631078402178311,,46,0,
2178922,3107841,4631078412178311,,46,0,
2178922,3107842,4631078422178311,,46,0,
2178922,3107843,4631078432178311,,46,0,
2178922,3107844,4631078442178311,,46,0,
2178922,3107845,4631078452178311,,46,0,
2178922,3107840,4731078402178311,,47,0,
2178922,3107841,4731078412178311,,47,0,
2178922,3107842,4731078422178311,,47,0,
2178922,3107843,4731078432178311,,47,0,
2178922,3107844,4731078442178311,,47,0,
2178922,3107845,4731078452178311,,47,0,
2178922,3107840,4831078402178311,,48,0,
2178922,3107841,4831078412178311,,48,0,
2178922,3107842,4831078422178311,,48,0,
2178922,3107843,4831078432178311,,48,0,
2178922,3107844,4831078442178311,,48,0,
2178922,3107845,4831078452178311,,48,0,
2178922,3107840,4931078402178311,,49,0,
2178922,3107841,4931078412178311,,49,0,
2178922,3107842,4931078422178311,,49,0,
2178922,3107843,4931078432178311,,49,0,
2178922,3107844,4931078442178311,,49,0,
2178922,3107845,4931078452178311,,49,0,
2178922,3107840,5031078402178311,,50,0,
2178922,3107841,5031078412178311,,50,0,
2178922,3107842,5031078422178311,,50,0,
2178922,3107843,5031078432178311,,50,0,
2178922,3107844,5031078442178311,,50,0,
2178922,3107845,5031078452178311,,50,0,
2178922,3107840,5131078402178311,,51,0,
2178922,3107841,5131078412178311,,51,0,
2178922,3107842,5131078422178311,,51,0,
2178922,3107843,5131078432178311,,51,0,
2178922,3107844,5131078442178311,,51,0,
2178922,3107845,5131078452178311,,51,0,
2178922,3107840,5231078402178311,,52,0,
2178922,3107841,5231078412178311,,52,0,
2178922,3107842,5231078422178311,,52,0,
2178922,3107843,5231078432178311,,52,0,
2178922,3107844,5231078442178311,,52,0,
2178922,3107845,5231078452178311,,52,0,
2178922,3107840,531078402178311,,5,0,
2178922,3107841,531078412178311,,5,0,
2178922,3107842,531078422178311,,5,0,
2178922,3107843,531078432178311,,5,0,
2178922,3107844,531078442178311,,5,0,
2178922,3107845,531078452178311,,5,0,
2178922,3107840,5331078402178311,,53,0,
2178922,3107841,5331078412178311,,53,0,
2178922,3107842,5331078422178311,,53,0,
2178922,3107843,5331078432178311,,53,0,
2178922,3107844,5331078442178311,,53,0,
2178922,3107845,5331078452178311,,53,0,
2178922,3107840,5431078402178311,,54,0,
2178922,3107841,5431078412178311,,54,0,
2178922,3107842,5431078422178311,,54,0,
2178922,3107843,5431078432178311,,54,0,
2178922,3107844,5431078442178311,,54,0,
2178922,3107845,5431078452178311,,54,0,
2178922,3107840,5531078402178311,,55,0,
2178922,3107841,5531078412178311,,55,0,
2178922,3107842,5531078422178311,,55,0,
2178922,3107843,5531078432178311,,55,0,
2178922,3107844,5531078442178311,,55,0,
2178922,3107845,5531078452178311,,55,0,
2178922,3107840,5631078402178311,,56,0,
2178922,3107841,5631078412178311,,56,0,
2178922,3107842,5631078422178311,,56,0,
2178922,3107843,5631078432178311,,56,0,
2178922,3107844,5631078442178311,,56,0,
2178922,3107845,5631078452178311,,56,0,
2178922,3107840,5731078402178311,,57,0,
2178922,3107841,5731078412178311,,57,0,
2178922,3107842,5731078422178311,,57,0,
2178922,3107843,5731078432178311,,57,0,
2178922,3107844,5731078442178311,,57,0,
2178922,3107845,5731078452178311,,57,0,
2178922,3107840,5831078402178311,,58,0,
2178922,3107841,5831078412178311,,58,0,
2178922,3107842,5831078422178311,,58,0,
2178922,3107843,5831078432178311,,58,0,
2178922,3107844,5831078442178311,,58,0,
2178922,3107845,5831078452178311,,58,0,
2178922,3107840,5931078402178311,,59,0,
2178922,3107841,5931078412178311,,59,0,
2178922,3107842,5931078422178311,,59,0,
2178922,3107843,5931078432178311,,59,0,
2178922,3107844,5931078442178311,,59,0,
2178922,3107845,5931078452178311,,59,0,
2178922,3107840,6031078402178311,,60,0,
2178922,3107841,6031078412178311,,60,0,
2178922,3107842,6031078422178311,,60,0,
2178922,3107843,6031078432178311,,60,0,
2178922,3107844,6031078442178311,,60,0,
2178922,3107845,6031078452178311,,60,0,
2178922,3107840,6131078402178311,,61,0,
2178922,3107841,6131078412178311,,61,0,
2178922,3107842,6131078422178311,,61,0,
2178922,3107843,6131078432178311,,61,0,
2178922,3107844,6131078442178311,,61,0,
2178922,3107845,6131078452178311,,61,0,
2178922,3107840,6231078402178311,,62,0,
2178922,3107841,6231078412178311,,62,0,
2178922,3107842,6231078422178311,,62,0,
2178922,3107843,6231078432178311,,62,0,
2178922,3107844,6231078442178311,,62,0,
2178922,3107845,6231078452178311,,62,0,
2178922,3107840,631078402178311,,6,0,
2178922,3107841,631078412178311,,6,0,
2178922,3107842,631078422178311,,6,0,
2178922,3107843,631078432178311,,6,0,
2178922,3107844,631078442178311,,6,0,
2178922,3107845,631078452178311,,6,0,
2178922,3107840,6331078402178311,,63,0,
2178922,3107841,6331078412178311,,63,0,
2178922,3107842,6331078422178311,,63,0,
2178922,3107843,6331078432178311,,63,0,
2178922,3107844,6331078442178311,,63,0,
2178922,3107845,6331078452178311,,63,0,
2178922,3107840,6431078402178311,,64,0,
2178922,3107841,6431078412178311,,64,0,
2178922,3107842,6431078422178311,,64,0,
2178922,3107843,6431078432178311,,64,0,
2178922,3107844,6431078442178311,,64,0,
2178922,3107845,6431078452178311,,64,0,
2178922,3107840,6531078402178311,,65,0,
2178922,3107841,6531078412178311,,65,0,
2178922,3107842,6531078422178311,,65,0,
2178922,3107843,6531078432178311,,65,0,
2178922,3107844,6531078442178311,,65,0,
2178922,3107845,6531078452178311,,65,0,
2178922,3107840,6631078402178311,,66,0,
2178922,3107841,6631078412178311,,66,0,
2178922,3107842,6631078422178311,,66,0,
2178922,3107843,6631078432178311,,66,0,
2178922,3107844,6631078442178311,,66,0,
2178922,3107845,6631078452178311,,66,0,
2178922,3107840,6731078402178311,,67,0,
2178922,3107841,6731078412178311,,67,0,
2178922,3107842,6731078422178311,,67,0,
2178922,3107843,6731078432178311,,67,0,
2178922,3107844,6731078442178311,,67,0,
2178922,3107845,6731078452178311,,67,0,
2178922,3107840,6831078402178311,,68,0,
2178922,3107841,6831078412178311,,68,0,
2178922,3107842,6831078422178311,,68,0,
2178922,3107843,6831078432178311,,68,0,
2178922,3107844,6831078442178311,,68,0,
2178922,3107845,6831078452178311,,68,0,
2178922,3107840,6931078402178311,,69,0,
2178922,3107841,6931078412178311,,69,0,
2178922,3107842,6931078422178311,,69,0,
2178922,3107843,6931078432178311,,69,0,
2178922,3107844,6931078442178311,,69,0,
2178922,3107845,6931078452178311,,69,0,
2178922,3107840,7031078402178311,,70,0,
2178922,3107841,7031078412178311,,70,0,
2178922,3107842,7031078422178311,,70,0,
2178922,3107843,7031078432178311,,70,0,
2178922,3107844,7031078442178311,,70,0,
2178922,3107845,7031078452178311,,70,0,
2178922,3107840,7131078402178311,,71,0,
2178922,3107841,7131078412178311,,71,0,
2178922,3107842,7131078422178311,,71,0,
2178922,3107843,7131078432178311,,71,0,
2178922,3107844,7131078442178311,,71,0,
2178922,3107845,7131078452178311,,71,0,
2178922,3107840,7231078402178311,,72,0,
2178922,13107841,7231078412178311,,72,0,
2178922,3107842,7231078422178311,,72,0,
2178922,3107843,7231078432178311,,72,0,
2178922,3107844,7231078442178311,,72,0,
2178922,3107845,7231078452178311,,72,0,
2178922,3107840,731078402178311,,7,0,
2178922,3107841,731078412178311,,7,0,
2178922,3107842,731078422178311,,7,0,
2178922,3107843,731078432178311,,7,0,
2178922,3107844,731078442178311,,7,0,
2178922,3107845,731078452178311,,7,0,
2178922,3107840,7331078402178311,,73,0,
2178922,13107841,7331078412178311,,73,0,
2178922,3107842,7331078422178311,,73,0,
2178922,3107843,7331078432178311,,73,0,
2178922,3107844,7331078442178311,,73,0,
2178922,3107845,7331078452178311,,73,0,
2178922,3107840,7431078402178311,,74,0,
2178922,3107842,7431078422178311,,74,0,
2178922,3107843,7431078432178311,,74,0,
2178922,3107844,7431078442178311,,74,0,
2178922,3107845,7431078452178311,,74,0,
2178922,13107840,7531078402178311,,75,0,
2178922,3107842,7531078422178311,,75,0,
2178922,3107843,7531078432178311,,75,0,
2178922,3107844,7531078442178311,,75,0,
2178922,3107845,7531078452178311,,75,0,
2178922,13107840,7631078402178311,,76,0,
2178922,3107842,7631078422178311,,76,0,
2178922,3107843,7631078432178311,,76,0,
2178922,3107844,7631078442178311,,76,0,
2178922,3107845,7631078452178311,,76,0,
2178922,3107842,7731078422178311,,77,0,
2178922,3107843,7731078432178311,,77,0,
2178922,3107844,7731078442178311,,77,0,
2178922,3107845,7731078452178311,,77,0,
2178922,3107842,7831078422178311,,78,0,
2178922,3107843,7831078432178311,,78,0,
2178922,3107844,7831078442178311,,78,0,
2178922,3107845,7831078452178311,,78,0,
2178922,3107842,7931078422178311,,79,0,
2178922,3107843,7931078432178311,,79,0,
2178922,3107844,7931078442178311,,79,0,
2178922,3107845,7931078452178311,,79,0,
2178922,3107842,8031078422178311,,80,0,
2178922,3107843,8031078432178311,,80,0,
2178922,3107844,8031078442178311,,80,0,
2178922,3107845,8031078452178311,,80,0,
2178922,3107842,8131078422178311,,81,0,
2178922,3107843,8131078432178311,,81,0,
2178922,3107844,8131078442178311,,81,0,
2178922,3107845,8131078452178311,,81,0,
2178922,3107842,8231078422178311,,82,0,
2178922,3107843,8231078432178311,,82,0,
2178922,3107844,8231078442178311,,82,0,
2178922,3107845,8231078452178311,,82,0,
2178922,3107840,831078402178311,,8,0,
2178922,3107841,831078412178311,,8,0,
2178922,3107842,831078422178311,,8,0,
2178922,3107843,831078432178311,,8,0,
2178922,3107844,831078442178311,,8,0,
2178922,3107845,831078452178311,,8,0,
2178922,3107842,8331078422178311,,83,0,
2178922,3107843,8331078432178311,,83,0,
2178922,3107844,8331078442178311,,83,0,
2178922,13107845,8331078452178311,,83,0,
2178922,3107842,8431078422178311,,84,0,
2178922,3107843,8431078432178311,,84,0,
2178922,3107844,8431078442178311,,84,0,
2178922,13107845,8431078452178311,,84,0,
2178922,3107842,8531078422178311,,85,0,
2178922,3107843,8531078432178311,,85,0,
2178922,3107844,8531078442178311,,85,0,
2178922,3107842,8631078422178311,,86,0,
2178922,3107843,8631078432178311,,86,0,
2178922,3107844,8631078442178311,,86,0,
2178922,3107842,8731078422178311,,87,0,
2178922,3107843,8731078432178311,,87,0,
2178922,3107844,8731078442178311,,87,0,
2178922,3107842,8831078422178311,,88,0,
2178922,3107843,8831078432178311,,88,0,
2178922,3107844,8831078442178311,,88,0,
2178922,3107842,8931078422178311,,89,0,
2178922,3107843,8931078432178311,,89,0,
2178922,13107844,8931078442178311,,89,0,
2178922,3107842,9031078422178311,,90,0,
2178922,3107843,9031078432178311,,90,0,
2178922,13107844,9031078442178311,,90,0,
2178922,3107842,9131078422178311,,91,0,
2178922,3107843,9131078432178311,,91,0,
2178922,3107842,9231078422178311,,92,0,
2178922,3107843,9231078432178311,,92,0,
2178922,3107840,931078402178311,,9,0,
2178922,3107841,931078412178311,,9,0,
2178922,3107842,931078422178311,,9,0,
2178922,3107843,931078432178311,,9,0,
2178922,3107844,931078442178311,,9,0,
2178922,3107845,931078452178311,,9,0,
2178922,3107842,9331078422178311,,93,0,
2178922,3107843,9331078432178311,,93,0,
2178922,3107842,9431078422178311,,94,0,
2178922,3107843,9431078432178311,,94,0,
2178922,3107842,9531078422178311,,95,0,
2178922,3107843,9531078432178311,,95,0,
2178922,3107842,9631078422178311,,96,0,
2178922,3107843,9631078432178311,,96,0,
2178922,3107842,9731078422178311,,97,0,
2178922,3107843,9731078432178311,,97,0,
2178922,3107842,9831078422178311,,98,0,
2178922,3107843,9831078432178311,,98,0,
2178922,3107842,9931078422178311,,99,0,
2178922,3107843,9931078432178311,,99,0,
2178923,3045499,10030454992005432,,100,1,
2178923,3045500,10030455002005432,,100,1,
2178923,3045499,10130454992005432,,101,1,
2178923,3045500,10130455002005432,,101,1,
2178923,3045499,10230454992005432,,102,1,
2178923,13045500,10230455002005432,,102,1,
2178923,3045497,1030454972005432,,10,1,
2178923,3045498,1030454982005432,,10,1,
2178923,3045499,1030454992005432,,10,1,
2178923,3045500,1030455002005432,,10,1,
2178923,3045501,1030455012005432,,10,1,
2178923,3045502,1030455022005432,,10,1,
2178923,3045499,10330454992005432,,103,1,
2178923,13045500,10330455002005432,,103,1,
2178923,3045499,10430454992005432,,104,1,
2178923,3045499,10530454992005432,,105,1,
2178923,3045499,10630454992005432,,106,1,
2178923,3045499,10730454992005432,,107,1,
2178923,3045499,10830454992005432,,108,1,
2178923,3045499,10930454992005432,,109,1,
2178923,3045499,11030454992005432,,110,1,
2178923,3045499,11130454992005432,,111,1,
2178923,3045499,11230454992005432,,112,1,
2178923,3045497,1130454972005432,,11,1,
2178923,3045498,1130454982005432,,11,1,
2178923,3045499,1130454992005432,,11,1,
2178923,3045500,1130455002005432,,11,1,
2178923,3045501,1130455012005432,,11,1,
2178923,3045502,1130455022005432,,11,1,
2178923,3045499,11330454992005432,,113,1,
2178923,13045499,11430454992005432,,114,1,
2178923,13045499,11530454992005432,,115,1,
2178923,3045497,1230454972005432,,12,1,
2178923,3045498,1230454982005432,,12,1,
2178923,3045499,1230454992005432,,12,1,
2178923,3045500,1230455002005432,,12,1,
2178923,3045501,1230455012005432,,12,1,
2178923,3045502,1230455022005432,,12,1,
2178923,3045497,130454972005432,,1,1,
2178923,3045498,130454982005432,,1,1,
2178923,3045499,130454992005432,,1,1,
2178923,3045500,130455002005432,,1,1,
2178923,3045501,130455012005432,,1,1,
2178923,3045502,130455022005432,,1,1,
2178923,3045497,1330454972005432,,13,1,
2178923,3045498,1330454982005432,,13,1,
2178923,3045499,1330454992005432,,13,1,
2178923,3045500,1330455002005432,,13,1,
2178923,3045501,1330455012005432,,13,1,
2178923,3045502,1330455022005432,,13,1,
2178923,3045497,1430454972005432,,14,1,
2178923,3045498,1430454982005432,,14,1,
2178923,3045499,1430454992005432,,14,1,
2178923,3045500,1430455002005432,,14,1,
2178923,3045501,1430455012005432,,14,1,
2178923,3045502,1430455022005432,,14,1,
2178923,3045497,1530454972005432,,15,1,
2178923,3045498,1530454982005432,,15,1,
2178923,3045499,1530454992005432,,15,1,
2178923,3045500,1530455002005432,,15,1,
2178923,3045501,1530455012005432,,15,1,
2178923,3045502,1530455022005432,,15,1,
2178923,3045497,1630454972005432,,16,1,
2178923,3045498,1630454982005432,,16,1,
2178923,3045499,1630454992005432,,16,1,
2178923,3045500,1630455002005432,,16,1,
2178923,3045501,1630455012005432,,16,1,
2178923,3045502,1630455022005432,,16,1,
2178923,3045497,1730454972005432,,17,1,
2178923,3045498,1730454982005432,,17,1,
2178923,3045499,1730454992005432,,17,1,
2178923,3045500,1730455002005432,,17,1,
2178923,3045501,1730455012005432,,17,1,
2178923,3045502,1730455022005432,,17,1,
2178923,3045497,1830454972005432,,18,1,
2178923,3045498,1830454982005432,,18,1,
2178923,3045499,1830454992005432,,18,1,
2178923,3045500,1830455002005432,,18,1,
2178923,3045501,1830455012005432,,18,1,
2178923,3045502,1830455022005432,,18,1,
2178923,3045497,1930454972005432,,19,1,
2178923,3045498,1930454982005432,,19,1,
2178923,3045499,1930454992005432,,19,1,
2178923,3045500,1930455002005432,,19,1,
2178923,3045501,1930455012005432,,19,1,
2178923,3045502,1930455022005432,,19,1,
2178923,3045497,2030454972005432,,20,1,
2178923,3045498,2030454982005432,,20,1,
2178923,3045499,2030454992005432,,20,1,
2178923,3045500,2030455002005432,,20,1,
2178923,3045501,2030455012005432,,20,1,
2178923,3045502,2030455022005432,,20,1,
2178923,3045497,2130454972005432,,21,1,
2178923,3045498,2130454982005432,,21,1,
2178923,3045499,2130454992005432,,21,1,
2178923,3045500,2130455002005432,,21,1,
2178923,3045501,2130455012005432,,21,1,
2178923,3045502,2130455022005432,,21,1,
2178923,3045497,2230454972005432,,22,1,
2178923,3045498,2230454982005432,,22,1,
2178923,3045499,2230454992005432,,22,1,
2178923,3045500,2230455002005432,,22,1,
2178923,3045501,2230455012005432,,22,1,
2178923,3045502,2230455022005432,,22,1,
2178923,3045497,230454972005432,,2,1,
2178923,3045498,230454982005432,,2,1,
2178923,3045499,230454992005432,,2,1,
2178923,3045500,230455002005432,,2,1,
2178923,3045501,230455012005432,,2,1,
2178923,3045502,230455022005432,,2,1,
2178923,3045497,2330454972005432,,23,1,
2178923,3045498,2330454982005432,,23,1,
2178923,3045499,2330454992005432,,23,1,
2178923,3045500,2330455002005432,,23,1,
2178923,3045501,2330455012005432,,23,1,
2178923,3045502,2330455022005432,,23,1,
2178923,3045497,2430454972005432,,24,1,
2178923,3045498,2430454982005432,,24,1,
2178923,3045499,2430454992005432,,24,1,
2178923,3045500,2430455002005432,,24,1,
2178923,3045501,2430455012005432,,24,1,
2178923,3045502,2430455022005432,,24,1,
2178923,3045497,2530454972005432,,25,1,
2178923,3045498,2530454982005432,,25,1,
2178923,3045499,2530454992005432,,25,1,
2178923,3045500,2530455002005432,,25,1,
2178923,3045501,2530455012005432,,25,1,
2178923,3045502,2530455022005432,,25,1,
2178923,3045497,2630454972005432,,26,1,
2178923,3045498,2630454982005432,,26,1,
2178923,3045499,2630454992005432,,26,1,
2178923,3045500,2630455002005432,,26,1,
2178923,3045501,2630455012005432,,26,1,
2178923,3045502,2630455022005432,,26,1,
2178923,3045497,2730454972005432,,27,1,
2178923,3045498,2730454982005432,,27,1,
2178923,3045499,2730454992005432,,27,1,
2178923,3045500,2730455002005432,,27,1,
2178923,3045501,2730455012005432,,27,1,
2178923,3045502,2730455022005432,,27,1,
2178923,3045497,2830454972005432,,28,1,
2178923,3045498,2830454982005432,,28,1,
2178923,3045499,2830454992005432,,28,1,
2178923,3045500,2830455002005432,,28,1,
2178923,3045501,2830455012005432,,28,1,
2178923,3045502,2830455022005432,,28,1,
2178923,3045497,2930454972005432,,29,1,
2178923,3045498,2930454982005432,,29,1,
2178923,3045499,2930454992005432,,29,1,
2178923,3045500,2930455002005432,,29,1,
2178923,3045501,2930455012005432,,29,1,
2178923,3045502,2930455022005432,,29,1,
2178923,3045497,3030454972005432,,30,1,
2178923,3045498,3030454982005432,,30,1,
2178923,3045499,3030454992005432,,30,1,
2178923,3045500,3030455002005432,,30,1,
2178923,3045501,3030455012005432,,30,1,
2178923,3045502,3030455022005432,,30,1,
2178923,3045497,3130454972005432,,31,1,
2178923,3045498,3130454982005432,,31,1,
2178923,3045499,3130454992005432,,31,1,
2178923,3045500,3130455002005432,,31,1,
2178923,3045501,3130455012005432,,31,1,
2178923,3045502,3130455022005432,,31,1,
2178923,3045497,3230454972005432,,32,1,
2178923,3045498,3230454982005432,,32,1,
2178923,3045499,3230454992005432,,32,1,
2178923,3045500,3230455002005432,,32,1,
2178923,3045501,3230455012005432,,32,1,
2178923,3045502,3230455022005432,,32,1,
2178923,3045497,330454972005432,,3,1,
2178923,3045498,330454982005432,,3,1,
2178923,3045499,330454992005432,,3,1,
2178923,3045500,330455002005432,,3,1,
2178923,3045501,330455012005432,,3,1,
2178923,3045502,330455022005432,,3,1,
2178923,3045497,3330454972005432,,33,1,
2178923,3045498,3330454982005432,,33,1,
2178923,3045499,3330454992005432,,33,1,
2178923,3045500,3330455002005432,,33,1,
2178923,3045501,3330455012005432,,33,1,
2178923,3045502,3330455022005432,,33,1,
2178923,3045497,3430454972005432,,34,1,
2178923,3045498,3430454982005432,,34,1,
2178923,3045499,3430454992005432,,34,1,
2178923,3045500,3430455002005432,,34,1,
2178923,3045501,3430455012005432,,34,1,
2178923,3045502,3430455022005432,,34,1,
2178923,3045497,3530454972005432,,35,1,
2178923,3045498,3530454982005432,,35,1,
2178923,3045499,3530454992005432,,35,1,
2178923,3045500,3530455002005432,,35,1,
2178923,3045501,3530455012005432,,35,1,
2178923,3045502,3530455022005432,,35,1,
2178923,3045497,3630454972005432,,36,1,
2178923,3045498,3630454982005432,,36,1,
2178923,3045499,3630454992005432,,36,1,
2178923,3045500,3630455002005432,,36,1,
2178923,3045501,3630455012005432,,36,1,
2178923,3045502,3630455022005432,,36,1,
2178923,3045497,3730454972005432,,37,1,
2178923,3045498,3730454982005432,,37,1,
2178923,3045499,3730454992005432,,37,1,
2178923,3045500,3730455002005432,,37,1,
2178923,3045501,3730455012005432,,37,1,
2178923,3045502,3730455022005432,,37,1,
2178923,3045497,3830454972005432,,38,1,
2178923,3045498,3830454982005432,,38,1,
2178923,3045499,3830454992005432,,38,1,
2178923,3045500,3830455002005432,,38,1,
2178923,3045501,3830455012005432,,38,1,
2178923,3045502,3830455022005432,,38,1,
2178923,3045497,3930454972005432,,39,1,
2178923,3045498,3930454982005432,,39,1,
2178923,3045499,3930454992005432,,39,1,
2178923,3045500,3930455002005432,,39,1,
2178923,3045501,3930455012005432,,39,1,
2178923,3045502,3930455022005432,,39,1,
2178923,3045497,4030454972005432,,40,1,
2178923,3045498,4030454982005432,,40,1,
2178923,3045499,4030454992005432,,40,1,
2178923,3045500,4030455002005432,,40,1,
2178923,3045501,4030455012005432,,40,1,
2178923,3045502,4030455022005432,,40,1,
2178923,3045497,4130454972005432,,41,1,
2178923,3045498,4130454982005432,,41,1,
2178923,3045499,4130454992005432,,41,1,
2178923,3045500,4130455002005432,,41,1,
2178923,3045501,4130455012005432,,41,1,
2178923,3045502,4130455022005432,,41,1,
2178923,3045497,4230454972005432,,42,1,
2178923,3045498,4230454982005432,,42,1,
2178923,3045499,4230454992005432,,42,1,
2178923,3045500,4230455002005432,,42,1,
2178923,3045501,4230455012005432,,42,1,
2178923,3045502,4230455022005432,,42,1,
2178923,3045497,430454972005432,,4,1,
2178923,3045498,430454982005432,,4,1,
2178923,3045499,430454992005432,,4,1,
2178923,3045500,430455002005432,,4,1,
2178923,3045501,430455012005432,,4,1,
2178923,3045502,430455022005432,,4,1,
2178923,3045497,4330454972005432,,43,1,
2178923,3045498,4330454982005432,,43,1,
2178923,3045499,4330454992005432,,43,1,
2178923,3045500,4330455002005432,,43,1,
2178923,3045501,4330455012005432,,43,1,
2178923,3045502,4330455022005432,,43,1,
2178923,3045497,4430454972005432,,44,1,
2178923,3045498,4430454982005432,,44,1,
2178923,3045499,4430454992005432,,44,1,
2178923,3045500,4430455002005432,,44,1,
2178923,3045501,4430455012005432,,44,1,
2178923,3045502,4430455022005432,,44,1,
2178923,3045497,4530454972005432,,45,1,
2178923,3045498,4530454982005432,,45,1,
2178923,3045499,4530454992005432,,45,1,
2178923,3045500,4530455002005432,,45,1,
2178923,3045501,4530455012005432,,45,1,
2178923,3045502,4530455022005432,,45,1,
2178923,3045497,4630454972005432,,46,1,
2178923,3045498,4630454982005432,,46,1,
2178923,3045499,4630454992005432,,46,1,
2178923,3045500,4630455002005432,,46,1,
2178923,3045501,4630455012005432,,46,1,
2178923,3045502,4630455022005432,,46,1,
2178923,3045497,4730454972005432,,47,1,
2178923,3045498,4730454982005432,,47,1,
2178923,3045499,4730454992005432,,47,1,
2178923,3045500,4730455002005432,,47,1,
2178923,3045501,4730455012005432,,47,1,
2178923,3045502,4730455022005432,,47,1,
2178923,3045497,4830454972005432,,48,1,
2178923,3045498,4830454982005432,,48,1,
2178923,3045499,4830454992005432,,48,1,
2178923,3045500,4830455002005432,,48,1,
2178923,3045501,4830455012005432,,48,1,
2178923,3045502,4830455022005432,,48,1,
2178923,3045497,4930454972005432,,49,1,
2178923,3045498,4930454982005432,,49,1,
2178923,3045499,4930454992005432,,49,1,
2178923,3045500,4930455002005432,,49,1,
2178923,3045501,4930455012005432,,49,1,
2178923,3045502,4930455022005432,,49,1,
2178923,3045497,5030454972005432,,50,1,
2178923,3045498,5030454982005432,,50,1,
2178923,3045499,5030454992005432,,50,1,
2178923,3045500,5030455002005432,,50,1,
2178923,3045501,5030455012005432,,50,1,
2178923,3045502,5030455022005432,,50,1,
2178923,3045497,5130454972005432,,51,1,
2178923,3045498,5130454982005432,,51,1,
2178923,3045499,5130454992005432,,51,1,
2178923,3045500,5130455002005432,,51,1,
2178923,3045501,5130455012005432,,51,1,
2178923,3045502,5130455022005432,,51,1,
2178923,3045497,5230454972005432,,52,1,
2178923,3045498,5230454982005432,,52,1,
2178923,3045499,5230454992005432,,52,1,
2178923,3045500,5230455002005432,,52,1,
2178923,3045501,5230455012005432,,52,1,
2178923,3045502,5230455022005432,,52,1,
2178923,3045497,530454972005432,,5,1,
2178923,3045498,530454982005432,,5,1,
2178923,3045499,530454992005432,,5,1,
2178923,3045500,530455002005432,,5,1,
2178923,3045501,530455012005432,,5,1,
2178923,3045502,530455022005432,,5,1,
2178923,3045497,5330454972005432,,53,1,
2178923,3045498,5330454982005432,,53,1,
2178923,3045499,5330454992005432,,53,1,
2178923,3045500,5330455002005432,,53,1,
2178923,3045501,5330455012005432,,53,1,
2178923,3045502,5330455022005432,,53,1,
2178923,3045497,5430454972005432,,54,1,
2178923,3045498,5430454982005432,,54,1,
2178923,3045499,5430454992005432,,54,1,
2178923,3045500,5430455002005432,,54,1,
2178923,3045501,5430455012005432,,54,1,
2178923,3045502,5430455022005432,,54,1,
2178923,3045497,5530454972005432,,55,1,
2178923,3045498,5530454982005432,,55,1,
2178923,3045499,5530454992005432,,55,1,
2178923,3045500,5530455002005432,,55,1,
2178923,3045501,5530455012005432,,55,1,
2178923,3045502,5530455022005432,,55,1,
2178923,3045497,5630454972005432,,56,1,
2178923,3045498,5630454982005432,,56,1,
2178923,3045499,5630454992005432,,56,1,
2178923,3045500,5630455002005432,,56,1,
2178923,3045501,5630455012005432,,56,1,
2178923,3045502,5630455022005432,,56,1,
2178923,3045497,5730454972005432,,57,1,
2178923,3045498,5730454982005432,,57,1,
2178923,3045499,5730454992005432,,57,1,
2178923,3045500,5730455002005432,,57,1,
2178923,3045501,5730455012005432,,57,1,
2178923,3045502,5730455022005432,,57,1,
2178923,3045497,5830454972005432,,58,1,
2178923,3045498,5830454982005432,,58,1,
2178923,3045499,5830454992005432,,58,1,
2178923,3045500,5830455002005432,,58,1,
2178923,3045501,5830455012005432,,58,1,
2178923,3045502,5830455022005432,,58,1,
2178923,3045497,5930454972005432,,59,1,
2178923,3045498,5930454982005432,,59,1,
2178923,3045499,5930454992005432,,59,1,
2178923,3045500,5930455002005432,,59,1,
2178923,3045501,5930455012005432,,59,1,
2178923,3045502,5930455022005432,,59,1,
2178923,3045497,6030454972005432,,60,1,
2178923,3045498,6030454982005432,,60,1,
2178923,3045499,6030454992005432,,60,1,
2178923,3045500,6030455002005432,,60,1,
2178923,3045501,6030455012005432,,60,1,
2178923,3045502,6030455022005432,,60,1,
2178923,3045497,6130454972005432,,61,1,
2178923,3045498,6130454982005432,,61,1,
2178923,3045499,6130454992005432,,61,1,
2178923,3045500,6130455002005432,,61,1,
2178923,3045501,6130455012005432,,61,1,
2178923,3045502,6130455022005432,,61,1,
2178923,3045497,6230454972005432,,62,1,
2178923,3045498,6230454982005432,,62,1,
2178923,3045499,6230454992005432,,62,1,
2178923,3045500,6230455002005432,,62,1,
2178923,3045501,6230455012005432,,62,1,
2178923,3045502,6230455022005432,,62,1,
2178923,3045497,630454972005432,,6,1,
2178923,3045498,630454982005432,,6,1,
2178923,3045499,630454992005432,,6,1,
2178923,3045500,630455002005432,,6,1,
2178923,3045501,630455012005432,,6,1,
2178923,3045502,630455022005432,,6,1,
2178923,3045497,6330454972005432,,63,1,
2178923,3045498,6330454982005432,,63,1,
2178923,3045499,6330454992005432,,63,1,
2178923,3045500,6330455002005432,,63,1,
2178923,3045501,6330455012005432,,63,1,
2178923,3045502,6330455022005432,,63,1,
2178923,3045497,6430454972005432,,64,1,
2178923,3045498,6430454982005432,,64,1,
2178923,3045499,6430454992005432,,64,1,
2178923,3045500,6430455002005432,,64,1,
2178923,3045501,6430455012005432,,64,1,
2178923,3045502,6430455022005432,,64,1,
2178923,3045497,6530454972005432,,65,1,
2178923,3045498,6530454982005432,,65,1,
2178923,3045499,6530454992005432,,65,1,
2178923,3045500,6530455002005432,,65,1,
2178923,3045501,6530455012005432,,65,1,
2178923,3045502,6530455022005432,,65,1,
2178923,3045497,6630454972005432,,66,1,
2178923,3045498,6630454982005432,,66,1,
2178923,3045499,6630454992005432,,66,1,
2178923,3045500,6630455002005432,,66,1,
2178923,3045501,6630455012005432,,66,1,
2178923,3045502,6630455022005432,,66,1,
2178923,3045497,6730454972005432,,67,1,
2178923,3045498,6730454982005432,,67,1,
2178923,3045499,6730454992005432,,67,1,
2178923,3045500,6730455002005432,,67,1,
2178923,3045501,6730455012005432,,67,1,
2178923,3045502,6730455022005432,,67,1,
2178923,3045497,6830454972005432,,68,1,
2178923,3045498,6830454982005432,,68,1,
2178923,3045499,6830454992005432,,68,1,
2178923,3045500,6830455002005432,,68,1,
2178923,3045501,6830455012005432,,68,1,
2178923,3045502,6830455022005432,,68,1,
2178923,3045497,6930454972005432,,69,1,
2178923,3045498,6930454982005432,,69,1,
2178923,3045499,6930454992005432,,69,1,
2178923,3045500,6930455002005432,,69,1,
2178923,3045501,6930455012005432,,69,1,
2178923,3045502,6930455022005432,,69,1,
2178923,3045497,7030454972005432,,70,1,
2178923,3045498,7030454982005432,,70,1,
2178923,3045499,7030454992005432,,70,1,
2178923,3045500,7030455002005432,,70,1,
2178923,3045501,7030455012005432,,70,1,
2178923,3045502,7030455022005432,,70,1,
2178923,3045497,7130454972005432,,71,1,
2178923,3045498,7130454982005432,,71,1,
2178923,3045499,7130454992005432,,71,1,
2178923,3045500,7130455002005432,,71,1,
2178923,3045501,7130455012005432,,71,1,
2178923,3045502,7130455022005432,,71,1,
2178923,3045497,7230454972005432,,72,1,
2178923,13045498,7230454982005432,,72,1,
2178923,3045499,7230454992005432,,72,1,
2178923,3045500,7230455002005432,,72,1,
2178923,3045501,7230455012005432,,72,1,
2178923,3045502,7230455022005432,,72,1,
2178923,3045497,730454972005432,,7,1,
2178923,3045498,730454982005432,,7,1,
2178923,3045499,730454992005432,,7,1,
2178923,3045500,730455002005432,,7,1,
2178923,3045501,730455012005432,,7,1,
2178923,3045502,730455022005432,,7,1,
2178923,3045497,7330454972005432,,73,1,
2178923,13045498,7330454982005432,,73,1,
2178923,3045499,7330454992005432,,73,1,
2178923,3045500,7330455002005432,,73,1,
2178923,3045501,7330455012005432,,73,1,
2178923,3045502,7330455022005432,,73,1,
2178923,3045497,7430454972005432,,74,1,
2178923,3045499,7430454992005432,,74,1,
2178923,3045500,7430455002005432,,74,1,
2178923,3045501,7430455012005432,,74,1,
2178923,3045502,7430455022005432,,74,1,
2178923,3045497,7530454972005432,,75,1,
2178923,3045499,7530454992005432,,75,1,
2178923,3045500,7530455002005432,,75,1,
2178923,3045501,7530455012005432,,75,1,
2178923,3045502,7530455022005432,,75,1,
2178923,13045497,7630454972005432,,76,1,
2178923,3045499,7630454992005432,,76,1,
2178923,3045500,7630455002005432,,76,1,
2178923,3045501,7630455012005432,,76,1,
2178923,3045502,7630455022005432,,76,1,
2178923,13045497,7730454972005432,,77,1,
2178923,3045499,7730454992005432,,77,1,
2178923,3045500,7730455002005432,,77,1,
2178923,3045501,7730455012005432,,77,1,
2178923,3045502,7730455022005432,,77,1,
2178923,3045499,7830454992005432,,78,1,
2178923,3045500,7830455002005432,,78,1,
2178923,3045501,7830455012005432,,78,1,
2178923,3045502,7830455022005432,,78,1,
2178923,3045499,7930454992005432,,79,1,
2178923,3045500,7930455002005432,,79,1,
2178923,3045501,7930455012005432,,79,1,
2178923,3045502,7930455022005432,,79,1,
2178923,3045499,8030454992005432,,80,1,
2178923,3045500,8030455002005432,,80,1,
2178923,3045501,8030455012005432,,80,1,
2178923,3045502,8030455022005432,,80,1,
2178923,3045499,8130454992005432,,81,1,
2178923,3045500,8130455002005432,,81,1,
2178923,3045501,8130455012005432,,81,1,
2178923,3045502,8130455022005432,,81,1,
2178923,3045499,8230454992005432,,82,1,
2178923,3045500,8230455002005432,,82,1,
2178923,3045501,8230455012005432,,82,1,
2178923,13045502,8230455022005432,,82,1,
2178923,3045497,830454972005432,,8,1,
2178923,3045498,830454982005432,,8,1,
2178923,3045499,830454992005432,,8,1,
2178923,3045500,830455002005432,,8,1,
2178923,3045501,830455012005432,,8,1,
2178923,3045502,830455022005432,,8,1,
2178923,3045499,8330454992005432,,83,1,
2178923,3045500,8330455002005432,,83,1,
2178923,3045501,8330455012005432,,83,1,
2178923,13045502,8330455022005432,,83,1,
2178923,3045499,8430454992005432,,84,1,
2178923,3045500,8430455002005432,,84,1,
2178923,3045501,8430455012005432,,84,1,
2178923,3045499,8530454992005432,,85,1,
2178923,3045500,8530455002005432,,85,1,
2178923,3045501,8530455012005432,,85,1,
2178923,3045499,8630454992005432,,86,1,
2178923,3045500,8630455002005432,,86,1,
2178923,3045501,8630455012005432,,86,1,
2178923,3045499,8730454992005432,,87,1,
2178923,3045500,8730455002005432,,87,1,
2178923,3045501,8730455012005432,,87,1,
2178923,3045499,8830454992005432,,88,1,
2178923,3045500,8830455002005432,,88,1,
2178923,3045501,8830455012005432,,88,1,
2178923,3045499,8930454992005432,,89,1,
2178923,3045500,8930455002005432,,89,1,
2178923,13045501,8930455012005432,,89,1,
2178923,3045499,9030454992005432,,90,1,
2178923,3045500,9030455002005432,,90,1,
2178923,13045501,9030455012005432,,90,1,
2178923,3045499,9130454992005432,,91,1,
2178923,3045500,9130455002005432,,91,1,
2178923,3045499,9230454992005432,,92,1,
2178923,3045500,9230455002005432,,92,1,
2178923,3045497,930454972005432,,9,1,
2178923,3045498,930454982005432,,9,1,
2178923,3045499,930454992005432,,9,1,
2178923,3045500,930455002005432,,9,1,
2178923,3045501,930455012005432,,9,1,
2178923,3045502,930455022005432,,9,1,
2178923,3045499,9330454992005432,,93,1,
2178923,3045500,9330455002005432,,93,1,
2178923,3045499,9430454992005432,,94,1,
2178923,3045500,9430455002005432,,94,1,
2178923,3045499,9530454992005432,,95,1,
2178923,3045500,9530455002005432,,95,1,
2178923,3045499,9630454992005432,,96,1,
2178923,3045500,9630455002005432,,96,1,
2178923,3045499,9730454992005432,,97,1,
2178923,3045500,9730455002005432,,97,1,
2178923,3045499,9830454992005432,,98,1,
2178923,3045500,9830455002005432,,98,1,
2178923,3045499,9930454992005432,,99,1,
2178923,3045500,9930455002005432,,99,1,
2178923,3107842,10031078422178310,,100,1,
2178923,3107843,10031078432178310,,100,1,
2178923,3107842,10131078422178310,,101,1,
2178923,3107843,10131078432178310,,101,1,
2178923,3107842,10231078422178310,,102,1,
2178923,13107843,10231078432178310,,102,1,
2178923,3107840,1031078402178310,,10,1,
2178923,3107841,1031078412178310,,10,1,
2178923,3107842,1031078422178310,,10,1,
2178923,3107843,1031078432178310,,10,1,
2178923,3107844,1031078442178310,,10,1,
2178923,3107845,1031078452178310,,10,1,
2178923,3107842,10331078422178310,,103,1,
2178923,13107843,10331078432178310,,103,1,
2178923,3107842,10431078422178310,,104,1,
2178923,3107842,10531078422178310,,105,1,
2178923,3107842,10631078422178310,,106,1,
2178923,3107842,10731078422178310,,107,1,
2178923,3107842,10831078422178310,,108,1,
2178923,3107842,10931078422178310,,109,1,
2178923,3107842,11031078422178310,,110,1,
2178923,3107842,11131078422178310,,111,1,
2178923,3107842,11231078422178310,,112,1,
2178923,3107840,1131078402178310,,11,1,
2178923,3107841,1131078412178310,,11,1,
2178923,3107842,1131078422178310,,11,1,
2178923,3107843,1131078432178310,,11,1,
2178923,3107844,1131078442178310,,11,1,
2178923,3107845,1131078452178310,,11,1,
2178923,3107842,11331078422178310,,113,1,
2178923,13107842,11431078422178310,,114,1,
2178923,13107842,11531078422178310,,115,1,
2178923,3107840,1231078402178310,,12,1,
2178923,3107841,1231078412178310,,12,1,
2178923,3107842,1231078422178310,,12,1,
2178923,3107843,1231078432178310,,12,1,
2178923,3107844,1231078442178310,,12,1,
2178923,3107845,1231078452178310,,12,1,
2178923,3107840,131078402178310,,1,1,
2178923,3107841,131078412178310,,1,1,
2178923,3107842,131078422178310,,1,1,
2178923,3107843,131078432178310,,1,1,
2178923,3107844,131078442178310,,1,1,
2178923,3107845,131078452178310,,1,1,
2178923,3107840,1331078402178310,,13,1,
2178923,3107841,1331078412178310,,13,1,
2178923,3107842,1331078422178310,,13,1,
2178923,3107843,1331078432178310,,13,1,
2178923,3107844,1331078442178310,,13,1,
2178923,3107845,1331078452178310,,13,1,
2178923,3107840,1431078402178310,,14,1,
2178923,3107841,1431078412178310,,14,1,
2178923,3107842,1431078422178310,,14,1,
2178923,3107843,1431078432178310,,14,1,
2178923,3107844,1431078442178310,,14,1,
2178923,3107845,1431078452178310,,14,1,
2178923,3107840,1531078402178310,,15,1,
2178923,3107841,1531078412178310,,15,1,
2178923,3107842,1531078422178310,,15,1,
2178923,3107843,1531078432178310,,15,1,
2178923,3107844,1531078442178310,,15,1,
2178923,3107845,1531078452178310,,15,1,
2178923,3107840,1631078402178310,,16,1,
2178923,3107841,1631078412178310,,16,1,
2178923,3107842,1631078422178310,,16,1,
2178923,3107843,1631078432178310,,16,1,
2178923,3107844,1631078442178310,,16,1,
2178923,3107845,1631078452178310,,16,1,
2178923,3107840,1731078402178310,,17,1,
2178923,3107841,1731078412178310,,17,1,
2178923,3107842,1731078422178310,,17,1,
2178923,3107843,1731078432178310,,17,1,
2178923,3107844,1731078442178310,,17,1,
2178923,3107845,1731078452178310,,17,1,
2178923,3107840,1831078402178310,,18,1,
2178923,3107841,1831078412178310,,18,1,
2178923,3107842,1831078422178310,,18,1,
2178923,3107843,1831078432178310,,18,1,
2178923,3107844,1831078442178310,,18,1,
2178923,3107845,1831078452178310,,18,1,
2178923,3107840,1931078402178310,,19,1,
2178923,3107841,1931078412178310,,19,1,
2178923,3107842,1931078422178310,,19,1,
2178923,3107843,1931078432178310,,19,1,
2178923,3107844,1931078442178310,,19,1,
2178923,3107845,1931078452178310,,19,1,
2178923,3107840,2031078402178310,,20,1,
2178923,3107841,2031078412178310,,20,1,
2178923,3107842,2031078422178310,,20,1,
2178923,3107843,2031078432178310,,20,1,
2178923,3107844,2031078442178310,,20,1,
2178923,3107845,2031078452178310,,20,1,
2178923,3107840,2131078402178310,,21,1,
2178923,3107841,2131078412178310,,21,1,
2178923,3107842,2131078422178310,,21,1,
2178923,3107843,2131078432178310,,21,1,
2178923,3107844,2131078442178310,,21,1,
2178923,3107845,2131078452178310,,21,1,
2178923,3107840,2231078402178310,,22,1,
2178923,3107841,2231078412178310,,22,1,
2178923,3107842,2231078422178310,,22,1,
2178923,3107843,2231078432178310,,22,1,
2178923,3107844,2231078442178310,,22,1,
2178923,3107845,2231078452178310,,22,1,
2178923,3107840,231078402178310,,2,1,
2178923,3107841,231078412178310,,2,1,
2178923,3107842,231078422178310,,2,1,
2178923,3107843,231078432178310,,2,1,
2178923,3107844,231078442178310,,2,1,
2178923,3107845,231078452178310,,2,1,
2178923,3107840,2331078402178310,,23,1,
2178923,3107841,2331078412178310,,23,1,
2178923,3107842,2331078422178310,,23,1,
2178923,3107843,2331078432178310,,23,1,
2178923,3107844,2331078442178310,,23,1,
2178923,3107845,2331078452178310,,23,1,
2178923,3107840,2431078402178310,,24,1,
2178923,3107841,2431078412178310,,24,1,
2178923,3107842,2431078422178310,,24,1,
2178923,3107843,2431078432178310,,24,1,
2178923,3107844,2431078442178310,,24,1,
2178923,3107845,2431078452178310,,24,1,
2178923,3107840,2531078402178310,,25,1,
2178923,3107841,2531078412178310,,25,1,
2178923,3107842,2531078422178310,,25,1,
2178923,3107843,2531078432178310,,25,1,
2178923,3107844,2531078442178310,,25,1,
2178923,3107845,2531078452178310,,25,1,
2178923,3107840,2631078402178310,,26,1,
2178923,3107841,2631078412178310,,26,1,
2178923,3107842,2631078422178310,,26,1,
2178923,3107843,2631078432178310,,26,1,
2178923,3107844,2631078442178310,,26,1,
2178923,3107845,2631078452178310,,26,1,
2178923,3107840,2731078402178310,,27,1,
2178923,3107841,2731078412178310,,27,1,
2178923,3107842,2731078422178310,,27,1,
2178923,3107843,2731078432178310,,27,1,
2178923,3107844,2731078442178310,,27,1,
2178923,3107845,2731078452178310,,27,1,
2178923,3107840,2831078402178310,,28,1,
2178923,3107841,2831078412178310,,28,1,
2178923,3107842,2831078422178310,,28,1,
2178923,3107843,2831078432178310,,28,1,
2178923,3107844,2831078442178310,,28,1,
2178923,3107845,2831078452178310,,28,1,
2178923,3107840,2931078402178310,,29,1,
2178923,3107841,2931078412178310,,29,1,
2178923,3107842,2931078422178310,,29,1,
2178923,3107843,2931078432178310,,29,1,
2178923,3107844,2931078442178310,,29,1,
2178923,3107845,2931078452178310,,29,1,
2178923,3107840,3031078402178310,,30,1,
2178923,3107841,3031078412178310,,30,1,
2178923,3107842,3031078422178310,,30,1,
2178923,3107843,3031078432178310,,30,1,
2178923,3107844,3031078442178310,,30,1,
2178923,3107845,3031078452178310,,30,1,
2178923,3107840,3131078402178310,,31,1,
2178923,3107841,3131078412178310,,31,1,
2178923,3107842,3131078422178310,,31,1,
2178923,3107843,3131078432178310,,31,1,
2178923,3107844,3131078442178310,,31,1,
2178923,3107845,3131078452178310,,31,1,
2178923,3107840,3231078402178310,,32,1,
2178923,3107841,3231078412178310,,32,1,
2178923,3107842,3231078422178310,,32,1,
2178923,3107843,3231078432178310,,32,1,
2178923,3107844,3231078442178310,,32,1,
2178923,3107845,3231078452178310,,32,1,
2178923,3107840,331078402178310,,3,1,
2178923,3107841,331078412178310,,3,1,
2178923,3107842,331078422178310,,3,1,
2178923,3107843,331078432178310,,3,1,
2178923,3107844,331078442178310,,3,1,
2178923,3107845,331078452178310,,3,1,
2178923,3107840,3331078402178310,,33,1,
2178923,3107841,3331078412178310,,33,1,
2178923,3107842,3331078422178310,,33,1,
2178923,3107843,3331078432178310,,33,1,
2178923,3107844,3331078442178310,,33,1,
2178923,3107845,3331078452178310,,33,1,
2178923,3107840,3431078402178310,,34,1,
2178923,3107841,3431078412178310,,34,1,
2178923,3107842,3431078422178310,,34,1,
2178923,3107843,3431078432178310,,34,1,
2178923,3107844,3431078442178310,,34,1,
2178923,3107845,3431078452178310,,34,1,
2178923,3107840,3531078402178310,,35,1,
2178923,3107841,3531078412178310,,35,1,
2178923,3107842,3531078422178310,,35,1,
2178923,3107843,3531078432178310,,35,1,
2178923,3107844,3531078442178310,,35,1,
2178923,3107845,3531078452178310,,35,1,
2178923,3107840,3631078402178310,,36,1,
2178923,3107841,3631078412178310,,36,1,
2178923,3107842,3631078422178310,,36,1,
2178923,3107843,3631078432178310,,36,1,
2178923,3107844,3631078442178310,,36,1,
2178923,3107845,3631078452178310,,36,1,
2178923,3107840,3731078402178310,,37,1,
2178923,3107841,3731078412178310,,37,1,
2178923,3107842,3731078422178310,,37,1,
2178923,3107843,3731078432178310,,37,1,
2178923,3107844,3731078442178310,,37,1,
2178923,3107845,3731078452178310,,37,1,
2178923,3107840,3831078402178310,,38,1,
2178923,3107841,3831078412178310,,38,1,
2178923,3107842,3831078422178310,,38,1,
2178923,3107843,3831078432178310,,38,1,
2178923,3107844,3831078442178310,,38,1,
2178923,3107845,3831078452178310,,38,1,
2178923,3107840,3931078402178310,,39,1,
2178923,3107841,3931078412178310,,39,1,
2178923,3107842,3931078422178310,,39,1,
2178923,3107843,3931078432178310,,39,1,
2178923,3107844,3931078442178310,,39,1,
2178923,3107845,3931078452178310,,39,1,
2178923,3107840,4031078402178310,,40,1,
2178923,3107841,4031078412178310,,40,1,
2178923,3107842,4031078422178310,,40,1,
2178923,3107843,4031078432178310,,40,1,
2178923,3107844,4031078442178310,,40,1,
2178923,3107845,4031078452178310,,40,1,
2178923,3107840,4131078402178310,,41,1,
2178923,3107841,4131078412178310,,41,1,
2178923,3107842,4131078422178310,,41,1,
2178923,3107843,4131078432178310,,41,1,
2178923,3107844,4131078442178310,,41,1,
2178923,3107845,4131078452178310,,41,1,
2178923,3107840,4231078402178310,,42,1,
2178923,3107841,4231078412178310,,42,1,
2178923,3107842,4231078422178310,,42,1,
2178923,3107843,4231078432178310,,42,1,
2178923,3107844,4231078442178310,,42,1,
2178923,3107845,4231078452178310,,42,1,
2178923,3107840,431078402178310,,4,1,
2178923,3107841,431078412178310,,4,1,
2178923,3107842,431078422178310,,4,1,
2178923,3107843,431078432178310,,4,1,
2178923,3107844,431078442178310,,4,1,
2178923,3107845,431078452178310,,4,1,
2178923,3107840,4331078402178310,,43,1,
2178923,3107841,4331078412178310,,43,1,
2178923,3107842,4331078422178310,,43,1,
2178923,3107843,4331078432178310,,43,1,
2178923,3107844,4331078442178310,,43,1,
2178923,3107845,4331078452178310,,43,1,
2178923,3107840,4431078402178310,,44,1,
2178923,3107841,4431078412178310,,44,1,
2178923,3107842,4431078422178310,,44,1,
2178923,3107843,4431078432178310,,44,1,
2178923,3107844,4431078442178310,,44,1,
2178923,3107845,4431078452178310,,44,1,
2178923,3107840,4531078402178310,,45,1,
2178923,3107841,4531078412178310,,45,1,
2178923,3107842,4531078422178310,,45,1,
2178923,3107843,4531078432178310,,45,1,
2178923,3107844,4531078442178310,,45,1,
2178923,3107845,4531078452178310,,45,1,
2178923,3107840,4631078402178310,,46,1,
2178923,3107841,4631078412178310,,46,1,
2178923,3107842,4631078422178310,,46,1,
2178923,3107843,4631078432178310,,46,1,
2178923,3107844,4631078442178310,,46,1,
2178923,3107845,4631078452178310,,46,1,
2178923,3107840,4731078402178310,,47,1,
2178923,3107841,4731078412178310,,47,1,
2178923,3107842,4731078422178310,,47,1,
2178923,3107843,4731078432178310,,47,1,
2178923,3107844,4731078442178310,,47,1,
2178923,3107845,4731078452178310,,47,1,
2178923,3107840,4831078402178310,,48,1,
2178923,3107841,4831078412178310,,48,1,
2178923,3107842,4831078422178310,,48,1,
2178923,3107843,4831078432178310,,48,1,
2178923,3107844,4831078442178310,,48,1,
2178923,3107845,4831078452178310,,48,1,
2178923,3107840,4931078402178310,,49,1,
2178923,3107841,4931078412178310,,49,1,
2178923,3107842,4931078422178310,,49,1,
2178923,3107843,4931078432178310,,49,1,
2178923,3107844,4931078442178310,,49,1,
2178923,3107845,4931078452178310,,49,1,
2178923,3107840,5031078402178310,,50,1,
2178923,3107841,5031078412178310,,50,1,
2178923,3107842,5031078422178310,,50,1,
2178923,3107843,5031078432178310,,50,1,
2178923,3107844,5031078442178310,,50,1,
2178923,3107845,5031078452178310,,50,1,
2178923,3107840,5131078402178310,,51,1,
2178923,3107841,5131078412178310,,51,1,
2178923,3107842,5131078422178310,,51,1,
2178923,3107843,5131078432178310,,51,1,
2178923,3107844,5131078442178310,,51,1,
2178923,3107845,5131078452178310,,51,1,
2178923,3107840,5231078402178310,,52,1,
2178923,3107841,5231078412178310,,52,1,
2178923,3107842,5231078422178310,,52,1,
2178923,3107843,5231078432178310,,52,1,
2178923,3107844,5231078442178310,,52,1,
2178923,3107845,5231078452178310,,52,1,
2178923,3107840,531078402178310,,5,1,
2178923,3107841,531078412178310,,5,1,
2178923,3107842,531078422178310,,5,1,
2178923,3107843,531078432178310,,5,1,
2178923,3107844,531078442178310,,5,1,
2178923,3107845,531078452178310,,5,1,
2178923,3107840,5331078402178310,,53,1,
2178923,3107841,5331078412178310,,53,1,
2178923,3107842,5331078422178310,,53,1,
2178923,3107843,5331078432178310,,53,1,
2178923,3107844,5331078442178310,,53,1,
2178923,3107845,5331078452178310,,53,1,
2178923,3107840,5431078402178310,,54,1,
2178923,3107841,5431078412178310,,54,1,
2178923,3107842,5431078422178310,,54,1,
2178923,3107843,5431078432178310,,54,1,
2178923,3107844,5431078442178310,,54,1,
2178923,3107845,5431078452178310,,54,1,
2178923,3107840,5531078402178310,,55,1,
2178923,3107841,5531078412178310,,55,1,
2178923,3107842,5531078422178310,,55,1,
2178923,3107843,5531078432178310,,55,1,
2178923,3107844,5531078442178310,,55,1,
2178923,3107845,5531078452178310,,55,1,
2178923,3107840,5631078402178310,,56,1,
2178923,3107841,5631078412178310,,56,1,
2178923,3107842,5631078422178310,,56,1,
2178923,3107843,5631078432178310,,56,1,
2178923,3107844,5631078442178310,,56,1,
2178923,3107845,5631078452178310,,56,1,
2178923,3107840,5731078402178310,,57,1,
2178923,3107841,5731078412178310,,57,1,
2178923,3107842,5731078422178310,,57,1,
2178923,3107843,5731078432178310,,57,1,
2178923,3107844,5731078442178310,,57,1,
2178923,3107845,5731078452178310,,57,1,
2178923,3107840,5831078402178310,,58,1,
2178923,3107841,5831078412178310,,58,1,
2178923,3107842,5831078422178310,,58,1,
2178923,3107843,5831078432178310,,58,1,
2178923,3107844,5831078442178310,,58,1,
2178923,3107845,5831078452178310,,58,1,
2178923,3107840,5931078402178310,,59,1,
2178923,3107841,5931078412178310,,59,1,
2178923,3107842,5931078422178310,,59,1,
2178923,3107843,5931078432178310,,59,1,
2178923,3107844,5931078442178310,,59,1,
2178923,3107845,5931078452178310,,59,1,
2178923,3107840,6031078402178310,,60,1,
2178923,3107841,6031078412178310,,60,1,
2178923,3107842,6031078422178310,,60,1,
2178923,3107843,6031078432178310,,60,1,
2178923,3107844,6031078442178310,,60,1,
2178923,3107845,6031078452178310,,60,1,
2178923,3107840,6131078402178310,,61,1,
2178923,3107841,6131078412178310,,61,1,
2178923,3107842,6131078422178310,,61,1,
2178923,3107843,6131078432178310,,61,1,
2178923,3107844,6131078442178310,,61,1,
2178923,3107845,6131078452178310,,61,1,
2178923,3107840,6231078402178310,,62,1,
2178923,3107841,6231078412178310,,62,1,
2178923,3107842,6231078422178310,,62,1,
2178923,3107843,6231078432178310,,62,1,
2178923,3107844,6231078442178310,,62,1,
2178923,3107845,6231078452178310,,62,1,
2178923,3107840,631078402178310,,6,1,
2178923,3107841,631078412178310,,6,1,
2178923,3107842,631078422178310,,6,1,
2178923,3107843,631078432178310,,6,1,
2178923,3107844,631078442178310,,6,1,
2178923,3107845,631078452178310,,6,1,
2178923,3107840,6331078402178310,,63,1,
2178923,3107841,6331078412178310,,63,1,
2178923,3107842,6331078422178310,,63,1,
2178923,3107843,6331078432178310,,63,1,
2178923,3107844,6331078442178310,,63,1,
2178923,3107845,6331078452178310,,63,1,
2178923,3107840,6431078402178310,,64,1,
2178923,3107841,6431078412178310,,64,1,
2178923,3107842,6431078422178310,,64,1,
2178923,3107843,6431078432178310,,64,1,
2178923,3107844,6431078442178310,,64,1,
2178923,3107845,6431078452178310,,64,1,
2178923,3107840,6531078402178310,,65,1,
2178923,3107841,6531078412178310,,65,1,
2178923,3107842,6531078422178310,,65,1,
2178923,3107843,6531078432178310,,65,1,
2178923,3107844,6531078442178310,,65,1,
2178923,3107845,6531078452178310,,65,1,
2178923,3107840,6631078402178310,,66,1,
2178923,3107841,6631078412178310,,66,1,
2178923,3107842,6631078422178310,,66,1,
2178923,3107843,6631078432178310,,66,1,
2178923,3107844,6631078442178310,,66,1,
2178923,3107845,6631078452178310,,66,1,
2178923,3107840,6731078402178310,,67,1,
2178923,3107841,6731078412178310,,67,1,
2178923,3107842,6731078422178310,,67,1,
2178923,3107843,6731078432178310,,67,1,
2178923,3107844,6731078442178310,,67,1,
2178923,3107845,6731078452178310,,67,1,
2178923,3107840,6831078402178310,,68,1,
2178923,3107841,6831078412178310,,68,1,
2178923,3107842,6831078422178310,,68,1,
2178923,3107843,6831078432178310,,68,1,
2178923,3107844,6831078442178310,,68,1,
2178923,3107845,6831078452178310,,68,1,
2178923,3107840,6931078402178310,,69,1,
2178923,3107841,6931078412178310,,69,1,
2178923,3107842,6931078422178310,,69,1,
2178923,3107843,6931078432178310,,69,1,
2178923,3107844,6931078442178310,,69,1,
2178923,3107845,6931078452178310,,69,1,
2178923,3107840,7031078402178310,,70,1,
2178923,3107841,7031078412178310,,70,1,
2178923,3107842,7031078422178310,,70,1,
2178923,3107843,7031078432178310,,70,1,
2178923,3107844,7031078442178310,,70,1,
2178923,3107845,7031078452178310,,70,1,
2178923,3107840,7131078402178310,,71,1,
2178923,3107841,7131078412178310,,71,1,
2178923,3107842,7131078422178310,,71,1,
2178923,3107843,7131078432178310,,71,1,
2178923,3107844,7131078442178310,,71,1,
2178923,3107845,7131078452178310,,71,1,
2178923,3107840,7231078402178310,,72,1,
2178923,13107841,7231078412178310,,72,1,
2178923,3107842,7231078422178310,,72,1,
2178923,3107843,7231078432178310,,72,1,
2178923,3107844,7231078442178310,,72,1,
2178923,3107845,7231078452178310,,72,1,
2178923,3107840,731078402178310,,7,1,
2178923,3107841,731078412178310,,7,1,
2178923,3107842,731078422178310,,7,1,
2178923,3107843,731078432178310,,7,1,
2178923,3107844,731078442178310,,7,1,
2178923,3107845,731078452178310,,7,1,
2178923,3107840,7331078402178310,,73,1,
2178923,13107841,7331078412178310,,73,1,
2178923,3107842,7331078422178310,,73,1,
2178923,3107843,7331078432178310,,73,1,
2178923,3107844,7331078442178310,,73,1,
2178923,3107845,7331078452178310,,73,1,
2178923,3107840,7431078402178310,,74,1,
2178923,3107842,7431078422178310,,74,1,
2178923,3107843,7431078432178310,,74,1,
2178923,3107844,7431078442178310,,74,1,
2178923,3107845,7431078452178310,,74,1,
2178923,3107840,7531078402178310,,75,1,
2178923,3107842,7531078422178310,,75,1,
2178923,3107843,7531078432178310,,75,1,
2178923,3107844,7531078442178310,,75,1,
2178923,3107845,7531078452178310,,75,1,
2178923,13107840,7631078402178310,,76,1,
2178923,3107842,7631078422178310,,76,1,
2178923,3107843,7631078432178310,,76,1,
2178923,3107844,7631078442178310,,76,1,
2178923,3107845,7631078452178310,,76,1,
2178923,13107840,7731078402178310,,77,1,
2178923,3107842,7731078422178310,,77,1,
2178923,3107843,7731078432178310,,77,1,
2178923,3107844,7731078442178310,,77,1,
2178923,3107845,7731078452178310,,77,1,
2178923,3107842,7831078422178310,,78,1,
2178923,3107843,7831078432178310,,78,1,
2178923,3107844,7831078442178310,,78,1,
2178923,3107845,7831078452178310,,78,1,
2178923,3107842,7931078422178310,,79,1,
2178923,3107843,7931078432178310,,79,1,
2178923,3107844,7931078442178310,,79,1,
2178923,3107845,7931078452178310,,79,1,
2178923,3107842,8031078422178310,,80,1,
2178923,3107843,8031078432178310,,80,1,
2178923,3107844,8031078442178310,,80,1,
2178923,3107845,8031078452178310,,80,1,
2178923,3107842,8131078422178310,,81,1,
2178923,3107843,8131078432178310,,81,1,
2178923,3107844,8131078442178310,,81,1,
2178923,3107845,8131078452178310,,81,1,
2178923,3107842,8231078422178310,,82,1,
2178923,3107843,8231078432178310,,82,1,
2178923,3107844,8231078442178310,,82,1,
2178923,13107845,8231078452178310,,82,1,
2178923,3107840,831078402178310,,8,1,
2178923,3107841,831078412178310,,8,1,
2178923,3107842,831078422178310,,8,1,
2178923,3107843,831078432178310,,8,1,
2178923,3107844,831078442178310,,8,1,
2178923,3107845,831078452178310,,8,1,
2178923,3107842,8331078422178310,,83,1,
2178923,3107843,8331078432178310,,83,1,
2178923,3107844,8331078442178310,,83,1,
2178923,13107845,8331078452178310,,83,1,
2178923,3107842,8431078422178310,,84,1,
2178923,3107843,8431078432178310,,84,1,
2178923,3107844,8431078442178310,,84,1,
2178923,3107842,8531078422178310,,85,1,
2178923,3107843,8531078432178310,,85,1,
2178923,3107844,8531078442178310,,85,1,
2178923,3107842,8631078422178310,,86,1,
2178923,3107843,8631078432178310,,86,1,
2178923,3107844,8631078442178310,,86,1,
2178923,3107842,8731078422178310,,87,1,
2178923,3107843,8731078432178310,,87,1,
2178923,3107844,8731078442178310,,87,1,
2178923,3107842,8831078422178310,,88,1,
2178923,3107843,8831078432178310,,88,1,
2178923,3107844,8831078442178310,,88,1,
2178923,3107842,8931078422178310,,89,1,
2178923,3107843,8931078432178310,,89,1,
2178923,13107844,8931078442178310,,89,1,
2178923,3107842,9031078422178310,,90,1,
2178923,3107843,9031078432178310,,90,1,
2178923,13107844,9031078442178310,,90,1,
2178923,3107842,9131078422178310,,91,1,
2178923,3107843,9131078432178310,,91,1,
2178923,3107842,9231078422178310,,92,1,
2178923,3107843,9231078432178310,,92,1,
2178923,3107840,931078402178310,,9,1,
2178923,3107841,931078412178310,,9,1,
2178923,3107842,931078422178310,,9,1,
2178923,3107843,931078432178310,,9,1,
2178923,3107844,931078442178310,,9,1,
2178923,3107845,931078452178310,,9,1,
2178923,3107842,9331078422178310,,93,1,
2178923,3107843,9331078432178310,,93,1,
2178923,3107842,9431078422178310,,94,1,
2178923,3107843,9431078432178310,,94,1,
2178923,3107842,9531078422178310,,95,1,
2178923,3107843,9531078432178310,,95,1,
2178923,3107842,9631078422178310,,96,1,
2178923,3107843,9631078432178310,,96,1,
2178923,3107842,9731078422178310,,97,1,
2178923,3107843,9731078432178310,,97,1,
2178923,3107842,9831078422178310,,98,1,
2178923,3107843,9831078432178310,,98,1,
2178923,3107842,9931078422178310,,99,1,
2178923,3107843,9931078432178310,,99,1,
