route_id,service_id,trip_id,trip_headsign,trip_short_name,direction_id,shape_id
2165763,2975532,10029755320870126,,100,0,
2165763,2975535,10029755350870126,,100,0,
2165763,12975532,10129755320870126,,101,0,
2165763,12975535,10129755350870126,,101,0,
2165763,12975532,10229755320870126,,102,0,
2165763,12975535,10229755350870126,,102,0,
2165763,2975529,1029755290870126,,10,0,
2165763,2975530,1029755300870126,,10,0,
2165763,2975532,1029755320870126,,10,0,
2165763,2975533,1029755330870126,,10,0,
2165763,2975534,1029755340870126,,10,0,
2165763,2975535,1029755350870126,,10,0,
2165763,12975535,10329755350870126,,103,0,
2165763,12975535,10429755350870126,,104,0,
2165763,2975529,1129755290870126,,11,0,
2165763,2975530,1129755300870126,,11,0,
2165763,2975532,1129755320870126,,11,0,
2165763,2975533,1129755330870126,,11,0,
2165763,2975534,1129755340870126,,11,0,
2165763,2975535,1129755350870126,,11,0,
2165763,2975529,1229755290870126,,12,0,
2165763,2975530,1229755300870126,,12,0,
2165763,2975532,1229755320870126,,12,0,
2165763,2975533,1229755330870126,,12,0,
2165763,2975534,1229755340870126,,12,0,
2165763,2975535,1229755350870126,,12,0,
2165763,2975529,129755290870126,,1,0,
2165763,2975530,129755300870126,,1,0,
2165763,2975532,129755320870126,,1,0,
2165763,2975533,129755330870126,,1,0,
2165763,2975534,129755340870126,,1,0,
2165763,2975535,129755350870126,,1,0,
2165763,2975529,1329755290870126,,13,0,
2165763,2975530,1329755300870126,,13,0,
2165763,2975532,1329755320870126,,13,0,
2165763,2975533,1329755330870126,,13,0,
2165763,2975534,1329755340870126,,13,0,
2165763,2975535,1329755350870126,,13,0,
2165763,2975529,1429755290870126,,14,0,
2165763,2975530,1429755300870126,,14,0,
2165763,2975532,1429755320870126,,14,0,
2165763,2975533,1429755330870126,,14,0,
2165763,2975534,1429755340870126,,14,0,
2165763,2975535,1429755350870126,,14,0,
2165763,2975529,1529755290870126,,15,0,
2165763,2975530,1529755300870126,,15,0,
2165763,2975532,1529755320870126,,15,0,
2165763,2975533,1529755330870126,,15,0,
2165763,2975534,1529755340870126,,15,0,
2165763,2975535,1529755350870126,,15,0,
2165763,2975529,1629755290870126,,16,0,
2165763,2975530,1629755300870126,,16,0,
2165763,2975532,1629755320870126,,16,0,
2165763,2975533,1629755330870126,,16,0,
2165763,2975534,1629755340870126,,16,0,
2165763,2975535,1629755350870126,,16,0,
2165763,2975529,1729755290870126,,17,0,
2165763,2975530,1729755300870126,,17,0,
2165763,2975532,1729755320870126,,17,0,
2165763,2975533,1729755330870126,,17,0,
2165763,2975534,1729755340870126,,17,0,
2165763,2975535,1729755350870126,,17,0,
2165763,2975529,1829755290870126,,18,0,
2165763,2975530,1829755300870126,,18,0,
2165763,2975532,1829755320870126,,18,0,
2165763,2975533,1829755330870126,,18,0,
2165763,2975534,1829755340870126,,18,0,
2165763,2975535,1829755350870126,,18,0,
2165763,2975529,1929755290870126,,19,0,
2165763,2975530,1929755300870126,,19,0,
2165763,2975532,1929755320870126,,19,0,
2165763,2975533,1929755330870126,,19,0,
2165763,2975534,1929755340870126,,19,0,
2165763,2975535,1929755350870126,,19,0,
2165763,2975529,2029755290870126,,20,0,
2165763,2975530,2029755300870126,,20,0,
2165763,2975532,2029755320870126,,20,0,
2165763,2975533,2029755330870126,,20,0,
2165763,2975534,2029755340870126,,20,0,
2165763,2975535,2029755350870126,,20,0,
2165763,2975529,2129755290870126,,21,0,
2165763,2975530,2129755300870126,,21,0,
2165763,2975532,2129755320870126,,21,0,
2165763,2975533,2129755330870126,,21,0,
2165763,2975534,2129755340870126,,21,0,
2165763,2975535,2129755350870126,,21,0,
2165763,2975529,2229755290870126,,22,0,
2165763,2975530,2229755300870126,,22,0,
2165763,2975532,2229755320870126,,22,0,
2165763,2975533,2229755330870126,,22,0,
2165763,2975534,2229755340870126,,22,0,
2165763,2975535,2229755350870126,,22,0,
2165763,2975529,229755290870126,,2,0,
2165763,2975530,229755300870126,,2,0,
2165763,2975532,229755320870126,,2,0,
2165763,2975533,229755330870126,,2,0,
2165763,2975534,229755340870126,,2,0,
2165763,2975535,229755350870126,,2,0,
2165763,2975529,2329755290870126,,23,0,
2165763,2975530,2329755300870126,,23,0,
2165763,2975532,2329755320870126,,23,0,
2165763,2975533,2329755330870126,,23,0,
2165763,2975534,2329755340870126,,23,0,
2165763,2975535,2329755350870126,,23,0,
2165763,2975529,2429755290870126,,24,0,
2165763,2975530,2429755300870126,,24,0,
2165763,2975532,2429755320870126,,24,0,
2165763,2975533,2429755330870126,,24,0,
2165763,2975534,2429755340870126,,24,0,
2165763,2975535,2429755350870126,,24,0,
2165763,2975529,2529755290870126,,25,0,
2165763,2975530,2529755300870126,,25,0,
2165763,2975532,2529755320870126,,25,0,
2165763,2975533,2529755330870126,,25,0,
2165763,2975534,2529755340870126,,25,0,
2165763,2975535,2529755350870126,,25,0,
2165763,2975529,2629755290870126,,26,0,
2165763,2975530,2629755300870126,,26,0,
2165763,2975532,2629755320870126,,26,0,
2165763,2975533,2629755330870126,,26,0,
2165763,2975534,2629755340870126,,26,0,
2165763,2975535,2629755350870126,,26,0,
2165763,2975529,2729755290870126,,27,0,
2165763,2975530,2729755300870126,,27,0,
2165763,2975532,2729755320870126,,27,0,
2165763,2975533,2729755330870126,,27,0,
2165763,2975534,2729755340870126,,27,0,
2165763,2975535,2729755350870126,,27,0,
2165763,2975529,2829755290870126,,28,0,
2165763,2975530,2829755300870126,,28,0,
2165763,2975532,2829755320870126,,28,0,
2165763,2975533,2829755330870126,,28,0,
2165763,2975534,2829755340870126,,28,0,
2165763,2975535,2829755350870126,,28,0,
2165763,2975529,2929755290870126,,29,0,
2165763,2975530,2929755300870126,,29,0,
2165763,2975532,2929755320870126,,29,0,
2165763,2975533,2929755330870126,,29,0,
2165763,2975534,2929755340870126,,29,0,
2165763,2975535,2929755350870126,,29,0,
2165763,2975529,3029755290870126,,30,0,
2165763,2975530,3029755300870126,,30,0,
2165763,2975532,3029755320870126,,30,0,
2165763,2975533,3029755330870126,,30,0,
2165763,2975534,3029755340870126,,30,0,
2165763,2975535,3029755350870126,,30,0,
2165763,2975529,3129755290870126,,31,0,
2165763,2975530,3129755300870126,,31,0,
2165763,2975532,3129755320870126,,31,0,
2165763,2975533,3129755330870126,,31,0,
2165763,2975534,3129755340870126,,31,0,
2165763,2975535,3129755350870126,,31,0,
2165763,2975529,3229755290870126,,32,0,
2165763,2975530,3229755300870126,,32,0,
2165763,2975532,3229755320870126,,32,0,
2165763,2975533,3229755330870126,,32,0,
2165763,2975534,3229755340870126,,32,0,
2165763,2975535,3229755350870126,,32,0,
2165763,2975529,329755290870126,,3,0,
2165763,2975530,329755300870126,,3,0,
2165763,2975532,329755320870126,,3,0,
2165763,2975533,329755330870126,,3,0,
2165763,2975534,329755340870126,,3,0,
2165763,2975535,329755350870126,,3,0,
2165763,2975529,3329755290870126,,33,0,
2165763,2975530,3329755300870126,,33,0,
2165763,2975532,3329755320870126,,33,0,
2165763,2975533,3329755330870126,,33,0,
2165763,2975534,3329755340870126,,33,0,
2165763,2975535,3329755350870126,,33,0,
2165763,2975529,3429755290870126,,34,0,
2165763,2975530,3429755300870126,,34,0,
2165763,2975532,3429755320870126,,34,0,
2165763,2975533,3429755330870126,,34,0,
2165763,2975534,3429755340870126,,34,0,
2165763,2975535,3429755350870126,,34,0,
2165763,2975529,3529755290870126,,35,0,
2165763,2975530,3529755300870126,,35,0,
2165763,2975532,3529755320870126,,35,0,
2165763,2975533,3529755330870126,,35,0,
2165763,2975534,3529755340870126,,35,0,
2165763,2975535,3529755350870126,,35,0,
2165763,2975529,3629755290870126,,36,0,
2165763,2975530,3629755300870126,,36,0,
2165763,2975532,3629755320870126,,36,0,
2165763,2975533,3629755330870126,,36,0,
2165763,2975534,3629755340870126,,36,0,
2165763,2975535,3629755350870126,,36,0,
2165763,2975529,3729755290870126,,37,0,
2165763,2975530,3729755300870126,,37,0,
2165763,2975532,3729755320870126,,37,0,
2165763,2975533,3729755330870126,,37,0,
2165763,2975534,3729755340870126,,37,0,
2165763,2975535,3729755350870126,,37,0,
2165763,2975529,3829755290870126,,38,0,
2165763,2975530,3829755300870126,,38,0,
2165763,2975532,3829755320870126,,38,0,
2165763,2975533,3829755330870126,,38,0,
2165763,2975534,3829755340870126,,38,0,
2165763,2975535,3829755350870126,,38,0,
2165763,2975529,3929755290870126,,39,0,
2165763,2975530,3929755300870126,,39,0,
2165763,2975532,3929755320870126,,39,0,
2165763,2975533,3929755330870126,,39,0,
2165763,2975534,3929755340870126,,39,0,
2165763,2975535,3929755350870126,,39,0,
2165763,2975529,4029755290870126,,40,0,
2165763,2975530,4029755300870126,,40,0,
2165763,2975532,4029755320870126,,40,0,
2165763,2975533,4029755330870126,,40,0,
2165763,2975534,4029755340870126,,40,0,
2165763,2975535,4029755350870126,,40,0,
2165763,2975529,4129755290870126,,41,0,
2165763,2975530,4129755300870126,,41,0,
2165763,2975532,4129755320870126,,41,0,
2165763,2975533,4129755330870126,,41,0,
2165763,2975534,4129755340870126,,41,0,
2165763,2975535,4129755350870126,,41,0,
2165763,2975529,4229755290870126,,42,0,
2165763,2975530,4229755300870126,,42,0,
2165763,2975532,4229755320870126,,42,0,
2165763,2975533,4229755330870126,,42,0,
2165763,2975534,4229755340870126,,42,0,
2165763,2975535,4229755350870126,,42,0,
2165763,2975529,429755290870126,,4,0,
2165763,2975530,429755300870126,,4,0,
2165763,2975532,429755320870126,,4,0,
2165763,2975533,429755330870126,,4,0,
2165763,2975534,429755340870126,,4,0,
2165763,2975535,429755350870126,,4,0,
2165763,2975529,4329755290870126,,43,0,
2165763,2975530,4329755300870126,,43,0,
2165763,2975532,4329755320870126,,43,0,
2165763,2975533,4329755330870126,,43,0,
2165763,2975534,4329755340870126,,43,0,
2165763,2975535,4329755350870126,,43,0,
2165763,2975529,4429755290870126,,44,0,
2165763,2975530,4429755300870126,,44,0,
2165763,2975532,4429755320870126,,44,0,
2165763,2975533,4429755330870126,,44,0,
2165763,2975534,4429755340870126,,44,0,
2165763,2975535,4429755350870126,,44,0,
2165763,2975529,4529755290870126,,45,0,
2165763,2975530,4529755300870126,,45,0,
2165763,2975532,4529755320870126,,45,0,
2165763,2975533,4529755330870126,,45,0,
2165763,2975534,4529755340870126,,45,0,
2165763,2975535,4529755350870126,,45,0,
2165763,2975529,4629755290870126,,46,0,
2165763,2975530,4629755300870126,,46,0,
2165763,2975532,4629755320870126,,46,0,
2165763,2975533,4629755330870126,,46,0,
2165763,2975534,4629755340870126,,46,0,
2165763,2975535,4629755350870126,,46,0,
2165763,2975529,4729755290870126,,47,0,
2165763,2975530,4729755300870126,,47,0,
2165763,2975532,4729755320870126,,47,0,
2165763,2975533,4729755330870126,,47,0,
2165763,2975534,4729755340870126,,47,0,
2165763,2975535,4729755350870126,,47,0,
2165763,2975529,4829755290870126,,48,0,
2165763,2975530,4829755300870126,,48,0,
2165763,2975532,4829755320870126,,48,0,
2165763,2975533,4829755330870126,,48,0,
2165763,2975534,4829755340870126,,48,0,
2165763,2975535,4829755350870126,,48,0,
2165763,2975529,4929755290870126,,49,0,
2165763,2975530,4929755300870126,,49,0,
2165763,2975532,4929755320870126,,49,0,
2165763,2975533,4929755330870126,,49,0,
2165763,2975534,4929755340870126,,49,0,
2165763,2975535,4929755350870126,,49,0,
2165763,2975529,5029755290870126,,50,0,
2165763,2975530,5029755300870126,,50,0,
2165763,2975532,5029755320870126,,50,0,
2165763,2975533,5029755330870126,,50,0,
2165763,2975534,5029755340870126,,50,0,
2165763,2975535,5029755350870126,,50,0,
2165763,2975529,5129755290870126,,51,0,
2165763,2975530,5129755300870126,,51,0,
2165763,2975532,5129755320870126,,51,0,
2165763,2975533,5129755330870126,,51,0,
2165763,2975534,5129755340870126,,51,0,
2165763,2975535,5129755350870126,,51,0,
2165763,2975529,5229755290870126,,52,0,
2165763,2975530,5229755300870126,,52,0,
2165763,2975532,5229755320870126,,52,0,
2165763,2975533,5229755330870126,,52,0,
2165763,2975534,5229755340870126,,52,0,
2165763,2975535,5229755350870126,,52,0,
2165763,2975529,529755290870126,,5,0,
2165763,2975530,529755300870126,,5,0,
2165763,2975532,529755320870126,,5,0,
2165763,2975533,529755330870126,,5,0,
2165763,2975534,529755340870126,,5,0,
2165763,2975535,529755350870126,,5,0,
2165763,2975529,5329755290870126,,53,0,
2165763,2975530,5329755300870126,,53,0,
2165763,2975532,5329755320870126,,53,0,
2165763,2975533,5329755330870126,,53,0,
2165763,2975534,5329755340870126,,53,0,
2165763,2975535,5329755350870126,,53,0,
2165763,2975529,5429755290870126,,54,0,
2165763,2975530,5429755300870126,,54,0,
2165763,2975532,5429755320870126,,54,0,
2165763,2975533,5429755330870126,,54,0,
2165763,2975534,5429755340870126,,54,0,
2165763,2975535,5429755350870126,,54,0,
2165763,2975529,5529755290870126,,55,0,
2165763,2975530,5529755300870126,,55,0,
2165763,2975532,5529755320870126,,55,0,
2165763,2975533,5529755330870126,,55,0,
2165763,2975534,5529755340870126,,55,0,
2165763,2975535,5529755350870126,,55,0,
2165763,2975529,5629755290870126,,56,0,
2165763,2975530,5629755300870126,,56,0,
2165763,2975532,5629755320870126,,56,0,
2165763,2975533,5629755330870126,,56,0,
2165763,2975534,5629755340870126,,56,0,
2165763,2975535,5629755350870126,,56,0,
2165763,2975529,5729755290870126,,57,0,
2165763,2975530,5729755300870126,,57,0,
2165763,2975532,5729755320870126,,57,0,
2165763,2975533,5729755330870126,,57,0,
2165763,2975534,5729755340870126,,57,0,
2165763,2975535,5729755350870126,,57,0,
2165763,2975529,5829755290870126,,58,0,
2165763,2975530,5829755300870126,,58,0,
2165763,2975532,5829755320870126,,58,0,
2165763,2975533,5829755330870126,,58,0,
2165763,2975534,5829755340870126,,58,0,
2165763,2975535,5829755350870126,,58,0,
2165763,2975529,5929755290870126,,59,0,
2165763,2975530,5929755300870126,,59,0,
2165763,2975532,5929755320870126,,59,0,
2165763,2975533,5929755330870126,,59,0,
2165763,2975534,5929755340870126,,59,0,
2165763,2975535,5929755350870126,,59,0,
2165763,2975529,6029755290870126,,60,0,
2165763,2975530,6029755300870126,,60,0,
2165763,2975532,6029755320870126,,60,0,
2165763,2975533,6029755330870126,,60,0,
2165763,2975534,6029755340870126,,60,0,
2165763,2975535,6029755350870126,,60,0,
2165763,2975529,6129755290870126,,61,0,
2165763,2975530,6129755300870126,,61,0,
2165763,2975532,6129755320870126,,61,0,
2165763,2975533,6129755330870126,,61,0,
2165763,2975534,6129755340870126,,61,0,
2165763,2975535,6129755350870126,,61,0,
2165763,2975529,6229755290870126,,62,0,
2165763,2975530,6229755300870126,,62,0,
2165763,2975532,6229755320870126,,62,0,
2165763,2975533,6229755330870126,,62,0,
2165763,2975534,6229755340870126,,62,0,
2165763,2975535,6229755350870126,,62,0,
2165763,2975529,629755290870126,,6,0,
2165763,2975530,629755300870126,,6,0,
2165763,2975532,629755320870126,,6,0,
2165763,2975533,629755330870126,,6,0,
2165763,2975534,629755340870126,,6,0,
2165763,2975535,629755350870126,,6,0,
2165763,12975529,6329755290870126,,63,0,
2165763,12975530,6329755300870126,,63,0,
2165763,2975532,6329755320870126,,63,0,
2165763,2975533,6329755330870126,,63,0,
2165763,2975534,6329755340870126,,63,0,
2165763,2975535,6329755350870126,,63,0,
2165763,12975529,6429755290870126,,64,0,
2165763,2975532,6429755320870126,,64,0,
2165763,2975533,6429755330870126,,64,0,
2165763,2975534,6429755340870126,,64,0,
2165763,2975535,6429755350870126,,64,0,
2165763,12975529,6529755290870126,,65,0,
2165763,2975532,6529755320870126,,65,0,
2165763,2975533,6529755330870126,,65,0,
2165763,2975534,6529755340870126,,65,0,
2165763,2975535,6529755350870126,,65,0,
2165763,2975532,6629755320870126,,66,0,
2165763,2975533,6629755330870126,,66,0,
2165763,2975534,6629755340870126,,66,0,
2165763,2975535,6629755350870126,,66,0,
2165763,2975532,6729755320870126,,67,0,
2165763,2975533,6729755330870126,,67,0,
2165763,2975534,6729755340870126,,67,0,
2165763,2975535,6729755350870126,,67,0,
2165763,2975532,6829755320870126,,68,0,
2165763,2975533,6829755330870126,,68,0,
2165763,2975534,6829755340870126,,68,0,
2165763,2975535,6829755350870126,,68,0,
2165763,2975532,6929755320870126,,69,0,
2165763,2975533,6929755330870126,,69,0,
2165763,2975534,6929755340870126,,69,0,
2165763,2975535,6929755350870126,,69,0,
2165763,2975532,7029755320870126,,70,0,
2165763,2975533,7029755330870126,,70,0,
2165763,12975534,7029755340870126,,70,0,
2165763,2975535,7029755350870126,,70,0,
2165763,2975532,7129755320870126,,71,0,
2165763,2975533,7129755330870126,,71,0,
2165763,12975534,7129755340870126,,71,0,
2165763,2975535,7129755350870126,,71,0,
2165763,2975532,7229755320870126,,72,0,
2165763,2975533,7229755330870126,,72,0,
2165763,12975534,7229755340870126,,72,0,
2165763,2975535,7229755350870126,,72,0,
2165763,2975529,729755290870126,,7,0,
2165763,2975530,729755300870126,,7,0,
2165763,2975532,729755320870126,,7,0,
2165763,2975533,729755330870126,,7,0,
2165763,2975534,729755340870126,,7,0,
2165763,2975535,729755350870126,,7,0,
2165763,2975532,7329755320870126,,73,0,
2165763,12975533,7329755330870126,,73,0,
2165763,2975535,7329755350870126,,73,0,
2165763,2975532,7429755320870126,,74,0,
2165763,12975533,7429755330870126,,74,0,
2165763,2975535,7429755350870126,,74,0,
2165763,2975532,7529755320870126,,75,0,
2165763,12975533,7529755330870126,,75,0,
2165763,2975535,7529755350870126,,75,0,
2165763,2975532,7629755320870126,,76,0,
2165763,2975535,7629755350870126,,76,0,
2165763,2975532,7729755320870126,,77,0,
2165763,2975535,7729755350870126,,77,0,
2165763,2975532,7829755320870126,,78,0,
2165763,2975535,7829755350870126,,78,0,
2165763,2975532,7929755320870126,,79,0,
2165763,2975535,7929755350870126,,79,0,
2165763,2975532,8029755320870126,,80,0,
2165763,2975535,8029755350870126,,80,0,
2165763,2975532,8129755320870126,,81,0,
2165763,2975535,8129755350870126,,81,0,
2165763,2975532,8229755320870126,,82,0,
2165763,2975535,8229755350870126,,82,0,
2165763,2975529,829755290870126,,8,0,
2165763,2975530,829755300870126,,8,0,
2165763,2975532,829755320870126,,8,0,
2165763,2975533,829755330870126,,8,0,
2165763,2975534,829755340870126,,8,0,
2165763,2975535,829755350870126,,8,0,
2165763,2975532,8329755320870126,,83,0,
2165763,2975535,8329755350870126,,83,0,
2165763,2975532,8429755320870126,,84,0,
2165763,2975535,8429755350870126,,84,0,
2165763,2975532,8529755320870126,,85,0,
2165763,2975535,8529755350870126,,85,0,
2165763,2975532,8629755320870126,,86,0,
2165763,2975535,8629755350870126,,86,0,
2165763,2975532,8729755320870126,,87,0,
2165763,2975535,8729755350870126,,87,0,
2165763,2975532,8829755320870126,,88,0,
2165763,2975535,8829755350870126,,88,0,
2165763,2975532,8929755320870126,,89,0,
2165763,2975535,8929755350870126,,89,0,
2165763,2975532,9029755320870126,,90,0,
2165763,2975535,9029755350870126,,90,0,
2165763,2975532,9129755320870126,,91,0,
2165763,2975535,9129755350870126,,91,0,
2165763,2975532,9229755320870126,,92,0,
2165763,2975535,9229755350870126,,92,0,
2165763,2975529,929755290870126,,9,0,
2165763,2975530,929755300870126,,9,0,
2165763,2975532,929755320870126,,9,0,
2165763,2975533,929755330870126,,9,0,
2165763,2975534,929755340870126,,9,0,
2165763,2975535,929755350870126,,9,0,
2165763,2975532,9329755320870126,,93,0,
2165763,2975535,9329755350870126,,93,0,
2165763,2975532,9429755320870126,,94,0,
2165763,2975535,9429755350870126,,94,0,
2165763,2975532,9529755320870126,,95,0,
2165763,2975535,9529755350870126,,95,0,
2165763,2975532,9629755320870126,,96,0,
2165763,2975535,9629755350870126,,96,0,
2165763,2975532,9729755320870126,,97,0,
2165763,2975535,9729755350870126,,97,0,
2165763,2975532,9829755320870126,,98,0,
2165763,2975535,9829755350870126,,98,0,
2165763,2975532,9929755320870126,,99,0,
2165763,2975535,9929755350870126,,99,0,
2165764,2975532,10029755320870127,,100,1,
2165764,2975535,10029755350870127,,100,1,
2165764,2975532,10129755320870127,,101,1,
2165764,2975535,10129755350870127,,101,1,
2165764,2975532,10229755320870127,,102,1,
2165764,2975535,10229755350870127,,102,1,
2165764,2975529,1029755290870127,,10,1,
2165764,2975530,1029755300870127,,10,1,
2165764,2975532,1029755320870127,,10,1,
2165764,2975533,1029755330870127,,10,1,
2165764,2975534,1029755340870127,,10,1,
2165764,2975535,1029755350870127,,10,1,
2165764,2975532,10329755320870127,,103,1,
2165764,2975535,10329755350870127,,103,1,
2165764,12975535,10429755350870127,,104,1,
2165764,12975535,10529755350870127,,105,1,
2165764,2975529,1129755290870127,,11,1,
2165764,2975530,1129755300870127,,11,1,
2165764,2975532,1129755320870127,,11,1,
2165764,2975533,1129755330870127,,11,1,
2165764,2975534,1129755340870127,,11,1,
2165764,2975535,1129755350870127,,11,1,
2165764,2975529,1229755290870127,,12,1,
2165764,2975530,1229755300870127,,12,1,
2165764,2975532,1229755320870127,,12,1,
2165764,2975533,1229755330870127,,12,1,
2165764,2975534,1229755340870127,,12,1,
2165764,2975535,1229755350870127,,12,1,
2165764,2975529,129755290870127,,1,1,
2165764,2975530,129755300870127,,1,1,
2165764,2975532,129755320870127,,1,1,
2165764,2975533,129755330870127,,1,1,
2165764,2975534,129755340870127,,1,1,
2165764,2975535,129755350870127,,1,1,
2165764,2975529,1329755290870127,,13,1,
2165764,2975530,1329755300870127,,13,1,
2165764,2975532,1329755320870127,,13,1,
2165764,2975533,1329755330870127,,13,1,
2165764,2975534,1329755340870127,,13,1,
2165764,2975535,1329755350870127,,13,1,
2165764,2975529,1429755290870127,,14,1,
2165764,2975530,1429755300870127,,14,1,
2165764,2975532,1429755320870127,,14,1,
2165764,2975533,1429755330870127,,14,1,
2165764,2975534,1429755340870127,,14,1,
2165764,2975535,1429755350870127,,14,1,
2165764,2975529,1529755290870127,,15,1,
2165764,2975530,1529755300870127,,15,1,
2165764,2975532,1529755320870127,,15,1,
2165764,2975533,1529755330870127,,15,1,
2165764,2975534,1529755340870127,,15,1,
2165764,2975535,1529755350870127,,15,1,
2165764,2975529,1629755290870127,,16,1,
2165764,2975530,1629755300870127,,16,1,
2165764,2975532,1629755320870127,,16,1,
2165764,2975533,1629755330870127,,16,1,
2165764,2975534,1629755340870127,,16,1,
2165764,2975535,1629755350870127,,16,1,
2165764,2975529,1729755290870127,,17,1,
2165764,2975530,1729755300870127,,17,1,
2165764,2975532,1729755320870127,,17,1,
2165764,2975533,1729755330870127,,17,1,
2165764,2975534,1729755340870127,,17,1,
2165764,2975535,1729755350870127,,17,1,
2165764,2975529,1829755290870127,,18,1,
2165764,2975530,1829755300870127,,18,1,
2165764,2975532,1829755320870127,,18,1,
2165764,2975533,1829755330870127,,18,1,
2165764,2975534,1829755340870127,,18,1,
2165764,2975535,1829755350870127,,18,1,
2165764,2975529,1929755290870127,,19,1,
2165764,2975530,1929755300870127,,19,1,
2165764,2975532,1929755320870127,,19,1,
2165764,2975533,1929755330870127,,19,1,
2165764,2975534,1929755340870127,,19,1,
2165764,2975535,1929755350870127,,19,1,
2165764,2975529,2029755290870127,,20,1,
2165764,2975530,2029755300870127,,20,1,
2165764,2975532,2029755320870127,,20,1,
2165764,2975533,2029755330870127,,20,1,
2165764,2975534,2029755340870127,,20,1,
2165764,2975535,2029755350870127,,20,1,
2165764,2975529,2129755290870127,,21,1,
2165764,2975530,2129755300870127,,21,1,
2165764,2975532,2129755320870127,,21,1,
2165764,2975533,2129755330870127,,21,1,
2165764,2975534,2129755340870127,,21,1,
2165764,2975535,2129755350870127,,21,1,
2165764,2975529,2229755290870127,,22,1,
2165764,2975530,2229755300870127,,22,1,
2165764,2975532,2229755320870127,,22,1,
2165764,2975533,2229755330870127,,22,1,
2165764,2975534,2229755340870127,,22,1,
2165764,2975535,2229755350870127,,22,1,
2165764,2975529,229755290870127,,2,1,
2165764,2975530,229755300870127,,2,1,
2165764,2975532,229755320870127,,2,1,
2165764,2975533,229755330870127,,2,1,
2165764,2975534,229755340870127,,2,1,
2165764,2975535,229755350870127,,2,1,
2165764,2975529,2329755290870127,,23,1,
2165764,2975530,2329755300870127,,23,1,
2165764,2975532,2329755320870127,,23,1,
2165764,2975533,2329755330870127,,23,1,
2165764,2975534,2329755340870127,,23,1,
2165764,2975535,2329755350870127,,23,1,
2165764,2975529,2429755290870127,,24,1,
2165764,2975530,2429755300870127,,24,1,
2165764,2975532,2429755320870127,,24,1,
2165764,2975533,2429755330870127,,24,1,
2165764,2975534,2429755340870127,,24,1,
2165764,2975535,2429755350870127,,24,1,
2165764,2975529,2529755290870127,,25,1,
2165764,2975530,2529755300870127,,25,1,
2165764,2975532,2529755320870127,,25,1,
2165764,2975533,2529755330870127,,25,1,
2165764,2975534,2529755340870127,,25,1,
2165764,2975535,2529755350870127,,25,1,
2165764,2975529,2629755290870127,,26,1,
2165764,2975530,2629755300870127,,26,1,
2165764,2975532,2629755320870127,,26,1,
2165764,2975533,2629755330870127,,26,1,
2165764,2975534,2629755340870127,,26,1,
2165764,2975535,2629755350870127,,26,1,
2165764,2975529,2729755290870127,,27,1,
2165764,2975530,2729755300870127,,27,1,
2165764,2975532,2729755320870127,,27,1,
2165764,2975533,2729755330870127,,27,1,
2165764,2975534,2729755340870127,,27,1,
2165764,2975535,2729755350870127,,27,1,
2165764,2975529,2829755290870127,,28,1,
2165764,2975530,2829755300870127,,28,1,
2165764,2975532,2829755320870127,,28,1,
2165764,2975533,2829755330870127,,28,1,
2165764,2975534,2829755340870127,,28,1,
2165764,2975535,2829755350870127,,28,1,
2165764,2975529,2929755290870127,,29,1,
2165764,2975530,2929755300870127,,29,1,
2165764,2975532,2929755320870127,,29,1,
2165764,2975533,2929755330870127,,29,1,
2165764,2975534,2929755340870127,,29,1,
2165764,2975535,2929755350870127,,29,1,
2165764,2975529,3029755290870127,,30,1,
2165764,2975530,3029755300870127,,30,1,
2165764,2975532,3029755320870127,,30,1,
2165764,2975533,3029755330870127,,30,1,
2165764,2975534,3029755340870127,,30,1,
2165764,2975535,3029755350870127,,30,1,
2165764,2975529,3129755290870127,,31,1,
2165764,2975530,3129755300870127,,31,1,
2165764,2975532,3129755320870127,,31,1,
2165764,2975533,3129755330870127,,31,1,
2165764,2975534,3129755340870127,,31,1,
2165764,2975535,3129755350870127,,31,1,
2165764,2975529,3229755290870127,,32,1,
2165764,2975530,3229755300870127,,32,1,
2165764,2975532,3229755320870127,,32,1,
2165764,2975533,3229755330870127,,32,1,
2165764,2975534,3229755340870127,,32,1,
2165764,2975535,3229755350870127,,32,1,
2165764,2975529,329755290870127,,3,1,
2165764,2975530,329755300870127,,3,1,
2165764,2975532,329755320870127,,3,1,
2165764,2975533,329755330870127,,3,1,
2165764,2975534,329755340870127,,3,1,
2165764,2975535,329755350870127,,3,1,
2165764,2975529,3329755290870127,,33,1,
2165764,2975530,3329755300870127,,33,1,
2165764,2975532,3329755320870127,,33,1,
2165764,2975533,3329755330870127,,33,1,
2165764,2975534,3329755340870127,,33,1,
2165764,2975535,3329755350870127,,33,1,
2165764,2975529,3429755290870127,,34,1,
2165764,2975530,3429755300870127,,34,1,
2165764,2975532,3429755320870127,,34,1,
2165764,2975533,3429755330870127,,34,1,
2165764,2975534,3429755340870127,,34,1,
2165764,2975535,3429755350870127,,34,1,
2165764,2975529,3529755290870127,,35,1,
2165764,2975530,3529755300870127,,35,1,
2165764,2975532,3529755320870127,,35,1,
2165764,2975533,3529755330870127,,35,1,
2165764,2975534,3529755340870127,,35,1,
2165764,2975535,3529755350870127,,35,1,
2165764,2975529,3629755290870127,,36,1,
2165764,2975530,3629755300870127,,36,1,
2165764,2975532,3629755320870127,,36,1,
2165764,2975533,3629755330870127,,36,1,
2165764,2975534,3629755340870127,,36,1,
2165764,2975535,3629755350870127,,36,1,
2165764,2975529,3729755290870127,,37,1,
2165764,2975530,3729755300870127,,37,1,
2165764,2975532,3729755320870127,,37,1,
2165764,2975533,3729755330870127,,37,1,
2165764,2975534,3729755340870127,,37,1,
2165764,2975535,3729755350870127,,37,1,
2165764,2975529,3829755290870127,,38,1,
2165764,2975530,3829755300870127,,38,1,
2165764,2975532,3829755320870127,,38,1,
2165764,2975533,3829755330870127,,38,1,
2165764,2975534,3829755340870127,,38,1,
2165764,2975535,3829755350870127,,38,1,
2165764,2975529,3929755290870127,,39,1,
2165764,2975530,3929755300870127,,39,1,
2165764,2975532,3929755320870127,,39,1,
2165764,2975533,3929755330870127,,39,1,
2165764,2975534,3929755340870127,,39,1,
2165764,2975535,3929755350870127,,39,1,
2165764,2975529,4029755290870127,,40,1,
2165764,2975530,4029755300870127,,40,1,
2165764,2975532,4029755320870127,,40,1,
2165764,2975533,4029755330870127,,40,1,
2165764,2975534,4029755340870127,,40,1,
2165764,2975535,4029755350870127,,40,1,
2165764,2975529,4129755290870127,,41,1,
2165764,2975530,4129755300870127,,41,1,
2165764,2975532,4129755320870127,,41,1,
2165764,2975533,4129755330870127,,41,1,
2165764,2975534,4129755340870127,,41,1,
2165764,2975535,4129755350870127,,41,1,
2165764,2975529,4229755290870127,,42,1,
2165764,2975530,4229755300870127,,42,1,
2165764,2975532,4229755320870127,,42,1,
2165764,2975533,4229755330870127,,42,1,
2165764,2975534,4229755340870127,,42,1,
2165764,2975535,4229755350870127,,42,1,
2165764,2975529,429755290870127,,4,1,
2165764,2975530,429755300870127,,4,1,
2165764,2975532,429755320870127,,4,1,
2165764,2975533,429755330870127,,4,1,
2165764,2975534,429755340870127,,4,1,
2165764,2975535,429755350870127,,4,1,
2165764,2975529,4329755290870127,,43,1,
2165764,2975530,4329755300870127,,43,1,
2165764,2975532,4329755320870127,,43,1,
2165764,2975533,4329755330870127,,43,1,
2165764,2975534,4329755340870127,,43,1,
2165764,2975535,4329755350870127,,43,1,
2165764,2975529,4429755290870127,,44,1,
2165764,2975530,4429755300870127,,44,1,
2165764,2975532,4429755320870127,,44,1,
2165764,2975533,4429755330870127,,44,1,
2165764,2975534,4429755340870127,,44,1,
2165764,2975535,4429755350870127,,44,1,
2165764,2975529,4529755290870127,,45,1,
2165764,2975530,4529755300870127,,45,1,
2165764,2975532,4529755320870127,,45,1,
2165764,2975533,4529755330870127,,45,1,
2165764,2975534,4529755340870127,,45,1,
2165764,2975535,4529755350870127,,45,1,
2165764,2975529,4629755290870127,,46,1,
2165764,2975530,4629755300870127,,46,1,
2165764,2975532,4629755320870127,,46,1,
2165764,2975533,4629755330870127,,46,1,
2165764,2975534,4629755340870127,,46,1,
2165764,2975535,4629755350870127,,46,1,
2165764,2975529,4729755290870127,,47,1,
2165764,2975530,4729755300870127,,47,1,
2165764,2975532,4729755320870127,,47,1,
2165764,2975533,4729755330870127,,47,1,
2165764,2975534,4729755340870127,,47,1,
2165764,2975535,4729755350870127,,47,1,
2165764,2975529,4829755290870127,,48,1,
2165764,2975530,4829755300870127,,48,1,
2165764,2975532,4829755320870127,,48,1,
2165764,2975533,4829755330870127,,48,1,
2165764,2975534,4829755340870127,,48,1,
2165764,2975535,4829755350870127,,48,1,
2165764,2975529,4929755290870127,,49,1,
2165764,2975530,4929755300870127,,49,1,
2165764,2975532,4929755320870127,,49,1,
2165764,2975533,4929755330870127,,49,1,
2165764,2975534,4929755340870127,,49,1,
2165764,2975535,4929755350870127,,49,1,
2165764,2975529,5029755290870127,,50,1,
2165764,2975530,5029755300870127,,50,1,
2165764,2975532,5029755320870127,,50,1,
2165764,2975533,5029755330870127,,50,1,
2165764,2975534,5029755340870127,,50,1,
2165764,2975535,5029755350870127,,50,1,
2165764,2975529,5129755290870127,,51,1,
2165764,2975530,5129755300870127,,51,1,
2165764,2975532,5129755320870127,,51,1,
2165764,2975533,5129755330870127,,51,1,
2165764,2975534,5129755340870127,,51,1,
2165764,2975535,5129755350870127,,51,1,
2165764,2975529,5229755290870127,,52,1,
2165764,2975530,5229755300870127,,52,1,
2165764,2975532,5229755320870127,,52,1,
2165764,2975533,5229755330870127,,52,1,
2165764,2975534,5229755340870127,,52,1,
2165764,2975535,5229755350870127,,52,1,
2165764,2975529,529755290870127,,5,1,
2165764,2975530,529755300870127,,5,1,
2165764,2975532,529755320870127,,5,1,
2165764,2975533,529755330870127,,5,1,
2165764,2975534,529755340870127,,5,1,
2165764,2975535,529755350870127,,5,1,
2165764,2975529,5329755290870127,,53,1,
2165764,2975530,5329755300870127,,53,1,
2165764,2975532,5329755320870127,,53,1,
2165764,2975533,5329755330870127,,53,1,
2165764,2975534,5329755340870127,,53,1,
2165764,2975535,5329755350870127,,53,1,
2165764,2975529,5429755290870127,,54,1,
2165764,2975530,5429755300870127,,54,1,
2165764,2975532,5429755320870127,,54,1,
2165764,2975533,5429755330870127,,54,1,
2165764,2975534,5429755340870127,,54,1,
2165764,2975535,5429755350870127,,54,1,
2165764,2975529,5529755290870127,,55,1,
2165764,2975530,5529755300870127,,55,1,
2165764,2975532,5529755320870127,,55,1,
2165764,2975533,5529755330870127,,55,1,
2165764,2975534,5529755340870127,,55,1,
2165764,2975535,5529755350870127,,55,1,
2165764,2975529,5629755290870127,,56,1,
2165764,2975530,5629755300870127,,56,1,
2165764,2975532,5629755320870127,,56,1,
2165764,2975533,5629755330870127,,56,1,
2165764,2975534,5629755340870127,,56,1,
2165764,2975535,5629755350870127,,56,1,
2165764,2975529,5729755290870127,,57,1,
2165764,2975530,5729755300870127,,57,1,
2165764,2975532,5729755320870127,,57,1,
2165764,2975533,5729755330870127,,57,1,
2165764,2975534,5729755340870127,,57,1,
2165764,2975535,5729755350870127,,57,1,
2165764,2975529,5829755290870127,,58,1,
2165764,2975530,5829755300870127,,58,1,
2165764,2975532,5829755320870127,,58,1,
2165764,2975533,5829755330870127,,58,1,
2165764,2975534,5829755340870127,,58,1,
2165764,2975535,5829755350870127,,58,1,
2165764,2975529,5929755290870127,,59,1,
2165764,2975530,5929755300870127,,59,1,
2165764,2975532,5929755320870127,,59,1,
2165764,2975533,5929755330870127,,59,1,
2165764,2975534,5929755340870127,,59,1,
2165764,2975535,5929755350870127,,59,1,
2165764,2975529,6029755290870127,,60,1,
2165764,2975530,6029755300870127,,60,1,
2165764,2975532,6029755320870127,,60,1,
2165764,2975533,6029755330870127,,60,1,
2165764,2975534,6029755340870127,,60,1,
2165764,2975535,6029755350870127,,60,1,
2165764,2975529,6129755290870127,,61,1,
2165764,2975530,6129755300870127,,61,1,
2165764,2975532,6129755320870127,,61,1,
2165764,2975533,6129755330870127,,61,1,
2165764,2975534,6129755340870127,,61,1,
2165764,2975535,6129755350870127,,61,1,
2165764,2975529,6229755290870127,,62,1,
2165764,2975530,6229755300870127,,62,1,
2165764,2975532,6229755320870127,,62,1,
2165764,2975533,6229755330870127,,62,1,
2165764,2975534,6229755340870127,,62,1,
2165764,2975535,6229755350870127,,62,1,
2165764,2975529,629755290870127,,6,1,
2165764,2975530,629755300870127,,6,1,
2165764,2975532,629755320870127,,6,1,
2165764,2975533,629755330870127,,6,1,
2165764,2975534,629755340870127,,6,1,
2165764,2975535,629755350870127,,6,1,
2165764,2975529,6329755290870127,,63,1,
2165764,2975530,6329755300870127,,63,1,
2165764,2975532,6329755320870127,,63,1,
2165764,2975533,6329755330870127,,63,1,
2165764,2975534,6329755340870127,,63,1,
2165764,2975535,6329755350870127,,63,1,
2165764,12975529,6429755290870127,,64,1,
2165764,2975532,6429755320870127,,64,1,
2165764,2975533,6429755330870127,,64,1,
2165764,2975534,6429755340870127,,64,1,
2165764,2975535,6429755350870127,,64,1,
2165764,12975529,6529755290870127,,65,1,
2165764,2975532,6529755320870127,,65,1,
2165764,2975533,6529755330870127,,65,1,
2165764,2975534,6529755340870127,,65,1,
2165764,2975535,6529755350870127,,65,1,
2165764,2975532,6629755320870127,,66,1,
2165764,2975533,6629755330870127,,66,1,
2165764,2975534,6629755340870127,,66,1,
2165764,2975535,6629755350870127,,66,1,
2165764,2975532,6729755320870127,,67,1,
2165764,2975533,6729755330870127,,67,1,
2165764,2975534,6729755340870127,,67,1,
2165764,2975535,6729755350870127,,67,1,
2165764,2975532,6829755320870127,,68,1,
2165764,2975533,6829755330870127,,68,1,
2165764,2975534,6829755340870127,,68,1,
2165764,2975535,6829755350870127,,68,1,
2165764,2975532,6929755320870127,,69,1,
2165764,2975533,6929755330870127,,69,1,
2165764,12975534,6929755340870127,,69,1,
2165764,2975535,6929755350870127,,69,1,
2165764,2975532,7029755320870127,,70,1,
2165764,2975533,7029755330870127,,70,1,
2165764,12975534,7029755340870127,,70,1,
2165764,2975535,7029755350870127,,70,1,
2165764,2975532,7129755320870127,,71,1,
2165764,2975533,7129755330870127,,71,1,
2165764,2975535,7129755350870127,,71,1,
2165764,2975532,7229755320870127,,72,1,
2165764,2975533,7229755330870127,,72,1,
2165764,2975535,7229755350870127,,72,1,
2165764,2975529,729755290870127,,7,1,
2165764,2975530,729755300870127,,7,1,
2165764,2975532,729755320870127,,7,1,
2165764,2975533,729755330870127,,7,1,
2165764,2975534,729755340870127,,7,1,
2165764,2975535,729755350870127,,7,1,
2165764,2975532,7329755320870127,,73,1,
2165764,12975533,7329755330870127,,73,1,
2165764,2975535,7329755350870127,,73,1,
2165764,2975532,7429755320870127,,74,1,
2165764,12975533,7429755330870127,,74,1,
2165764,2975535,7429755350870127,,74,1,
2165764,2975532,7529755320870127,,75,1,
2165764,2975535,7529755350870127,,75,1,
2165764,2975532,7629755320870127,,76,1,
2165764,2975535,7629755350870127,,76,1,
2165764,2975532,7729755320870127,,77,1,
2165764,2975535,7729755350870127,,77,1,
2165764,2975532,7829755320870127,,78,1,
2165764,2975535,7829755350870127,,78,1,
2165764,2975532,7929755320870127,,79,1,
2165764,2975535,7929755350870127,,79,1,
2165764,2975532,8029755320870127,,80,1,
2165764,2975535,8029755350870127,,80,1,
2165764,2975532,8129755320870127,,81,1,
2165764,2975535,8129755350870127,,81,1,
2165764,2975532,8229755320870127,,82,1,
2165764,2975535,8229755350870127,,82,1,
2165764,2975529,829755290870127,,8,1,
2165764,2975530,829755300870127,,8,1,
2165764,2975532,829755320870127,,8,1,
2165764,2975533,829755330870127,,8,1,
2165764,2975534,829755340870127,,8,1,
2165764,2975535,829755350870127,,8,1,
2165764,2975532,8329755320870127,,83,1,
2165764,2975535,8329755350870127,,83,1,
2165764,2975532,8429755320870127,,84,1,
2165764,2975535,8429755350870127,,84,1,
2165764,2975532,8529755320870127,,85,1,
2165764,2975535,8529755350870127,,85,1,
2165764,2975532,8629755320870127,,86,1,
2165764,2975535,8629755350870127,,86,1,
2165764,2975532,8729755320870127,,87,1,
2165764,2975535,8729755350870127,,87,1,
2165764,2975532,8829755320870127,,88,1,
2165764,2975535,8829755350870127,,88,1,
2165764,2975532,8929755320870127,,89,1,
2165764,2975535,8929755350870127,,89,1,
2165764,2975532,9029755320870127,,90,1,
2165764,2975535,9029755350870127,,90,1,
2165764,2975532,9129755320870127,,91,1,
2165764,2975535,9129755350870127,,91,1,
2165764,2975532,9229755320870127,,92,1,
2165764,2975535,9229755350870127,,92,1,
2165764,2975529,929755290870127,,9,1,
2165764,2975530,929755300870127,,9,1,
2165764,2975532,929755320870127,,9,1,
2165764,2975533,929755330870127,,9,1,
2165764,2975534,929755340870127,,9,1,
2165764,2975535,929755350870127,,9,1,
2165764,2975532,9329755320870127,,93,1,
2165764,2975535,9329755350870127,,93,1,
2165764,2975532,9429755320870127,,94,1,
2165764,2975535,9429755350870127,,94,1,
2165764,2975532,9529755320870127,,95,1,
2165764,2975535,9529755350870127,,95,1,
2165764,2975532,9629755320870127,,96,1,
2165764,2975535,9629755350870127,,96,1,
2165764,2975532,9729755320870127,,97,1,
2165764,2975535,9729755350870127,,97,1,
2165764,2975532,9829755320870127,,98,1,
2165764,2975535,9829755350870127,,98,1,
2165764,2975532,9929755320870127,,99,1,
2165764,2975535,9929755350870127,,99,1,
