route_id,service_id,trip_id,trip_headsign,trip_short_name,direction_id,shape_id
2037281,3052629,10030526292013304,,100,1,
2037281,3052630,10030526302013304,,100,1,
2037281,3052631,10030526312013304,,100,1,
2037281,3052632,10030526322013304,,100,1,
2037281,3052629,10130526292013304,,101,1,
2037281,3052630,10130526302013304,,101,1,
2037281,3052631,10130526312013304,,101,1,
2037281,3052632,10130526322013304,,101,1,
2037281,3052629,10230526292013304,,102,1,
2037281,3052630,10230526302013304,,102,1,
2037281,3052631,10230526312013304,,102,1,
2037281,3052632,10230526322013304,,102,1,
2037281,3052629,1030526292013304,,10,1,
2037281,3052630,1030526302013304,,10,1,
2037281,3052631,1030526312013304,,10,1,
2037281,3052632,1030526322013304,,10,1,
2037281,3052629,10330526292013304,,103,1,
2037281,3052630,10330526302013304,,103,1,
2037281,3052631,10330526312013304,,103,1,
2037281,3052632,10330526322013304,,103,1,
2037281,3052629,10430526292013304,,104,1,
2037281,3052630,10430526302013304,,104,1,
2037281,3052631,10430526312013304,,104,1,
2037281,3052632,10430526322013304,,104,1,
2037281,3052629,10530526292013304,,105,1,
2037281,3052630,10530526302013304,,105,1,
2037281,3052631,10530526312013304,,105,1,
2037281,3052632,10530526322013304,,105,1,
2037281,3052629,10630526292013304,,106,1,
2037281,3052630,10630526302013304,,106,1,
2037281,3052631,10630526312013304,,106,1,
2037281,3052632,10630526322013304,,106,1,
2037281,3052629,10730526292013304,,107,1,
2037281,3052630,10730526302013304,,107,1,
2037281,3052631,10730526312013304,,107,1,
2037281,3052632,10730526322013304,,107,1,
2037281,3052629,10830526292013304,,108,1,
2037281,3052630,10830526302013304,,108,1,
2037281,3052631,10830526312013304,,108,1,
2037281,3052632,10830526322013304,,108,1,
2037281,3052629,10930526292013304,,109,1,
2037281,3052630,10930526302013304,,109,1,
2037281,3052631,10930526312013304,,109,1,
2037281,3052632,10930526322013304,,109,1,
2037281,3052629,11030526292013304,,110,1,
2037281,3052630,11030526302013304,,110,1,
2037281,3052631,11030526312013304,,110,1,
2037281,3052632,11030526322013304,,110,1,
2037281,3052629,11130526292013304,,111,1,
2037281,3052630,11130526302013304,,111,1,
2037281,3052631,11130526312013304,,111,1,
2037281,3052632,11130526322013304,,111,1,
2037281,3052629,11230526292013304,,112,1,
2037281,3052630,11230526302013304,,112,1,
2037281,3052631,11230526312013304,,112,1,
2037281,3052632,11230526322013304,,112,1,
2037281,3052629,1130526292013304,,11,1,
2037281,3052630,1130526302013304,,11,1,
2037281,3052631,1130526312013304,,11,1,
2037281,3052632,1130526322013304,,11,1,
2037281,3052629,11330526292013304,,113,1,
2037281,3052630,11330526302013304,,113,1,
2037281,3052631,11330526312013304,,113,1,
2037281,3052632,11330526322013304,,113,1,
2037281,13052629,11430526292013304,,114,1,
2037281,3052630,11430526302013304,,114,1,
2037281,3052631,11430526312013304,,114,1,
2037281,3052632,11430526322013304,,114,1,
2037281,13052629,11530526292013304,,115,1,
2037281,3052630,11530526302013304,,115,1,
2037281,3052631,11530526312013304,,115,1,
2037281,3052632,11530526322013304,,115,1,
2037281,3052630,11630526302013304,,116,1,
2037281,3052631,11630526312013304,,116,1,
2037281,3052632,11630526322013304,,116,1,
2037281,3052630,11730526302013304,,117,1,
2037281,3052631,11730526312013304,,117,1,
2037281,3052632,11730526322013304,,117,1,
2037281,3052630,11830526302013304,,118,1,
2037281,3052631,11830526312013304,,118,1,
2037281,3052632,11830526322013304,,118,1,
2037281,3052630,11930526302013304,,119,1,
2037281,3052631,11930526312013304,,119,1,
2037281,3052632,11930526322013304,,119,1,
2037281,3052630,12030526302013304,,120,1,
2037281,3052631,12030526312013304,,120,1,
2037281,3052632,12030526322013304,,120,1,
2037281,3052630,12130526302013304,,121,1,
2037281,3052631,12130526312013304,,121,1,
2037281,3052632,12130526322013304,,121,1,
2037281,3052630,12230526302013304,,122,1,
2037281,3052631,12230526312013304,,122,1,
2037281,3052632,12230526322013304,,122,1,
2037281,3052629,1230526292013304,,12,1,
2037281,3052630,1230526302013304,,12,1,
2037281,3052631,1230526312013304,,12,1,
2037281,3052632,1230526322013304,,12,1,
2037281,3052630,12330526302013304,,123,1,
2037281,3052631,12330526312013304,,123,1,
2037281,3052632,12330526322013304,,123,1,
2037281,3052630,12430526302013304,,124,1,
2037281,3052631,12430526312013304,,124,1,
2037281,3052632,12430526322013304,,124,1,
2037281,3052630,12530526302013304,,125,1,
2037281,3052631,12530526312013304,,125,1,
2037281,3052632,12530526322013304,,125,1,
2037281,3052630,12630526302013304,,126,1,
2037281,3052631,12630526312013304,,126,1,
2037281,3052632,12630526322013304,,126,1,
2037281,3052630,12730526302013304,,127,1,
2037281,3052631,12730526312013304,,127,1,
2037281,3052632,12730526322013304,,127,1,
2037281,3052630,12830526302013304,,128,1,
2037281,3052631,12830526312013304,,128,1,
2037281,3052632,12830526322013304,,128,1,
2037281,3052630,12930526302013304,,129,1,
2037281,3052631,12930526312013304,,129,1,
2037281,3052632,12930526322013304,,129,1,
2037281,3052630,13030526302013304,,130,1,
2037281,3052631,13030526312013304,,130,1,
2037281,3052632,13030526322013304,,130,1,
2037281,3052629,130526292013304,,1,1,
2037281,3052630,130526302013304,,1,1,
2037281,3052631,130526312013304,,1,1,
2037281,3052632,130526322013304,,1,1,
2037281,3052630,13130526302013304,,131,1,
2037281,3052631,13130526312013304,,131,1,
2037281,3052632,13130526322013304,,131,1,
2037281,3052630,13230526302013304,,132,1,
2037281,3052631,13230526312013304,,132,1,
2037281,3052632,13230526322013304,,132,1,
2037281,3052629,1330526292013304,,13,1,
2037281,3052630,1330526302013304,,13,1,
2037281,3052631,1330526312013304,,13,1,
2037281,3052632,1330526322013304,,13,1,
2037281,3052630,13330526302013304,,133,1,
2037281,3052631,13330526312013304,,133,1,
2037281,3052632,13330526322013304,,133,1,
2037281,3052630,13430526302013304,,134,1,
2037281,3052631,13430526312013304,,134,1,
2037281,3052632,13430526322013304,,134,1,
2037281,3052630,13530526302013304,,135,1,
2037281,3052631,13530526312013304,,135,1,
2037281,3052632,13530526322013304,,135,1,
2037281,3052630,13630526302013304,,136,1,
2037281,3052631,13630526312013304,,136,1,
2037281,3052632,13630526322013304,,136,1,
2037281,3052630,13730526302013304,,137,1,
2037281,3052631,13730526312013304,,137,1,
2037281,3052632,13730526322013304,,137,1,
2037281,3052630,13830526302013304,,138,1,
2037281,3052631,13830526312013304,,138,1,
2037281,3052632,13830526322013304,,138,1,
2037281,3052630,13930526302013304,,139,1,
2037281,3052631,13930526312013304,,139,1,
2037281,3052632,13930526322013304,,139,1,
2037281,3052630,14030526302013304,,140,1,
2037281,3052631,14030526312013304,,140,1,
2037281,3052632,14030526322013304,,140,1,
2037281,3052630,14130526302013304,,141,1,
2037281,3052631,14130526312013304,,141,1,
2037281,3052632,14130526322013304,,141,1,
2037281,3052630,14230526302013304,,142,1,
2037281,3052631,14230526312013304,,142,1,
2037281,3052632,14230526322013304,,142,1,
2037281,3052629,1430526292013304,,14,1,
2037281,3052630,1430526302013304,,14,1,
2037281,3052631,1430526312013304,,14,1,
2037281,3052632,1430526322013304,,14,1,
2037281,3052630,14330526302013304,,143,1,
2037281,3052631,14330526312013304,,143,1,
2037281,3052632,14330526322013304,,143,1,
2037281,3052630,14430526302013304,,144,1,
2037281,3052631,14430526312013304,,144,1,
2037281,3052632,14430526322013304,,144,1,
2037281,3052630,14530526302013304,,145,1,
2037281,3052631,14530526312013304,,145,1,
2037281,3052632,14530526322013304,,145,1,
2037281,3052630,14630526302013304,,146,1,
2037281,3052631,14630526312013304,,146,1,
2037281,3052632,14630526322013304,,146,1,
2037281,3052630,14730526302013304,,147,1,
2037281,3052631,14730526312013304,,147,1,
2037281,3052632,14730526322013304,,147,1,
2037281,3052630,14830526302013304,,148,1,
2037281,3052631,14830526312013304,,148,1,
2037281,3052632,14830526322013304,,148,1,
2037281,3052630,14930526302013304,,149,1,
2037281,3052631,14930526312013304,,149,1,
2037281,3052632,14930526322013304,,149,1,
2037281,3052630,15030526302013304,,150,1,
2037281,3052631,15030526312013304,,150,1,
2037281,3052632,15030526322013304,,150,1,
2037281,3052630,15130526302013304,,151,1,
2037281,3052631,15130526312013304,,151,1,
2037281,3052632,15130526322013304,,151,1,
2037281,3052630,15230526302013304,,152,1,
2037281,3052631,15230526312013304,,152,1,
2037281,3052632,15230526322013304,,152,1,
2037281,3052629,1530526292013304,,15,1,
2037281,3052630,1530526302013304,,15,1,
2037281,3052631,1530526312013304,,15,1,
2037281,3052632,1530526322013304,,15,1,
2037281,3052630,15330526302013304,,153,1,
2037281,3052631,15330526312013304,,153,1,
2037281,3052632,15330526322013304,,153,1,
2037281,3052630,15430526302013304,,154,1,
2037281,3052631,15430526312013304,,154,1,
2037281,3052632,15430526322013304,,154,1,
2037281,3052630,15530526302013304,,155,1,
2037281,3052631,15530526312013304,,155,1,
2037281,3052632,15530526322013304,,155,1,
2037281,3052630,15630526302013304,,156,1,
2037281,3052631,15630526312013304,,156,1,
2037281,3052632,15630526322013304,,156,1,
2037281,3052630,15730526302013304,,157,1,
2037281,3052631,15730526312013304,,157,1,
2037281,3052632,15730526322013304,,157,1,
2037281,3052630,15830526302013304,,158,1,
2037281,3052631,15830526312013304,,158,1,
2037281,3052632,15830526322013304,,158,1,
2037281,3052630,15930526302013304,,159,1,
2037281,3052631,15930526312013304,,159,1,
2037281,3052632,15930526322013304,,159,1,
2037281,3052630,16030526302013304,,160,1,
2037281,3052631,16030526312013304,,160,1,
2037281,3052632,16030526322013304,,160,1,
2037281,3052630,16130526302013304,,161,1,
2037281,3052631,16130526312013304,,161,1,
2037281,3052632,16130526322013304,,161,1,
2037281,3052630,16230526302013304,,162,1,
2037281,3052631,16230526312013304,,162,1,
2037281,3052632,16230526322013304,,162,1,
2037281,3052629,1630526292013304,,16,1,
2037281,3052630,1630526302013304,,16,1,
2037281,3052631,1630526312013304,,16,1,
2037281,3052632,1630526322013304,,16,1,
2037281,3052630,16330526302013304,,163,1,
2037281,3052631,16330526312013304,,163,1,
2037281,3052632,16330526322013304,,163,1,
2037281,3052630,16430526302013304,,164,1,
2037281,3052631,16430526312013304,,164,1,
2037281,3052632,16430526322013304,,164,1,
2037281,3052630,16530526302013304,,165,1,
2037281,3052631,16530526312013304,,165,1,
2037281,3052632,16530526322013304,,165,1,
2037281,3052630,16630526302013304,,166,1,
2037281,3052631,16630526312013304,,166,1,
2037281,3052632,16630526322013304,,166,1,
2037281,3052630,16730526302013304,,167,1,
2037281,3052631,16730526312013304,,167,1,
2037281,3052632,16730526322013304,,167,1,
2037281,3052630,16830526302013304,,168,1,
2037281,3052631,16830526312013304,,168,1,
2037281,3052632,16830526322013304,,168,1,
2037281,3052630,16930526302013304,,169,1,
2037281,3052631,16930526312013304,,169,1,
2037281,3052632,16930526322013304,,169,1,
2037281,3052630,17030526302013304,,170,1,
2037281,3052631,17030526312013304,,170,1,
2037281,3052632,17030526322013304,,170,1,
2037281,3052630,17130526302013304,,171,1,
2037281,3052631,17130526312013304,,171,1,
2037281,3052632,17130526322013304,,171,1,
2037281,3052630,17230526302013304,,172,1,
2037281,3052631,17230526312013304,,172,1,
2037281,3052632,17230526322013304,,172,1,
2037281,3052629,1730526292013304,,17,1,
2037281,3052630,1730526302013304,,17,1,
2037281,3052631,1730526312013304,,17,1,
2037281,3052632,1730526322013304,,17,1,
2037281,3052630,17330526302013304,,173,1,
2037281,3052631,17330526312013304,,173,1,
2037281,3052632,17330526322013304,,173,1,
2037281,3052630,17430526302013304,,174,1,
2037281,3052631,17430526312013304,,174,1,
2037281,3052632,17430526322013304,,174,1,
2037281,3052630,17530526302013304,,175,1,
2037281,3052631,17530526312013304,,175,1,
2037281,3052632,17530526322013304,,175,1,
2037281,3052630,17630526302013304,,176,1,
2037281,3052631,17630526312013304,,176,1,
2037281,13052632,17630526322013304,,176,1,
2037281,3052630,17730526302013304,,177,1,
2037281,3052631,17730526312013304,,177,1,
2037281,13052632,17730526322013304,,177,1,
2037281,3052630,17830526302013304,,178,1,
2037281,3052631,17830526312013304,,178,1,
2037281,3052630,17930526302013304,,179,1,
2037281,3052631,17930526312013304,,179,1,
2037281,3052630,18030526302013304,,180,1,
2037281,3052631,18030526312013304,,180,1,
2037281,3052630,18130526302013304,,181,1,
2037281,3052631,18130526312013304,,181,1,
2037281,3052630,18230526302013304,,182,1,
2037281,3052631,18230526312013304,,182,1,
2037281,3052629,1830526292013304,,18,1,
2037281,3052630,1830526302013304,,18,1,
2037281,3052631,1830526312013304,,18,1,
2037281,3052632,1830526322013304,,18,1,
2037281,3052630,18330526302013304,,183,1,
2037281,3052631,18330526312013304,,183,1,
2037281,3052630,18430526302013304,,184,1,
2037281,3052631,18430526312013304,,184,1,
2037281,3052630,18530526302013304,,185,1,
2037281,3052631,18530526312013304,,185,1,
2037281,3052630,18630526302013304,,186,1,
2037281,3052631,18630526312013304,,186,1,
2037281,3052630,18730526302013304,,187,1,
2037281,3052631,18730526312013304,,187,1,
2037281,3052630,18830526302013304,,188,1,
2037281,3052631,18830526312013304,,188,1,
2037281,3052630,18930526302013304,,189,1,
2037281,3052631,18930526312013304,,189,1,
2037281,3052630,19030526302013304,,190,1,
2037281,3052631,19030526312013304,,190,1,
2037281,3052630,19130526302013304,,191,1,
2037281,3052631,19130526312013304,,191,1,
2037281,3052630,19230526302013304,,192,1,
2037281,3052631,19230526312013304,,192,1,
2037281,3052629,1930526292013304,,19,1,
2037281,3052630,1930526302013304,,19,1,
2037281,3052631,1930526312013304,,19,1,
2037281,3052632,1930526322013304,,19,1,
2037281,3052630,19330526302013304,,193,1,
2037281,3052631,19330526312013304,,193,1,
2037281,3052630,19430526302013304,,194,1,
2037281,3052631,19430526312013304,,194,1,
2037281,3052630,19530526302013304,,195,1,
2037281,13052631,19530526312013304,,195,1,
2037281,3052630,19630526302013304,,196,1,
2037281,13052631,19630526312013304,,196,1,
2037281,3052630,19730526302013304,,197,1,
2037281,3052630,19830526302013304,,198,1,
2037281,3052630,19930526302013304,,199,1,
2037281,3052630,20030526302013304,,200,1,
2037281,3052630,20130526302013304,,201,1,
2037281,3052630,20230526302013304,,202,1,
2037281,3052629,2030526292013304,,20,1,
2037281,3052630,2030526302013304,,20,1,
2037281,3052631,2030526312013304,,20,1,
2037281,3052632,2030526322013304,,20,1,
2037281,3052630,20330526302013304,,203,1,
2037281,3052630,20430526302013304,,204,1,
2037281,3052630,20530526302013304,,205,1,
2037281,3052630,20630526302013304,,206,1,
2037281,3052630,20730526302013304,,207,1,
2037281,3052630,20830526302013304,,208,1,
2037281,13052630,20930526302013304,,209,1,
2037281,13052630,21030526302013304,,210,1,
2037281,3052629,2130526292013304,,21,1,
2037281,3052630,2130526302013304,,21,1,
2037281,3052631,2130526312013304,,21,1,
2037281,3052632,2130526322013304,,21,1,
2037281,3052629,2230526292013304,,22,1,
2037281,3052630,2230526302013304,,22,1,
2037281,3052631,2230526312013304,,22,1,
2037281,3052632,2230526322013304,,22,1,
2037281,3052629,230526292013304,,2,1,
2037281,3052630,230526302013304,,2,1,
2037281,3052631,230526312013304,,2,1,
2037281,3052632,230526322013304,,2,1,
2037281,3052629,2330526292013304,,23,1,
2037281,3052630,2330526302013304,,23,1,
2037281,3052631,2330526312013304,,23,1,
2037281,3052632,2330526322013304,,23,1,
2037281,3052629,2430526292013304,,24,1,
2037281,3052630,2430526302013304,,24,1,
2037281,3052631,2430526312013304,,24,1,
2037281,3052632,2430526322013304,,24,1,
2037281,3052629,2530526292013304,,25,1,
2037281,3052630,2530526302013304,,25,1,
2037281,3052631,2530526312013304,,25,1,
2037281,3052632,2530526322013304,,25,1,
2037281,3052629,2630526292013304,,26,1,
2037281,3052630,2630526302013304,,26,1,
2037281,3052631,2630526312013304,,26,1,
2037281,3052632,2630526322013304,,26,1,
2037281,3052629,2730526292013304,,27,1,
2037281,3052630,2730526302013304,,27,1,
2037281,3052631,2730526312013304,,27,1,
2037281,3052632,2730526322013304,,27,1,
2037281,3052629,2830526292013304,,28,1,
2037281,3052630,2830526302013304,,28,1,
2037281,3052631,2830526312013304,,28,1,
2037281,3052632,2830526322013304,,28,1,
2037281,3052629,2930526292013304,,29,1,
2037281,3052630,2930526302013304,,29,1,
2037281,3052631,2930526312013304,,29,1,
2037281,3052632,2930526322013304,,29,1,
2037281,3052629,3030526292013304,,30,1,
2037281,3052630,3030526302013304,,30,1,
2037281,3052631,3030526312013304,,30,1,
2037281,3052632,3030526322013304,,30,1,
2037281,3052629,3130526292013304,,31,1,
2037281,3052630,3130526302013304,,31,1,
2037281,3052631,3130526312013304,,31,1,
2037281,3052632,3130526322013304,,31,1,
2037281,3052629,3230526292013304,,32,1,
2037281,3052630,3230526302013304,,32,1,
2037281,3052631,3230526312013304,,32,1,
2037281,3052632,3230526322013304,,32,1,
2037281,3052629,330526292013304,,3,1,
2037281,3052630,330526302013304,,3,1,
2037281,3052631,330526312013304,,3,1,
2037281,3052632,330526322013304,,3,1,
2037281,3052629,3330526292013304,,33,1,
2037281,3052630,3330526302013304,,33,1,
2037281,3052631,3330526312013304,,33,1,
2037281,3052632,3330526322013304,,33,1,
2037281,3052629,3430526292013304,,34,1,
2037281,3052630,3430526302013304,,34,1,
2037281,3052631,3430526312013304,,34,1,
2037281,3052632,3430526322013304,,34,1,
2037281,3052629,3530526292013304,,35,1,
2037281,3052630,3530526302013304,,35,1,
2037281,3052631,3530526312013304,,35,1,
2037281,3052632,3530526322013304,,35,1,
2037281,3052629,3630526292013304,,36,1,
2037281,3052630,3630526302013304,,36,1,
2037281,3052631,3630526312013304,,36,1,
2037281,3052632,3630526322013304,,36,1,
2037281,3052629,3730526292013304,,37,1,
2037281,3052630,3730526302013304,,37,1,
2037281,3052631,3730526312013304,,37,1,
2037281,3052632,3730526322013304,,37,1,
2037281,3052629,3830526292013304,,38,1,
2037281,3052630,3830526302013304,,38,1,
2037281,3052631,3830526312013304,,38,1,
2037281,3052632,3830526322013304,,38,1,
2037281,3052629,3930526292013304,,39,1,
2037281,3052630,3930526302013304,,39,1,
2037281,3052631,3930526312013304,,39,1,
2037281,3052632,3930526322013304,,39,1,
2037281,3052629,4030526292013304,,40,1,
2037281,3052630,4030526302013304,,40,1,
2037281,3052631,4030526312013304,,40,1,
2037281,3052632,4030526322013304,,40,1,
2037281,3052629,4130526292013304,,41,1,
2037281,3052630,4130526302013304,,41,1,
2037281,3052631,4130526312013304,,41,1,
2037281,3052632,4130526322013304,,41,1,
2037281,3052629,4230526292013304,,42,1,
2037281,3052630,4230526302013304,,42,1,
2037281,3052631,4230526312013304,,42,1,
2037281,3052632,4230526322013304,,42,1,
2037281,3052629,430526292013304,,4,1,
2037281,3052630,430526302013304,,4,1,
2037281,3052631,430526312013304,,4,1,
2037281,3052632,430526322013304,,4,1,
2037281,3052629,4330526292013304,,43,1,
2037281,3052630,4330526302013304,,43,1,
2037281,3052631,4330526312013304,,43,1,
2037281,3052632,4330526322013304,,43,1,
2037281,3052629,4430526292013304,,44,1,
2037281,3052630,4430526302013304,,44,1,
2037281,3052631,4430526312013304,,44,1,
2037281,3052632,4430526322013304,,44,1,
2037281,3052629,4530526292013304,,45,1,
2037281,3052630,4530526302013304,,45,1,
2037281,3052631,4530526312013304,,45,1,
2037281,3052632,4530526322013304,,45,1,
2037281,3052629,4630526292013304,,46,1,
2037281,3052630,4630526302013304,,46,1,
2037281,3052631,4630526312013304,,46,1,
2037281,3052632,4630526322013304,,46,1,
2037281,3052629,4730526292013304,,47,1,
2037281,3052630,4730526302013304,,47,1,
2037281,3052631,4730526312013304,,47,1,
2037281,3052632,4730526322013304,,47,1,
2037281,3052629,4830526292013304,,48,1,
2037281,3052630,4830526302013304,,48,1,
2037281,3052631,4830526312013304,,48,1,
2037281,3052632,4830526322013304,,48,1,
2037281,3052629,4930526292013304,,49,1,
2037281,3052630,4930526302013304,,49,1,
2037281,3052631,4930526312013304,,49,1,
2037281,3052632,4930526322013304,,49,1,
2037281,3052629,5030526292013304,,50,1,
2037281,3052630,5030526302013304,,50,1,
2037281,3052631,5030526312013304,,50,1,
2037281,3052632,5030526322013304,,50,1,
2037281,3052629,5130526292013304,,51,1,
2037281,3052630,5130526302013304,,51,1,
2037281,3052631,5130526312013304,,51,1,
2037281,3052632,5130526322013304,,51,1,
2037281,3052629,5230526292013304,,52,1,
2037281,3052630,5230526302013304,,52,1,
2037281,3052631,5230526312013304,,52,1,
2037281,3052632,5230526322013304,,52,1,
2037281,3052629,530526292013304,,5,1,
2037281,3052630,530526302013304,,5,1,
2037281,3052631,530526312013304,,5,1,
2037281,3052632,530526322013304,,5,1,
2037281,3052629,5330526292013304,,53,1,
2037281,3052630,5330526302013304,,53,1,
2037281,3052631,5330526312013304,,53,1,
2037281,3052632,5330526322013304,,53,1,
2037281,3052629,5430526292013304,,54,1,
2037281,3052630,5430526302013304,,54,1,
2037281,3052631,5430526312013304,,54,1,
2037281,3052632,5430526322013304,,54,1,
2037281,3052629,5530526292013304,,55,1,
2037281,3052630,5530526302013304,,55,1,
2037281,3052631,5530526312013304,,55,1,
2037281,3052632,5530526322013304,,55,1,
2037281,3052629,5630526292013304,,56,1,
2037281,3052630,5630526302013304,,56,1,
2037281,3052631,5630526312013304,,56,1,
2037281,3052632,5630526322013304,,56,1,
2037281,3052629,5730526292013304,,57,1,
2037281,3052630,5730526302013304,,57,1,
2037281,3052631,5730526312013304,,57,1,
2037281,3052632,5730526322013304,,57,1,
2037281,3052629,5830526292013304,,58,1,
2037281,3052630,5830526302013304,,58,1,
2037281,3052631,5830526312013304,,58,1,
2037281,3052632,5830526322013304,,58,1,
2037281,3052629,5930526292013304,,59,1,
2037281,3052630,5930526302013304,,59,1,
2037281,3052631,5930526312013304,,59,1,
2037281,3052632,5930526322013304,,59,1,
2037281,3052629,6030526292013304,,60,1,
2037281,3052630,6030526302013304,,60,1,
2037281,3052631,6030526312013304,,60,1,
2037281,3052632,6030526322013304,,60,1,
2037281,3052629,6130526292013304,,61,1,
2037281,3052630,6130526302013304,,61,1,
2037281,3052631,6130526312013304,,61,1,
2037281,3052632,6130526322013304,,61,1,
2037281,3052629,6230526292013304,,62,1,
2037281,3052630,6230526302013304,,62,1,
2037281,3052631,6230526312013304,,62,1,
2037281,3052632,6230526322013304,,62,1,
2037281,3052629,630526292013304,,6,1,
2037281,3052630,630526302013304,,6,1,
2037281,3052631,630526312013304,,6,1,
2037281,3052632,630526322013304,,6,1,
2037281,3052629,6330526292013304,,63,1,
2037281,3052630,6330526302013304,,63,1,
2037281,3052631,6330526312013304,,63,1,
2037281,3052632,6330526322013304,,63,1,
2037281,3052629,6430526292013304,,64,1,
2037281,3052630,6430526302013304,,64,1,
2037281,3052631,6430526312013304,,64,1,
2037281,3052632,6430526322013304,,64,1,
2037281,3052629,6530526292013304,,65,1,
2037281,3052630,6530526302013304,,65,1,
2037281,3052631,6530526312013304,,65,1,
2037281,3052632,6530526322013304,,65,1,
2037281,3052629,6630526292013304,,66,1,
2037281,3052630,6630526302013304,,66,1,
2037281,3052631,6630526312013304,,66,1,
2037281,3052632,6630526322013304,,66,1,
2037281,3052629,6730526292013304,,67,1,
2037281,3052630,6730526302013304,,67,1,
2037281,3052631,6730526312013304,,67,1,
2037281,3052632,6730526322013304,,67,1,
2037281,3052629,6830526292013304,,68,1,
2037281,3052630,6830526302013304,,68,1,
2037281,3052631,6830526312013304,,68,1,
2037281,3052632,6830526322013304,,68,1,
2037281,3052629,6930526292013304,,69,1,
2037281,3052630,6930526302013304,,69,1,
2037281,3052631,6930526312013304,,69,1,
2037281,3052632,6930526322013304,,69,1,
2037281,3052629,7030526292013304,,70,1,
2037281,3052630,7030526302013304,,70,1,
2037281,3052631,7030526312013304,,70,1,
2037281,3052632,7030526322013304,,70,1,
2037281,3052629,7130526292013304,,71,1,
2037281,3052630,7130526302013304,,71,1,
2037281,3052631,7130526312013304,,71,1,
2037281,3052632,7130526322013304,,71,1,
2037281,3052629,7230526292013304,,72,1,
2037281,3052630,7230526302013304,,72,1,
2037281,3052631,7230526312013304,,72,1,
2037281,3052632,7230526322013304,,72,1,
2037281,3052629,730526292013304,,7,1,
2037281,3052630,730526302013304,,7,1,
2037281,3052631,730526312013304,,7,1,
2037281,3052632,730526322013304,,7,1,
2037281,3052629,7330526292013304,,73,1,
2037281,3052630,7330526302013304,,73,1,
2037281,3052631,7330526312013304,,73,1,
2037281,3052632,7330526322013304,,73,1,
2037281,3052629,7430526292013304,,74,1,
2037281,3052630,7430526302013304,,74,1,
2037281,3052631,7430526312013304,,74,1,
2037281,3052632,7430526322013304,,74,1,
2037281,3052629,7530526292013304,,75,1,
2037281,3052630,7530526302013304,,75,1,
2037281,3052631,7530526312013304,,75,1,
2037281,3052632,7530526322013304,,75,1,
2037281,3052629,7630526292013304,,76,1,
2037281,3052630,7630526302013304,,76,1,
2037281,3052631,7630526312013304,,76,1,
2037281,3052632,7630526322013304,,76,1,
2037281,3052629,7730526292013304,,77,1,
2037281,3052630,7730526302013304,,77,1,
2037281,3052631,7730526312013304,,77,1,
2037281,3052632,7730526322013304,,77,1,
2037281,3052629,7830526292013304,,78,1,
2037281,3052630,7830526302013304,,78,1,
2037281,3052631,7830526312013304,,78,1,
2037281,3052632,7830526322013304,,78,1,
2037281,3052629,7930526292013304,,79,1,
2037281,3052630,7930526302013304,,79,1,
2037281,3052631,7930526312013304,,79,1,
2037281,3052632,7930526322013304,,79,1,
2037281,3052629,8030526292013304,,80,1,
2037281,3052630,8030526302013304,,80,1,
2037281,3052631,8030526312013304,,80,1,
2037281,3052632,8030526322013304,,80,1,
2037281,3052629,8130526292013304,,81,1,
2037281,3052630,8130526302013304,,81,1,
2037281,3052631,8130526312013304,,81,1,
2037281,3052632,8130526322013304,,81,1,
2037281,3052629,8230526292013304,,82,1,
2037281,3052630,8230526302013304,,82,1,
2037281,3052631,8230526312013304,,82,1,
2037281,3052632,8230526322013304,,82,1,
2037281,3052629,830526292013304,,8,1,
2037281,3052630,830526302013304,,8,1,
2037281,3052631,830526312013304,,8,1,
2037281,3052632,830526322013304,,8,1,
2037281,3052629,8330526292013304,,83,1,
2037281,3052630,8330526302013304,,83,1,
2037281,3052631,8330526312013304,,83,1,
2037281,3052632,8330526322013304,,83,1,
2037281,3052629,8430526292013304,,84,1,
2037281,3052630,8430526302013304,,84,1,
2037281,3052631,8430526312013304,,84,1,
2037281,3052632,8430526322013304,,84,1,
2037281,3052629,8530526292013304,,85,1,
2037281,3052630,8530526302013304,,85,1,
2037281,3052631,8530526312013304,,85,1,
2037281,3052632,8530526322013304,,85,1,
2037281,3052629,8630526292013304,,86,1,
2037281,3052630,8630526302013304,,86,1,
2037281,3052631,8630526312013304,,86,1,
2037281,3052632,8630526322013304,,86,1,
2037281,3052629,8730526292013304,,87,1,
2037281,3052630,8730526302013304,,87,1,
2037281,3052631,8730526312013304,,87,1,
2037281,3052632,8730526322013304,,87,1,
2037281,3052629,8830526292013304,,88,1,
2037281,3052630,8830526302013304,,88,1,
2037281,3052631,8830526312013304,,88,1,
2037281,3052632,8830526322013304,,88,1,
2037281,3052629,8930526292013304,,89,1,
2037281,3052630,8930526302013304,,89,1,
2037281,3052631,8930526312013304,,89,1,
2037281,3052632,8930526322013304,,89,1,
2037281,3052629,9030526292013304,,90,1,
2037281,3052630,9030526302013304,,90,1,
2037281,3052631,9030526312013304,,90,1,
2037281,3052632,9030526322013304,,90,1,
2037281,3052629,9130526292013304,,91,1,
2037281,3052630,9130526302013304,,91,1,
2037281,3052631,9130526312013304,,91,1,
2037281,3052632,9130526322013304,,91,1,
2037281,3052629,9230526292013304,,92,1,
2037281,3052630,9230526302013304,,92,1,
2037281,3052631,9230526312013304,,92,1,
2037281,3052632,9230526322013304,,92,1,
2037281,3052629,930526292013304,,9,1,
2037281,3052630,930526302013304,,9,1,
2037281,3052631,930526312013304,,9,1,
2037281,3052632,930526322013304,,9,1,
2037281,3052629,9330526292013304,,93,1,
2037281,3052630,9330526302013304,,93,1,
2037281,3052631,9330526312013304,,93,1,
2037281,3052632,9330526322013304,,93,1,
2037281,3052629,9430526292013304,,94,1,
2037281,3052630,9430526302013304,,94,1,
2037281,3052631,9430526312013304,,94,1,
2037281,3052632,9430526322013304,,94,1,
2037281,3052629,9530526292013304,,95,1,
2037281,3052630,9530526302013304,,95,1,
2037281,3052631,9530526312013304,,95,1,
2037281,3052632,9530526322013304,,95,1,
2037281,3052629,9630526292013304,,96,1,
2037281,3052630,9630526302013304,,96,1,
2037281,3052631,9630526312013304,,96,1,
2037281,3052632,9630526322013304,,96,1,
2037281,3052629,9730526292013304,,97,1,
2037281,3052630,9730526302013304,,97,1,
2037281,3052631,9730526312013304,,97,1,
2037281,3052632,9730526322013304,,97,1,
2037281,3052629,9830526292013304,,98,1,
2037281,3052630,9830526302013304,,98,1,
2037281,3052631,9830526312013304,,98,1,
2037281,3052632,9830526322013304,,98,1,
2037281,3052629,9930526292013304,,99,1,
2037281,3052630,9930526302013304,,99,1,
2037281,3052631,9930526312013304,,99,1,
2037281,3052632,9930526322013304,,99,1,
2037281,3052629,130526292013302,,1,1,
2037281,3052630,130526302013302,,1,1,
2037281,3052631,130526312013302,,1,1,
2037281,3052632,130526322013302,,1,1,
2037281,3052629,230526292013302,,2,1,
2037281,3052630,230526302013302,,2,1,
2037281,3052631,230526312013302,,2,1,
2037281,3052630,330526302013302,,3,1,
2037281,3052631,330526312013302,,3,1,
2037281,3052630,430526302013302,,4,1,
2037281,3052631,430526312013302,,4,1,
2037281,3052630,530526302013302,,5,1,
2037281,3052631,530526312013302,,5,1,
2037281,3052630,630526302013302,,6,1,
2037281,3052631,630526312013302,,6,1,
2037281,3052630,730526302013302,,7,1,
2037281,3052631,730526312013302,,7,1,
2037281,3052630,830526302013302,,8,1,
2037281,3052630,930526302013302,,9,1,
2037281,3052629,130526292013303,,1,1,
2037281,3052630,130526302013303,,1,1,
2037281,3052631,130526312013303,,1,1,
2037281,3052632,130526322013303,,1,1,
2037281,3052629,230526292013303,,2,1,
2037281,3052630,230526302013303,,2,1,
2037281,3052631,230526312013303,,2,1,
2037281,3052632,230526322013303,,2,1,
2037281,3052629,330526292013303,,3,1,
2037281,3052630,330526302013303,,3,1,
2037281,3052631,330526312013303,,3,1,
2037281,3052632,330526322013303,,3,1,
2037281,3052629,430526292013303,,4,1,
2037281,3052630,430526302013303,,4,1,
2037281,3052631,430526312013303,,4,1,
2037281,3052632,430526322013303,,4,1,
2037281,3052630,530526302013303,,5,1,
2037281,3052632,530526322013303,,5,1,
2037281,3052632,630526322013303,,6,1,
2037281,3052632,730526322013303,,7,1,
2037281,13052629,130526292013305,,1,1,
2037281,13052630,130526302013305,,1,1,
2037281,13052631,130526312013305,,1,1,
2037281,13052629,230526292013305,,2,1,
2037281,13052630,230526302013305,,2,1,
2037281,13052631,230526312013305,,2,1,
2037282,3052633,10030526332013308,,100,0,
2037282,3052634,10030526342013308,,100,0,
2037282,3052635,10030526352013308,,100,0,
2037282,3052636,10030526362013308,,100,0,
2037282,3052633,10130526332013308,,101,0,
2037282,3052634,10130526342013308,,101,0,
2037282,3052635,10130526352013308,,101,0,
2037282,3052636,10130526362013308,,101,0,
2037282,3052633,10230526332013308,,102,0,
2037282,3052634,10230526342013308,,102,0,
2037282,3052635,10230526352013308,,102,0,
2037282,3052636,10230526362013308,,102,0,
2037282,3052633,1030526332013308,,10,0,
2037282,3052634,1030526342013308,,10,0,
2037282,3052635,1030526352013308,,10,0,
2037282,3052636,1030526362013308,,10,0,
2037282,3052633,10330526332013308,,103,0,
2037282,3052634,10330526342013308,,103,0,
2037282,3052635,10330526352013308,,103,0,
2037282,3052636,10330526362013308,,103,0,
2037282,3052633,10430526332013308,,104,0,
2037282,3052634,10430526342013308,,104,0,
2037282,3052635,10430526352013308,,104,0,
2037282,3052636,10430526362013308,,104,0,
2037282,3052633,10530526332013308,,105,0,
2037282,3052634,10530526342013308,,105,0,
2037282,3052635,10530526352013308,,105,0,
2037282,3052636,10530526362013308,,105,0,
2037282,3052633,10630526332013308,,106,0,
2037282,3052634,10630526342013308,,106,0,
2037282,3052635,10630526352013308,,106,0,
2037282,3052636,10630526362013308,,106,0,
2037282,3052633,10730526332013308,,107,0,
2037282,3052634,10730526342013308,,107,0,
2037282,3052635,10730526352013308,,107,0,
2037282,3052636,10730526362013308,,107,0,
2037282,3052633,10830526332013308,,108,0,
2037282,3052634,10830526342013308,,108,0,
2037282,3052635,10830526352013308,,108,0,
2037282,3052636,10830526362013308,,108,0,
2037282,3052633,10930526332013308,,109,0,
2037282,3052634,10930526342013308,,109,0,
2037282,3052635,10930526352013308,,109,0,
2037282,3052636,10930526362013308,,109,0,
2037282,3052633,11030526332013308,,110,0,
2037282,3052634,11030526342013308,,110,0,
2037282,3052635,11030526352013308,,110,0,
2037282,3052636,11030526362013308,,110,0,
2037282,13052633,11130526332013308,,111,0,
2037282,3052634,11130526342013308,,111,0,
2037282,3052635,11130526352013308,,111,0,
2037282,3052636,11130526362013308,,111,0,
2037282,13052633,11230526332013308,,112,0,
2037282,3052634,11230526342013308,,112,0,
2037282,3052635,11230526352013308,,112,0,
2037282,3052636,11230526362013308,,112,0,
2037282,3052633,1130526332013308,,11,0,
2037282,3052634,1130526342013308,,11,0,
2037282,3052635,1130526352013308,,11,0,
2037282,3052636,1130526362013308,,11,0,
2037282,13052633,11330526332013308,,113,0,
2037282,3052634,11330526342013308,,113,0,
2037282,3052635,11330526352013308,,113,0,
2037282,3052636,11330526362013308,,113,0,
2037282,3052634,11430526342013308,,114,0,
2037282,3052635,11430526352013308,,114,0,
2037282,3052636,11430526362013308,,114,0,
2037282,3052634,11530526342013308,,115,0,
2037282,3052635,11530526352013308,,115,0,
2037282,3052636,11530526362013308,,115,0,
2037282,3052634,11630526342013308,,116,0,
2037282,3052635,11630526352013308,,116,0,
2037282,3052636,11630526362013308,,116,0,
2037282,3052634,11730526342013308,,117,0,
2037282,3052635,11730526352013308,,117,0,
2037282,3052636,11730526362013308,,117,0,
2037282,3052634,11830526342013308,,118,0,
2037282,3052635,11830526352013308,,118,0,
2037282,3052636,11830526362013308,,118,0,
2037282,3052634,11930526342013308,,119,0,
2037282,3052635,11930526352013308,,119,0,
2037282,3052636,11930526362013308,,119,0,
2037282,3052634,12030526342013308,,120,0,
2037282,3052635,12030526352013308,,120,0,
2037282,3052636,12030526362013308,,120,0,
2037282,3052634,12130526342013308,,121,0,
2037282,3052635,12130526352013308,,121,0,
2037282,3052636,12130526362013308,,121,0,
2037282,3052634,12230526342013308,,122,0,
2037282,3052635,12230526352013308,,122,0,
2037282,3052636,12230526362013308,,122,0,
2037282,3052633,1230526332013308,,12,0,
2037282,3052634,1230526342013308,,12,0,
2037282,3052635,1230526352013308,,12,0,
2037282,3052636,1230526362013308,,12,0,
2037282,3052634,12330526342013308,,123,0,
2037282,3052635,12330526352013308,,123,0,
2037282,3052636,12330526362013308,,123,0,
2037282,3052634,12430526342013308,,124,0,
2037282,3052635,12430526352013308,,124,0,
2037282,3052636,12430526362013308,,124,0,
2037282,3052634,12530526342013308,,125,0,
2037282,3052635,12530526352013308,,125,0,
2037282,3052636,12530526362013308,,125,0,
2037282,3052634,12630526342013308,,126,0,
2037282,3052635,12630526352013308,,126,0,
2037282,3052636,12630526362013308,,126,0,
2037282,3052634,12730526342013308,,127,0,
2037282,3052635,12730526352013308,,127,0,
2037282,3052636,12730526362013308,,127,0,
2037282,3052634,12830526342013308,,128,0,
2037282,3052635,12830526352013308,,128,0,
2037282,3052636,12830526362013308,,128,0,
2037282,3052634,12930526342013308,,129,0,
2037282,3052635,12930526352013308,,129,0,
2037282,3052636,12930526362013308,,129,0,
2037282,3052634,13030526342013308,,130,0,
2037282,3052635,13030526352013308,,130,0,
2037282,3052636,13030526362013308,,130,0,
2037282,3052633,130526332013308,,1,0,
2037282,3052634,130526342013308,,1,0,
2037282,3052635,130526352013308,,1,0,
2037282,3052636,130526362013308,,1,0,
2037282,3052634,13130526342013308,,131,0,
2037282,3052635,13130526352013308,,131,0,
2037282,3052636,13130526362013308,,131,0,
2037282,3052634,13230526342013308,,132,0,
2037282,3052635,13230526352013308,,132,0,
2037282,3052636,13230526362013308,,132,0,
2037282,3052633,1330526332013308,,13,0,
2037282,3052634,1330526342013308,,13,0,
2037282,3052635,1330526352013308,,13,0,
2037282,3052636,1330526362013308,,13,0,
2037282,3052634,13330526342013308,,133,0,
2037282,3052635,13330526352013308,,133,0,
2037282,3052636,13330526362013308,,133,0,
2037282,3052634,13430526342013308,,134,0,
2037282,3052635,13430526352013308,,134,0,
2037282,3052636,13430526362013308,,134,0,
2037282,3052634,13530526342013308,,135,0,
2037282,3052635,13530526352013308,,135,0,
2037282,3052636,13530526362013308,,135,0,
2037282,3052634,13630526342013308,,136,0,
2037282,3052635,13630526352013308,,136,0,
2037282,3052636,13630526362013308,,136,0,
2037282,3052634,13730526342013308,,137,0,
2037282,3052635,13730526352013308,,137,0,
2037282,3052636,13730526362013308,,137,0,
2037282,3052634,13830526342013308,,138,0,
2037282,3052635,13830526352013308,,138,0,
2037282,3052636,13830526362013308,,138,0,
2037282,3052634,13930526342013308,,139,0,
2037282,3052635,13930526352013308,,139,0,
2037282,3052636,13930526362013308,,139,0,
2037282,3052634,14030526342013308,,140,0,
2037282,3052635,14030526352013308,,140,0,
2037282,3052636,14030526362013308,,140,0,
2037282,3052634,14130526342013308,,141,0,
2037282,3052635,14130526352013308,,141,0,
2037282,3052636,14130526362013308,,141,0,
2037282,3052634,14230526342013308,,142,0,
2037282,3052635,14230526352013308,,142,0,
2037282,3052636,14230526362013308,,142,0,
2037282,3052633,1430526332013308,,14,0,
2037282,3052634,1430526342013308,,14,0,
2037282,3052635,1430526352013308,,14,0,
2037282,3052636,1430526362013308,,14,0,
2037282,3052634,14330526342013308,,143,0,
2037282,3052635,14330526352013308,,143,0,
2037282,3052636,14330526362013308,,143,0,
2037282,3052634,14430526342013308,,144,0,
2037282,3052635,14430526352013308,,144,0,
2037282,3052636,14430526362013308,,144,0,
2037282,3052634,14530526342013308,,145,0,
2037282,3052635,14530526352013308,,145,0,
2037282,3052636,14530526362013308,,145,0,
2037282,3052634,14630526342013308,,146,0,
2037282,3052635,14630526352013308,,146,0,
2037282,3052636,14630526362013308,,146,0,
2037282,3052634,14730526342013308,,147,0,
2037282,3052635,14730526352013308,,147,0,
2037282,3052636,14730526362013308,,147,0,
2037282,3052634,14830526342013308,,148,0,
2037282,3052635,14830526352013308,,148,0,
2037282,3052636,14830526362013308,,148,0,
2037282,3052634,14930526342013308,,149,0,
2037282,3052635,14930526352013308,,149,0,
2037282,3052636,14930526362013308,,149,0,
2037282,3052634,15030526342013308,,150,0,
2037282,3052635,15030526352013308,,150,0,
2037282,3052636,15030526362013308,,150,0,
2037282,3052634,15130526342013308,,151,0,
2037282,3052635,15130526352013308,,151,0,
2037282,3052636,15130526362013308,,151,0,
2037282,3052634,15230526342013308,,152,0,
2037282,3052635,15230526352013308,,152,0,
2037282,3052636,15230526362013308,,152,0,
2037282,3052633,1530526332013308,,15,0,
2037282,3052634,1530526342013308,,15,0,
2037282,3052635,1530526352013308,,15,0,
2037282,3052636,1530526362013308,,15,0,
2037282,3052634,15330526342013308,,153,0,
2037282,3052635,15330526352013308,,153,0,
2037282,3052636,15330526362013308,,153,0,
2037282,3052634,15430526342013308,,154,0,
2037282,3052635,15430526352013308,,154,0,
2037282,3052636,15430526362013308,,154,0,
2037282,3052634,15530526342013308,,155,0,
2037282,3052635,15530526352013308,,155,0,
2037282,3052636,15530526362013308,,155,0,
2037282,3052634,15630526342013308,,156,0,
2037282,3052635,15630526352013308,,156,0,
2037282,3052636,15630526362013308,,156,0,
2037282,3052634,15730526342013308,,157,0,
2037282,3052635,15730526352013308,,157,0,
2037282,3052636,15730526362013308,,157,0,
2037282,3052634,15830526342013308,,158,0,
2037282,3052635,15830526352013308,,158,0,
2037282,3052636,15830526362013308,,158,0,
2037282,3052634,15930526342013308,,159,0,
2037282,3052635,15930526352013308,,159,0,
2037282,3052636,15930526362013308,,159,0,
2037282,3052634,16030526342013308,,160,0,
2037282,3052635,16030526352013308,,160,0,
2037282,3052636,16030526362013308,,160,0,
2037282,3052634,16130526342013308,,161,0,
2037282,3052635,16130526352013308,,161,0,
2037282,3052636,16130526362013308,,161,0,
2037282,3052634,16230526342013308,,162,0,
2037282,3052635,16230526352013308,,162,0,
2037282,3052636,16230526362013308,,162,0,
2037282,3052633,1630526332013308,,16,0,
2037282,3052634,1630526342013308,,16,0,
2037282,3052635,1630526352013308,,16,0,
2037282,3052636,1630526362013308,,16,0,
2037282,3052634,16330526342013308,,163,0,
2037282,3052635,16330526352013308,,163,0,
2037282,3052636,16330526362013308,,163,0,
2037282,3052634,16430526342013308,,164,0,
2037282,3052635,16430526352013308,,164,0,
2037282,3052636,16430526362013308,,164,0,
2037282,3052634,16530526342013308,,165,0,
2037282,3052635,16530526352013308,,165,0,
2037282,3052636,16530526362013308,,165,0,
2037282,3052634,16630526342013308,,166,0,
2037282,3052635,16630526352013308,,166,0,
2037282,3052636,16630526362013308,,166,0,
2037282,3052634,16730526342013308,,167,0,
2037282,3052635,16730526352013308,,167,0,
2037282,3052636,16730526362013308,,167,0,
2037282,3052634,16830526342013308,,168,0,
2037282,3052635,16830526352013308,,168,0,
2037282,3052636,16830526362013308,,168,0,
2037282,3052634,16930526342013308,,169,0,
2037282,3052635,16930526352013308,,169,0,
2037282,3052636,16930526362013308,,169,0,
2037282,3052634,17030526342013308,,170,0,
2037282,3052635,17030526352013308,,170,0,
2037282,3052636,17030526362013308,,170,0,
2037282,3052634,17130526342013308,,171,0,
2037282,3052635,17130526352013308,,171,0,
2037282,3052636,17130526362013308,,171,0,
2037282,3052634,17230526342013308,,172,0,
2037282,3052635,17230526352013308,,172,0,
2037282,3052636,17230526362013308,,172,0,
2037282,3052633,1730526332013308,,17,0,
2037282,3052634,1730526342013308,,17,0,
2037282,3052635,1730526352013308,,17,0,
2037282,3052636,1730526362013308,,17,0,
2037282,3052634,17330526342013308,,173,0,
2037282,3052635,17330526352013308,,173,0,
2037282,3052636,17330526362013308,,173,0,
2037282,3052634,17430526342013308,,174,0,
2037282,3052635,17430526352013308,,174,0,
2037282,3052636,17430526362013308,,174,0,
2037282,3052634,17530526342013308,,175,0,
2037282,3052635,17530526352013308,,175,0,
2037282,13052636,17530526362013308,,175,0,
2037282,3052634,17630526342013308,,176,0,
2037282,3052635,17630526352013308,,176,0,
2037282,13052636,17630526362013308,,176,0,
2037282,3052634,17730526342013308,,177,0,
2037282,3052635,17730526352013308,,177,0,
2037282,13052636,17730526362013308,,177,0,
2037282,3052634,17830526342013308,,178,0,
2037282,3052635,17830526352013308,,178,0,
2037282,13052636,17830526362013308,,178,0,
2037282,3052634,17930526342013308,,179,0,
2037282,3052635,17930526352013308,,179,0,
2037282,3052634,18030526342013308,,180,0,
2037282,3052635,18030526352013308,,180,0,
2037282,3052634,18130526342013308,,181,0,
2037282,3052635,18130526352013308,,181,0,
2037282,3052634,18230526342013308,,182,0,
2037282,3052635,18230526352013308,,182,0,
2037282,3052633,1830526332013308,,18,0,
2037282,3052634,1830526342013308,,18,0,
2037282,3052635,1830526352013308,,18,0,
2037282,3052636,1830526362013308,,18,0,
2037282,3052634,18330526342013308,,183,0,
2037282,3052635,18330526352013308,,183,0,
2037282,3052634,18430526342013308,,184,0,
2037282,3052635,18430526352013308,,184,0,
2037282,3052634,18530526342013308,,185,0,
2037282,3052635,18530526352013308,,185,0,
2037282,3052634,18630526342013308,,186,0,
2037282,3052635,18630526352013308,,186,0,
2037282,3052634,18730526342013308,,187,0,
2037282,3052635,18730526352013308,,187,0,
2037282,3052634,18830526342013308,,188,0,
2037282,3052635,18830526352013308,,188,0,
2037282,3052634,18930526342013308,,189,0,
2037282,3052635,18930526352013308,,189,0,
2037282,3052634,19030526342013308,,190,0,
2037282,3052635,19030526352013308,,190,0,
2037282,3052634,19130526342013308,,191,0,
2037282,3052635,19130526352013308,,191,0,
2037282,3052634,19230526342013308,,192,0,
2037282,3052635,19230526352013308,,192,0,
2037282,3052633,1930526332013308,,19,0,
2037282,3052634,1930526342013308,,19,0,
2037282,3052635,1930526352013308,,19,0,
2037282,3052636,1930526362013308,,19,0,
2037282,3052634,19330526342013308,,193,0,
2037282,13052635,19330526352013308,,193,0,
2037282,3052634,19430526342013308,,194,0,
2037282,13052635,19430526352013308,,194,0,
2037282,3052634,19530526342013308,,195,0,
2037282,13052635,19530526352013308,,195,0,
2037282,3052634,19630526342013308,,196,0,
2037282,3052634,19730526342013308,,197,0,
2037282,3052634,19830526342013308,,198,0,
2037282,3052634,19930526342013308,,199,0,
2037282,3052634,20030526342013308,,200,0,
2037282,3052634,20130526342013308,,201,0,
2037282,3052634,20230526342013308,,202,0,
2037282,3052633,2030526332013308,,20,0,
2037282,3052634,2030526342013308,,20,0,
2037282,3052635,2030526352013308,,20,0,
2037282,3052636,2030526362013308,,20,0,
2037282,3052634,20330526342013308,,203,0,
2037282,3052634,20430526342013308,,204,0,
2037282,3052634,20530526342013308,,205,0,
2037282,13052634,20630526342013308,,206,0,
2037282,13052634,20730526342013308,,207,0,
2037282,13052634,20830526342013308,,208,0,
2037282,3052633,2130526332013308,,21,0,
2037282,3052634,2130526342013308,,21,0,
2037282,3052635,2130526352013308,,21,0,
2037282,3052636,2130526362013308,,21,0,
2037282,3052633,2230526332013308,,22,0,
2037282,3052634,2230526342013308,,22,0,
2037282,3052635,2230526352013308,,22,0,
2037282,3052636,2230526362013308,,22,0,
2037282,3052633,230526332013308,,2,0,
2037282,3052634,230526342013308,,2,0,
2037282,3052635,230526352013308,,2,0,
2037282,3052636,230526362013308,,2,0,
2037282,3052633,2330526332013308,,23,0,
2037282,3052634,2330526342013308,,23,0,
2037282,3052635,2330526352013308,,23,0,
2037282,3052636,2330526362013308,,23,0,
2037282,3052633,2430526332013308,,24,0,
2037282,3052634,2430526342013308,,24,0,
2037282,3052635,2430526352013308,,24,0,
2037282,3052636,2430526362013308,,24,0,
2037282,3052633,2530526332013308,,25,0,
2037282,3052634,2530526342013308,,25,0,
2037282,3052635,2530526352013308,,25,0,
2037282,3052636,2530526362013308,,25,0,
2037282,3052633,2630526332013308,,26,0,
2037282,3052634,2630526342013308,,26,0,
2037282,3052635,2630526352013308,,26,0,
2037282,3052636,2630526362013308,,26,0,
2037282,3052633,2730526332013308,,27,0,
2037282,3052634,2730526342013308,,27,0,
2037282,3052635,2730526352013308,,27,0,
2037282,3052636,2730526362013308,,27,0,
2037282,3052633,2830526332013308,,28,0,
2037282,3052634,2830526342013308,,28,0,
2037282,3052635,2830526352013308,,28,0,
2037282,3052636,2830526362013308,,28,0,
2037282,3052633,2930526332013308,,29,0,
2037282,3052634,2930526342013308,,29,0,
2037282,3052635,2930526352013308,,29,0,
2037282,3052636,2930526362013308,,29,0,
2037282,3052633,3030526332013308,,30,0,
2037282,3052634,3030526342013308,,30,0,
2037282,3052635,3030526352013308,,30,0,
2037282,3052636,3030526362013308,,30,0,
2037282,3052633,3130526332013308,,31,0,
2037282,3052634,3130526342013308,,31,0,
2037282,3052635,3130526352013308,,31,0,
2037282,3052636,3130526362013308,,31,0,
2037282,3052633,3230526332013308,,32,0,
2037282,3052634,3230526342013308,,32,0,
2037282,3052635,3230526352013308,,32,0,
2037282,3052636,3230526362013308,,32,0,
2037282,3052633,330526332013308,,3,0,
2037282,3052634,330526342013308,,3,0,
2037282,3052635,330526352013308,,3,0,
2037282,3052636,330526362013308,,3,0,
2037282,3052633,3330526332013308,,33,0,
2037282,3052634,3330526342013308,,33,0,
2037282,3052635,3330526352013308,,33,0,
2037282,3052636,3330526362013308,,33,0,
2037282,3052633,3430526332013308,,34,0,
2037282,3052634,3430526342013308,,34,0,
2037282,3052635,3430526352013308,,34,0,
2037282,3052636,3430526362013308,,34,0,
2037282,3052633,3530526332013308,,35,0,
2037282,3052634,3530526342013308,,35,0,
2037282,3052635,3530526352013308,,35,0,
2037282,3052636,3530526362013308,,35,0,
2037282,3052633,3630526332013308,,36,0,
2037282,3052634,3630526342013308,,36,0,
2037282,3052635,3630526352013308,,36,0,
2037282,3052636,3630526362013308,,36,0,
2037282,3052633,3730526332013308,,37,0,
2037282,3052634,3730526342013308,,37,0,
2037282,3052635,3730526352013308,,37,0,
2037282,3052636,3730526362013308,,37,0,
2037282,3052633,3830526332013308,,38,0,
2037282,3052634,3830526342013308,,38,0,
2037282,3052635,3830526352013308,,38,0,
2037282,3052636,3830526362013308,,38,0,
2037282,3052633,3930526332013308,,39,0,
2037282,3052634,3930526342013308,,39,0,
2037282,3052635,3930526352013308,,39,0,
2037282,3052636,3930526362013308,,39,0,
2037282,3052633,4030526332013308,,40,0,
2037282,3052634,4030526342013308,,40,0,
2037282,3052635,4030526352013308,,40,0,
2037282,3052636,4030526362013308,,40,0,
2037282,3052633,4130526332013308,,41,0,
2037282,3052634,4130526342013308,,41,0,
2037282,3052635,4130526352013308,,41,0,
2037282,3052636,4130526362013308,,41,0,
2037282,3052633,4230526332013308,,42,0,
2037282,3052634,4230526342013308,,42,0,
2037282,3052635,4230526352013308,,42,0,
2037282,3052636,4230526362013308,,42,0,
2037282,3052633,430526332013308,,4,0,
2037282,3052634,430526342013308,,4,0,
2037282,3052635,430526352013308,,4,0,
2037282,3052636,430526362013308,,4,0,
2037282,3052633,4330526332013308,,43,0,
2037282,3052634,4330526342013308,,43,0,
2037282,3052635,4330526352013308,,43,0,
2037282,3052636,4330526362013308,,43,0,
2037282,3052633,4430526332013308,,44,0,
2037282,3052634,4430526342013308,,44,0,
2037282,3052635,4430526352013308,,44,0,
2037282,3052636,4430526362013308,,44,0,
2037282,3052633,4530526332013308,,45,0,
2037282,3052634,4530526342013308,,45,0,
2037282,3052635,4530526352013308,,45,0,
2037282,3052636,4530526362013308,,45,0,
2037282,3052633,4630526332013308,,46,0,
2037282,3052634,4630526342013308,,46,0,
2037282,3052635,4630526352013308,,46,0,
2037282,3052636,4630526362013308,,46,0,
2037282,3052633,4730526332013308,,47,0,
2037282,3052634,4730526342013308,,47,0,
2037282,3052635,4730526352013308,,47,0,
2037282,3052636,4730526362013308,,47,0,
2037282,3052633,4830526332013308,,48,0,
2037282,3052634,4830526342013308,,48,0,
2037282,3052635,4830526352013308,,48,0,
2037282,3052636,4830526362013308,,48,0,
2037282,3052633,4930526332013308,,49,0,
2037282,3052634,4930526342013308,,49,0,
2037282,3052635,4930526352013308,,49,0,
2037282,3052636,4930526362013308,,49,0,
2037282,3052633,5030526332013308,,50,0,
2037282,3052634,5030526342013308,,50,0,
2037282,3052635,5030526352013308,,50,0,
2037282,3052636,5030526362013308,,50,0,
2037282,3052633,5130526332013308,,51,0,
2037282,3052634,5130526342013308,,51,0,
2037282,3052635,5130526352013308,,51,0,
2037282,3052636,5130526362013308,,51,0,
2037282,3052633,5230526332013308,,52,0,
2037282,3052634,5230526342013308,,52,0,
2037282,3052635,5230526352013308,,52,0,
2037282,3052636,5230526362013308,,52,0,
2037282,3052633,530526332013308,,5,0,
2037282,3052634,530526342013308,,5,0,
2037282,3052635,530526352013308,,5,0,
2037282,3052636,530526362013308,,5,0,
2037282,3052633,5330526332013308,,53,0,
2037282,3052634,5330526342013308,,53,0,
2037282,3052635,5330526352013308,,53,0,
2037282,3052636,5330526362013308,,53,0,
2037282,3052633,5430526332013308,,54,0,
2037282,3052634,5430526342013308,,54,0,
2037282,3052635,5430526352013308,,54,0,
2037282,3052636,5430526362013308,,54,0,
2037282,3052633,5530526332013308,,55,0,
2037282,3052634,5530526342013308,,55,0,
2037282,3052635,5530526352013308,,55,0,
2037282,3052636,5530526362013308,,55,0,
2037282,3052633,5630526332013308,,56,0,
2037282,3052634,5630526342013308,,56,0,
2037282,3052635,5630526352013308,,56,0,
2037282,3052636,5630526362013308,,56,0,
2037282,3052633,5730526332013308,,57,0,
2037282,3052634,5730526342013308,,57,0,
2037282,3052635,5730526352013308,,57,0,
2037282,3052636,5730526362013308,,57,0,
2037282,3052633,5830526332013308,,58,0,
2037282,3052634,5830526342013308,,58,0,
2037282,3052635,5830526352013308,,58,0,
2037282,3052636,5830526362013308,,58,0,
2037282,3052633,5930526332013308,,59,0,
2037282,3052634,5930526342013308,,59,0,
2037282,3052635,5930526352013308,,59,0,
2037282,3052636,5930526362013308,,59,0,
2037282,3052633,6030526332013308,,60,0,
2037282,3052634,6030526342013308,,60,0,
2037282,3052635,6030526352013308,,60,0,
2037282,3052636,6030526362013308,,60,0,
2037282,3052633,6130526332013308,,61,0,
2037282,3052634,6130526342013308,,61,0,
2037282,3052635,6130526352013308,,61,0,
2037282,3052636,6130526362013308,,61,0,
2037282,3052633,6230526332013308,,62,0,
2037282,3052634,6230526342013308,,62,0,
2037282,3052635,6230526352013308,,62,0,
2037282,3052636,6230526362013308,,62,0,
2037282,3052633,630526332013308,,6,0,
2037282,3052634,630526342013308,,6,0,
2037282,3052635,630526352013308,,6,0,
2037282,3052636,630526362013308,,6,0,
2037282,3052633,6330526332013308,,63,0,
2037282,3052634,6330526342013308,,63,0,
2037282,3052635,6330526352013308,,63,0,
2037282,3052636,6330526362013308,,63,0,
2037282,3052633,6430526332013308,,64,0,
2037282,3052634,6430526342013308,,64,0,
2037282,3052635,6430526352013308,,64,0,
2037282,3052636,6430526362013308,,64,0,
2037282,3052633,6530526332013308,,65,0,
2037282,3052634,6530526342013308,,65,0,
2037282,3052635,6530526352013308,,65,0,
2037282,3052636,6530526362013308,,65,0,
2037282,3052633,6630526332013308,,66,0,
2037282,3052634,6630526342013308,,66,0,
2037282,3052635,6630526352013308,,66,0,
2037282,3052636,6630526362013308,,66,0,
2037282,3052633,6730526332013308,,67,0,
2037282,3052634,6730526342013308,,67,0,
2037282,3052635,6730526352013308,,67,0,
2037282,3052636,6730526362013308,,67,0,
2037282,3052633,6830526332013308,,68,0,
2037282,3052634,6830526342013308,,68,0,
2037282,3052635,6830526352013308,,68,0,
2037282,3052636,6830526362013308,,68,0,
2037282,3052633,6930526332013308,,69,0,
2037282,3052634,6930526342013308,,69,0,
2037282,3052635,6930526352013308,,69,0,
2037282,3052636,6930526362013308,,69,0,
2037282,3052633,7030526332013308,,70,0,
2037282,3052634,7030526342013308,,70,0,
2037282,3052635,7030526352013308,,70,0,
2037282,3052636,7030526362013308,,70,0,
2037282,3052633,7130526332013308,,71,0,
2037282,3052634,7130526342013308,,71,0,
2037282,3052635,7130526352013308,,71,0,
2037282,3052636,7130526362013308,,71,0,
2037282,3052633,7230526332013308,,72,0,
2037282,3052634,7230526342013308,,72,0,
2037282,3052635,7230526352013308,,72,0,
2037282,3052636,7230526362013308,,72,0,
2037282,3052633,730526332013308,,7,0,
2037282,3052634,730526342013308,,7,0,
2037282,3052635,730526352013308,,7,0,
2037282,3052636,730526362013308,,7,0,
2037282,3052633,7330526332013308,,73,0,
2037282,3052634,7330526342013308,,73,0,
2037282,3052635,7330526352013308,,73,0,
2037282,3052636,7330526362013308,,73,0,
2037282,3052633,7430526332013308,,74,0,
2037282,3052634,7430526342013308,,74,0,
2037282,3052635,7430526352013308,,74,0,
2037282,3052636,7430526362013308,,74,0,
2037282,3052633,7530526332013308,,75,0,
2037282,3052634,7530526342013308,,75,0,
2037282,3052635,7530526352013308,,75,0,
2037282,3052636,7530526362013308,,75,0,
2037282,3052633,7630526332013308,,76,0,
2037282,3052634,7630526342013308,,76,0,
2037282,3052635,7630526352013308,,76,0,
2037282,3052636,7630526362013308,,76,0,
2037282,3052633,7730526332013308,,77,0,
2037282,3052634,7730526342013308,,77,0,
2037282,3052635,7730526352013308,,77,0,
2037282,3052636,7730526362013308,,77,0,
2037282,3052633,7830526332013308,,78,0,
2037282,3052634,7830526342013308,,78,0,
2037282,3052635,7830526352013308,,78,0,
2037282,3052636,7830526362013308,,78,0,
2037282,3052633,7930526332013308,,79,0,
2037282,3052634,7930526342013308,,79,0,
2037282,3052635,7930526352013308,,79,0,
2037282,3052636,7930526362013308,,79,0,
2037282,3052633,8030526332013308,,80,0,
2037282,3052634,8030526342013308,,80,0,
2037282,3052635,8030526352013308,,80,0,
2037282,3052636,8030526362013308,,80,0,
2037282,3052633,8130526332013308,,81,0,
2037282,3052634,8130526342013308,,81,0,
2037282,3052635,8130526352013308,,81,0,
2037282,3052636,8130526362013308,,81,0,
2037282,3052633,8230526332013308,,82,0,
2037282,3052634,8230526342013308,,82,0,
2037282,3052635,8230526352013308,,82,0,
2037282,3052636,8230526362013308,,82,0,
2037282,3052633,830526332013308,,8,0,
2037282,3052634,830526342013308,,8,0,
2037282,3052635,830526352013308,,8,0,
2037282,3052636,830526362013308,,8,0,
2037282,3052633,8330526332013308,,83,0,
2037282,3052634,8330526342013308,,83,0,
2037282,3052635,8330526352013308,,83,0,
2037282,3052636,8330526362013308,,83,0,
2037282,3052633,8430526332013308,,84,0,
2037282,3052634,8430526342013308,,84,0,
2037282,3052635,8430526352013308,,84,0,
2037282,3052636,8430526362013308,,84,0,
2037282,3052633,8530526332013308,,85,0,
2037282,3052634,8530526342013308,,85,0,
2037282,3052635,8530526352013308,,85,0,
2037282,3052636,8530526362013308,,85,0,
2037282,3052633,8630526332013308,,86,0,
2037282,3052634,8630526342013308,,86,0,
2037282,3052635,8630526352013308,,86,0,
2037282,3052636,8630526362013308,,86,0,
2037282,3052633,8730526332013308,,87,0,
2037282,3052634,8730526342013308,,87,0,
2037282,3052635,8730526352013308,,87,0,
2037282,3052636,8730526362013308,,87,0,
2037282,3052633,8830526332013308,,88,0,
2037282,3052634,8830526342013308,,88,0,
2037282,3052635,8830526352013308,,88,0,
2037282,3052636,8830526362013308,,88,0,
2037282,3052633,8930526332013308,,89,0,
2037282,3052634,8930526342013308,,89,0,
2037282,3052635,8930526352013308,,89,0,
2037282,3052636,8930526362013308,,89,0,
2037282,3052633,9030526332013308,,90,0,
2037282,3052634,9030526342013308,,90,0,
2037282,3052635,9030526352013308,,90,0,
2037282,3052636,9030526362013308,,90,0,
2037282,3052633,9130526332013308,,91,0,
2037282,3052634,9130526342013308,,91,0,
2037282,3052635,9130526352013308,,91,0,
2037282,3052636,9130526362013308,,91,0,
2037282,3052633,9230526332013308,,92,0,
2037282,3052634,9230526342013308,,92,0,
2037282,3052635,9230526352013308,,92,0,
2037282,3052636,9230526362013308,,92,0,
2037282,3052633,930526332013308,,9,0,
2037282,3052634,930526342013308,,9,0,
2037282,3052635,930526352013308,,9,0,
2037282,3052636,930526362013308,,9,0,
2037282,3052633,9330526332013308,,93,0,
2037282,3052634,9330526342013308,,93,0,
2037282,3052635,9330526352013308,,93,0,
2037282,3052636,9330526362013308,,93,0,
2037282,3052633,9430526332013308,,94,0,
2037282,3052634,9430526342013308,,94,0,
2037282,3052635,9430526352013308,,94,0,
2037282,3052636,9430526362013308,,94,0,
2037282,3052633,9530526332013308,,95,0,
2037282,3052634,9530526342013308,,95,0,
2037282,3052635,9530526352013308,,95,0,
2037282,3052636,9530526362013308,,95,0,
2037282,3052633,9630526332013308,,96,0,
2037282,3052634,9630526342013308,,96,0,
2037282,3052635,9630526352013308,,96,0,
2037282,3052636,9630526362013308,,96,0,
2037282,3052633,9730526332013308,,97,0,
2037282,3052634,9730526342013308,,97,0,
2037282,3052635,9730526352013308,,97,0,
2037282,3052636,9730526362013308,,97,0,
2037282,3052633,9830526332013308,,98,0,
2037282,3052634,9830526342013308,,98,0,
2037282,3052635,9830526352013308,,98,0,
2037282,3052636,9830526362013308,,98,0,
2037282,3052633,9930526332013308,,99,0,
2037282,3052634,9930526342013308,,99,0,
2037282,3052635,9930526352013308,,99,0,
2037282,3052636,9930526362013308,,99,0,
2037282,3052633,130526332013306,,1,0,
2037282,13052633,230526332013306,,2,0,
2037282,3052633,130526332013307,,1,0,
2037282,13052634,130526342013307,,1,0,
2037282,13052635,130526352013307,,1,0,
2037282,13052636,130526362013307,,1,0,
2037282,13052633,230526332013307,,2,0,
2037282,13052633,330526332013307,,3,0,
2037282,3052633,130526332013309,,1,0,
2037282,3052634,130526342013309,,1,0,
2037282,3052635,130526352013309,,1,0,
2037282,3052636,130526362013309,,1,0,
2037282,3052633,230526332013309,,2,0,
2037282,3052634,230526342013309,,2,0,
2037282,3052635,230526352013309,,2,0,
2037282,3052636,230526362013309,,2,0,
2037282,3052633,330526332013309,,3,0,
2037282,3052634,330526342013309,,3,0,
2037282,3052635,330526352013309,,3,0,
2037282,3052636,330526362013309,,3,0,
2037282,3052633,430526332013309,,4,0,
2037282,3052634,430526342013309,,4,0,
2037282,3052635,430526352013309,,4,0,
2037282,3052636,430526362013309,,4,0,
2037282,3052634,530526342013309,,5,0,
