route_id,service_id,trip_id,trip_headsign,trip_short_name,direction_id,shape_id
2166177,2946289,1029462891678296,,10,0,
2166177,2946290,1029462901678296,,10,0,
2166177,2946293,1029462931678296,,10,0,
2166177,2946294,1029462941678296,,10,0,
2166177,2946297,1029462971678296,,10,0,
2166177,2946300,1029463001678296,,10,0,
2166177,2946301,1029463011678296,,10,0,
2166177,2946302,1029463021678296,,10,0,
2166177,2946289,1129462891678296,,11,0,
2166177,2946290,1129462901678296,,11,0,
2166177,2946293,1129462931678296,,11,0,
2166177,2946294,1129462941678296,,11,0,
2166177,2946297,1129462971678296,,11,0,
2166177,2946300,1129463001678296,,11,0,
2166177,2946301,1129463011678296,,11,0,
2166177,2946302,1129463021678296,,11,0,
2166177,2946289,1229462891678296,,12,0,
2166177,2946290,1229462901678296,,12,0,
2166177,2946293,1229462931678296,,12,0,
2166177,2946294,1229462941678296,,12,0,
2166177,2946297,1229462971678296,,12,0,
2166177,2946300,1229463001678296,,12,0,
2166177,2946301,1229463011678296,,12,0,
2166177,2946302,1229463021678296,,12,0,
2166177,2946289,129462891678296,,1,0,
2166177,2946290,129462901678296,,1,0,
2166177,2946293,129462931678296,,1,0,
2166177,2946294,129462941678296,,1,0,
2166177,2946297,129462971678296,,1,0,
2166177,2946300,129463001678296,,1,0,
2166177,2946301,129463011678296,,1,0,
2166177,2946302,129463021678296,,1,0,
2166177,2946289,1329462891678296,,13,0,
2166177,2946290,1329462901678296,,13,0,
2166177,2946293,1329462931678296,,13,0,
2166177,2946294,1329462941678296,,13,0,
2166177,2946297,1329462971678296,,13,0,
2166177,2946300,1329463001678296,,13,0,
2166177,2946301,1329463011678296,,13,0,
2166177,2946302,1329463021678296,,13,0,
2166177,2946289,1429462891678296,,14,0,
2166177,2946290,1429462901678296,,14,0,
2166177,2946293,1429462931678296,,14,0,
2166177,2946294,1429462941678296,,14,0,
2166177,2946297,1429462971678296,,14,0,
2166177,2946300,1429463001678296,,14,0,
2166177,2946301,1429463011678296,,14,0,
2166177,2946302,1429463021678296,,14,0,
2166177,2946289,1529462891678296,,15,0,
2166177,2946290,1529462901678296,,15,0,
2166177,2946293,1529462931678296,,15,0,
2166177,2946294,1529462941678296,,15,0,
2166177,2946297,1529462971678296,,15,0,
2166177,2946300,1529463001678296,,15,0,
2166177,2946301,1529463011678296,,15,0,
2166177,2946302,1529463021678296,,15,0,
2166177,2946289,1629462891678296,,16,0,
2166177,2946290,1629462901678296,,16,0,
2166177,2946293,1629462931678296,,16,0,
2166177,2946294,1629462941678296,,16,0,
2166177,2946297,1629462971678296,,16,0,
2166177,2946300,1629463001678296,,16,0,
2166177,2946301,1629463011678296,,16,0,
2166177,2946302,1629463021678296,,16,0,
2166177,2946289,1729462891678296,,17,0,
2166177,2946290,1729462901678296,,17,0,
2166177,2946293,1729462931678296,,17,0,
2166177,2946294,1729462941678296,,17,0,
2166177,2946297,1729462971678296,,17,0,
2166177,2946300,1729463001678296,,17,0,
2166177,2946301,1729463011678296,,17,0,
2166177,2946302,1729463021678296,,17,0,
2166177,2946289,1829462891678296,,18,0,
2166177,2946290,1829462901678296,,18,0,
2166177,2946293,1829462931678296,,18,0,
2166177,2946294,1829462941678296,,18,0,
2166177,2946297,1829462971678296,,18,0,
2166177,2946300,1829463001678296,,18,0,
2166177,2946301,1829463011678296,,18,0,
2166177,2946302,1829463021678296,,18,0,
2166177,2946289,1929462891678296,,19,0,
2166177,2946290,1929462901678296,,19,0,
2166177,2946293,1929462931678296,,19,0,
2166177,2946294,1929462941678296,,19,0,
2166177,2946297,1929462971678296,,19,0,
2166177,2946300,1929463001678296,,19,0,
2166177,2946301,1929463011678296,,19,0,
2166177,2946302,1929463021678296,,19,0,
2166177,2946289,2029462891678296,,20,0,
2166177,2946290,2029462901678296,,20,0,
2166177,2946293,2029462931678296,,20,0,
2166177,2946294,2029462941678296,,20,0,
2166177,2946297,2029462971678296,,20,0,
2166177,2946300,2029463001678296,,20,0,
2166177,2946301,2029463011678296,,20,0,
2166177,2946302,2029463021678296,,20,0,
2166177,2946289,2129462891678296,,21,0,
2166177,2946290,2129462901678296,,21,0,
2166177,2946293,2129462931678296,,21,0,
2166177,2946294,2129462941678296,,21,0,
2166177,2946297,2129462971678296,,21,0,
2166177,2946300,2129463001678296,,21,0,
2166177,2946301,2129463011678296,,21,0,
2166177,2946302,2129463021678296,,21,0,
2166177,2946289,2229462891678296,,22,0,
2166177,2946290,2229462901678296,,22,0,
2166177,2946293,2229462931678296,,22,0,
2166177,2946294,2229462941678296,,22,0,
2166177,2946297,2229462971678296,,22,0,
2166177,2946300,2229463001678296,,22,0,
2166177,2946301,2229463011678296,,22,0,
2166177,2946302,2229463021678296,,22,0,
2166177,2946289,229462891678296,,2,0,
2166177,2946290,229462901678296,,2,0,
2166177,2946293,229462931678296,,2,0,
2166177,2946294,229462941678296,,2,0,
2166177,2946297,229462971678296,,2,0,
2166177,2946300,229463001678296,,2,0,
2166177,2946301,229463011678296,,2,0,
2166177,2946302,229463021678296,,2,0,
2166177,2946289,2329462891678296,,23,0,
2166177,2946290,2329462901678296,,23,0,
2166177,2946293,2329462931678296,,23,0,
2166177,2946294,2329462941678296,,23,0,
2166177,2946297,2329462971678296,,23,0,
2166177,2946300,2329463001678296,,23,0,
2166177,2946301,2329463011678296,,23,0,
2166177,2946302,2329463021678296,,23,0,
2166177,2946289,2429462891678296,,24,0,
2166177,2946290,2429462901678296,,24,0,
2166177,2946293,2429462931678296,,24,0,
2166177,2946294,2429462941678296,,24,0,
2166177,2946297,2429462971678296,,24,0,
2166177,2946300,2429463001678296,,24,0,
2166177,2946301,2429463011678296,,24,0,
2166177,2946302,2429463021678296,,24,0,
2166177,2946289,2529462891678296,,25,0,
2166177,2946290,2529462901678296,,25,0,
2166177,2946293,2529462931678296,,25,0,
2166177,2946294,2529462941678296,,25,0,
2166177,2946297,2529462971678296,,25,0,
2166177,2946300,2529463001678296,,25,0,
2166177,2946301,2529463011678296,,25,0,
2166177,2946302,2529463021678296,,25,0,
2166177,2946289,2629462891678296,,26,0,
2166177,2946290,2629462901678296,,26,0,
2166177,2946293,2629462931678296,,26,0,
2166177,2946294,2629462941678296,,26,0,
2166177,2946297,2629462971678296,,26,0,
2166177,2946300,2629463001678296,,26,0,
2166177,2946301,2629463011678296,,26,0,
2166177,2946302,2629463021678296,,26,0,
2166177,2946289,2729462891678296,,27,0,
2166177,2946290,2729462901678296,,27,0,
2166177,2946293,2729462931678296,,27,0,
2166177,2946294,2729462941678296,,27,0,
2166177,2946297,2729462971678296,,27,0,
2166177,2946300,2729463001678296,,27,0,
2166177,2946301,2729463011678296,,27,0,
2166177,2946302,2729463021678296,,27,0,
2166177,2946289,2829462891678296,,28,0,
2166177,2946290,2829462901678296,,28,0,
2166177,2946293,2829462931678296,,28,0,
2166177,2946294,2829462941678296,,28,0,
2166177,2946297,2829462971678296,,28,0,
2166177,2946300,2829463001678296,,28,0,
2166177,2946301,2829463011678296,,28,0,
2166177,2946302,2829463021678296,,28,0,
2166177,2946289,2929462891678296,,29,0,
2166177,2946290,2929462901678296,,29,0,
2166177,2946293,2929462931678296,,29,0,
2166177,2946294,2929462941678296,,29,0,
2166177,2946297,2929462971678296,,29,0,
2166177,2946300,2929463001678296,,29,0,
2166177,2946301,2929463011678296,,29,0,
2166177,2946302,2929463021678296,,29,0,
2166177,2946289,3029462891678296,,30,0,
2166177,2946290,3029462901678296,,30,0,
2166177,2946293,3029462931678296,,30,0,
2166177,2946294,3029462941678296,,30,0,
2166177,2946297,3029462971678296,,30,0,
2166177,2946300,3029463001678296,,30,0,
2166177,2946301,3029463011678296,,30,0,
2166177,2946302,3029463021678296,,30,0,
2166177,2946289,3129462891678296,,31,0,
2166177,2946290,3129462901678296,,31,0,
2166177,2946293,3129462931678296,,31,0,
2166177,2946294,3129462941678296,,31,0,
2166177,2946297,3129462971678296,,31,0,
2166177,2946300,3129463001678296,,31,0,
2166177,2946301,3129463011678296,,31,0,
2166177,2946302,3129463021678296,,31,0,
2166177,2946289,3229462891678296,,32,0,
2166177,2946290,3229462901678296,,32,0,
2166177,2946293,3229462931678296,,32,0,
2166177,2946294,3229462941678296,,32,0,
2166177,2946297,3229462971678296,,32,0,
2166177,2946300,3229463001678296,,32,0,
2166177,2946301,3229463011678296,,32,0,
2166177,2946302,3229463021678296,,32,0,
2166177,2946289,329462891678296,,3,0,
2166177,2946290,329462901678296,,3,0,
2166177,2946293,329462931678296,,3,0,
2166177,2946294,329462941678296,,3,0,
2166177,2946297,329462971678296,,3,0,
2166177,2946300,329463001678296,,3,0,
2166177,2946301,329463011678296,,3,0,
2166177,2946302,329463021678296,,3,0,
2166177,2946289,3329462891678296,,33,0,
2166177,2946290,3329462901678296,,33,0,
2166177,2946293,3329462931678296,,33,0,
2166177,2946294,3329462941678296,,33,0,
2166177,2946297,3329462971678296,,33,0,
2166177,2946300,3329463001678296,,33,0,
2166177,2946301,3329463011678296,,33,0,
2166177,2946302,3329463021678296,,33,0,
2166177,2946289,3429462891678296,,34,0,
2166177,2946290,3429462901678296,,34,0,
2166177,2946293,3429462931678296,,34,0,
2166177,2946294,3429462941678296,,34,0,
2166177,2946297,3429462971678296,,34,0,
2166177,2946300,3429463001678296,,34,0,
2166177,2946301,3429463011678296,,34,0,
2166177,2946302,3429463021678296,,34,0,
2166177,2946289,3529462891678296,,35,0,
2166177,2946290,3529462901678296,,35,0,
2166177,2946293,3529462931678296,,35,0,
2166177,2946294,3529462941678296,,35,0,
2166177,2946297,3529462971678296,,35,0,
2166177,2946300,3529463001678296,,35,0,
2166177,2946301,3529463011678296,,35,0,
2166177,2946302,3529463021678296,,35,0,
2166177,2946289,3629462891678296,,36,0,
2166177,2946290,3629462901678296,,36,0,
2166177,2946293,3629462931678296,,36,0,
2166177,2946294,3629462941678296,,36,0,
2166177,2946297,3629462971678296,,36,0,
2166177,2946300,3629463001678296,,36,0,
2166177,2946301,3629463011678296,,36,0,
2166177,2946302,3629463021678296,,36,0,
2166177,2946289,3729462891678296,,37,0,
2166177,2946290,3729462901678296,,37,0,
2166177,2946293,3729462931678296,,37,0,
2166177,2946294,3729462941678296,,37,0,
2166177,2946297,3729462971678296,,37,0,
2166177,2946300,3729463001678296,,37,0,
2166177,2946301,3729463011678296,,37,0,
2166177,2946302,3729463021678296,,37,0,
2166177,2946289,3829462891678296,,38,0,
2166177,2946290,3829462901678296,,38,0,
2166177,2946293,3829462931678296,,38,0,
2166177,2946294,3829462941678296,,38,0,
2166177,2946297,3829462971678296,,38,0,
2166177,2946300,3829463001678296,,38,0,
2166177,2946301,3829463011678296,,38,0,
2166177,2946302,3829463021678296,,38,0,
2166177,2946289,3929462891678296,,39,0,
2166177,2946290,3929462901678296,,39,0,
2166177,2946293,3929462931678296,,39,0,
2166177,2946294,3929462941678296,,39,0,
2166177,2946297,3929462971678296,,39,0,
2166177,2946300,3929463001678296,,39,0,
2166177,2946301,3929463011678296,,39,0,
2166177,2946302,3929463021678296,,39,0,
2166177,2946289,4029462891678296,,40,0,
2166177,2946290,4029462901678296,,40,0,
2166177,2946293,4029462931678296,,40,0,
2166177,2946294,4029462941678296,,40,0,
2166177,2946297,4029462971678296,,40,0,
2166177,2946300,4029463001678296,,40,0,
2166177,2946301,4029463011678296,,40,0,
2166177,2946302,4029463021678296,,40,0,
2166177,2946289,4129462891678296,,41,0,
2166177,2946290,4129462901678296,,41,0,
2166177,2946293,4129462931678296,,41,0,
2166177,2946294,4129462941678296,,41,0,
2166177,2946297,4129462971678296,,41,0,
2166177,2946300,4129463001678296,,41,0,
2166177,2946301,4129463011678296,,41,0,
2166177,2946302,4129463021678296,,41,0,
2166177,2946289,4229462891678296,,42,0,
2166177,2946290,4229462901678296,,42,0,
2166177,2946293,4229462931678296,,42,0,
2166177,2946294,4229462941678296,,42,0,
2166177,2946297,4229462971678296,,42,0,
2166177,2946300,4229463001678296,,42,0,
2166177,2946301,4229463011678296,,42,0,
2166177,2946302,4229463021678296,,42,0,
2166177,2946289,429462891678296,,4,0,
2166177,2946290,429462901678296,,4,0,
2166177,2946293,429462931678296,,4,0,
2166177,2946294,429462941678296,,4,0,
2166177,2946297,429462971678296,,4,0,
2166177,2946300,429463001678296,,4,0,
2166177,2946301,429463011678296,,4,0,
2166177,2946302,429463021678296,,4,0,
2166177,2946289,4329462891678296,,43,0,
2166177,2946290,4329462901678296,,43,0,
2166177,2946293,4329462931678296,,43,0,
2166177,2946294,4329462941678296,,43,0,
2166177,2946297,4329462971678296,,43,0,
2166177,2946300,4329463001678296,,43,0,
2166177,2946301,4329463011678296,,43,0,
2166177,2946302,4329463021678296,,43,0,
2166177,2946289,4429462891678296,,44,0,
2166177,2946290,4429462901678296,,44,0,
2166177,2946293,4429462931678296,,44,0,
2166177,2946294,4429462941678296,,44,0,
2166177,2946297,4429462971678296,,44,0,
2166177,2946300,4429463001678296,,44,0,
2166177,2946301,4429463011678296,,44,0,
2166177,2946302,4429463021678296,,44,0,
2166177,2946289,4529462891678296,,45,0,
2166177,2946290,4529462901678296,,45,0,
2166177,2946293,4529462931678296,,45,0,
2166177,2946294,4529462941678296,,45,0,
2166177,2946297,4529462971678296,,45,0,
2166177,2946300,4529463001678296,,45,0,
2166177,2946301,4529463011678296,,45,0,
2166177,2946302,4529463021678296,,45,0,
2166177,2946289,4629462891678296,,46,0,
2166177,2946290,4629462901678296,,46,0,
2166177,2946293,4629462931678296,,46,0,
2166177,2946294,4629462941678296,,46,0,
2166177,2946297,4629462971678296,,46,0,
2166177,2946300,4629463001678296,,46,0,
2166177,2946301,4629463011678296,,46,0,
2166177,2946302,4629463021678296,,46,0,
2166177,2946289,4729462891678296,,47,0,
2166177,2946290,4729462901678296,,47,0,
2166177,2946293,4729462931678296,,47,0,
2166177,2946294,4729462941678296,,47,0,
2166177,2946297,4729462971678296,,47,0,
2166177,2946300,4729463001678296,,47,0,
2166177,2946301,4729463011678296,,47,0,
2166177,2946302,4729463021678296,,47,0,
2166177,2946289,4829462891678296,,48,0,
2166177,2946290,4829462901678296,,48,0,
2166177,2946293,4829462931678296,,48,0,
2166177,2946294,4829462941678296,,48,0,
2166177,2946297,4829462971678296,,48,0,
2166177,2946300,4829463001678296,,48,0,
2166177,2946301,4829463011678296,,48,0,
2166177,2946302,4829463021678296,,48,0,
2166177,12946289,4929462891678296,,49,0,
2166177,12946290,4929462901678296,,49,0,
2166177,2946293,4929462931678296,,49,0,
2166177,2946294,4929462941678296,,49,0,
2166177,2946297,4929462971678296,,49,0,
2166177,2946300,4929463001678296,,49,0,
2166177,2946301,4929463011678296,,49,0,
2166177,2946302,4929463021678296,,49,0,
2166177,12946289,5029462891678296,,50,0,
2166177,12946290,5029462901678296,,50,0,
2166177,2946293,5029462931678296,,50,0,
2166177,2946294,5029462941678296,,50,0,
2166177,2946297,5029462971678296,,50,0,
2166177,2946300,5029463001678296,,50,0,
2166177,2946301,5029463011678296,,50,0,
2166177,2946302,5029463021678296,,50,0,
2166177,12946289,5129462891678296,,51,0,
2166177,2946293,5129462931678296,,51,0,
2166177,2946294,5129462941678296,,51,0,
2166177,2946297,5129462971678296,,51,0,
2166177,2946300,5129463001678296,,51,0,
2166177,2946301,5129463011678296,,51,0,
2166177,2946302,5129463021678296,,51,0,
2166177,12946289,5229462891678296,,52,0,
2166177,2946293,5229462931678296,,52,0,
2166177,2946294,5229462941678296,,52,0,
2166177,2946297,5229462971678296,,52,0,
2166177,2946300,5229463001678296,,52,0,
2166177,2946301,5229463011678296,,52,0,
2166177,2946302,5229463021678296,,52,0,
2166177,2946289,529462891678296,,5,0,
2166177,2946290,529462901678296,,5,0,
2166177,2946293,529462931678296,,5,0,
2166177,2946294,529462941678296,,5,0,
2166177,2946297,529462971678296,,5,0,
2166177,2946300,529463001678296,,5,0,
2166177,2946301,529463011678296,,5,0,
2166177,2946302,529463021678296,,5,0,
2166177,2946293,5329462931678296,,53,0,
2166177,2946294,5329462941678296,,53,0,
2166177,2946297,5329462971678296,,53,0,
2166177,2946300,5329463001678296,,53,0,
2166177,2946301,5329463011678296,,53,0,
2166177,2946302,5329463021678296,,53,0,
2166177,2946293,5429462931678296,,54,0,
2166177,2946294,5429462941678296,,54,0,
2166177,2946297,5429462971678296,,54,0,
2166177,2946300,5429463001678296,,54,0,
2166177,2946301,5429463011678296,,54,0,
2166177,2946302,5429463021678296,,54,0,
2166177,2946293,5529462931678296,,55,0,
2166177,2946294,5529462941678296,,55,0,
2166177,2946297,5529462971678296,,55,0,
2166177,2946300,5529463001678296,,55,0,
2166177,2946301,5529463011678296,,55,0,
2166177,2946302,5529463021678296,,55,0,
2166177,2946293,5629462931678296,,56,0,
2166177,2946294,5629462941678296,,56,0,
2166177,2946297,5629462971678296,,56,0,
2166177,2946300,5629463001678296,,56,0,
2166177,2946301,5629463011678296,,56,0,
2166177,2946302,5629463021678296,,56,0,
2166177,2946293,5729462931678296,,57,0,
2166177,2946294,5729462941678296,,57,0,
2166177,2946297,5729462971678296,,57,0,
2166177,2946300,5729463001678296,,57,0,
2166177,2946301,5729463011678296,,57,0,
2166177,2946302,5729463021678296,,57,0,
2166177,2946293,5829462931678296,,58,0,
2166177,2946294,5829462941678296,,58,0,
2166177,2946297,5829462971678296,,58,0,
2166177,2946300,5829463001678296,,58,0,
2166177,2946301,5829463011678296,,58,0,
2166177,2946302,5829463021678296,,58,0,
2166177,2946293,5929462931678296,,59,0,
2166177,2946294,5929462941678296,,59,0,
2166177,2946297,5929462971678296,,59,0,
2166177,2946300,5929463001678296,,59,0,
2166177,2946301,5929463011678296,,59,0,
2166177,2946302,5929463021678296,,59,0,
2166177,2946293,6029462931678296,,60,0,
2166177,2946294,6029462941678296,,60,0,
2166177,2946297,6029462971678296,,60,0,
2166177,2946300,6029463001678296,,60,0,
2166177,2946301,6029463011678296,,60,0,
2166177,2946302,6029463021678296,,60,0,
2166177,2946293,6129462931678296,,61,0,
2166177,2946294,6129462941678296,,61,0,
2166177,12946297,6129462971678296,,61,0,
2166177,2946300,6129463001678296,,61,0,
2166177,2946301,6129463011678296,,61,0,
2166177,2946302,6129463021678296,,61,0,
2166177,2946293,6229462931678296,,62,0,
2166177,2946294,6229462941678296,,62,0,
2166177,12946297,6229462971678296,,62,0,
2166177,2946300,6229463001678296,,62,0,
2166177,2946301,6229463011678296,,62,0,
2166177,2946302,6229463021678296,,62,0,
2166177,2946289,629462891678296,,6,0,
2166177,2946290,629462901678296,,6,0,
2166177,2946293,629462931678296,,6,0,
2166177,2946294,629462941678296,,6,0,
2166177,2946297,629462971678296,,6,0,
2166177,2946300,629463001678296,,6,0,
2166177,2946301,629463011678296,,6,0,
2166177,2946302,629463021678296,,6,0,
2166177,2946293,6329462931678296,,63,0,
2166177,2946294,6329462941678296,,63,0,
2166177,12946297,6329462971678296,,63,0,
2166177,2946300,6329463001678296,,63,0,
2166177,2946301,6329463011678296,,63,0,
2166177,2946302,6329463021678296,,63,0,
2166177,2946293,6429462931678296,,64,0,
2166177,2946294,6429462941678296,,64,0,
2166177,12946297,6429462971678296,,64,0,
2166177,2946300,6429463001678296,,64,0,
2166177,2946301,6429463011678296,,64,0,
2166177,2946302,6429463021678296,,64,0,
2166177,2946293,6529462931678296,,65,0,
2166177,2946294,6529462941678296,,65,0,
2166177,2946300,6529463001678296,,65,0,
2166177,2946301,6529463011678296,,65,0,
2166177,2946302,6529463021678296,,65,0,
2166177,2946293,6629462931678296,,66,0,
2166177,2946294,6629462941678296,,66,0,
2166177,2946300,6629463001678296,,66,0,
2166177,2946301,6629463011678296,,66,0,
2166177,2946302,6629463021678296,,66,0,
2166177,2946293,6729462931678296,,67,0,
2166177,2946294,6729462941678296,,67,0,
2166177,2946300,6729463001678296,,67,0,
2166177,2946301,6729463011678296,,67,0,
2166177,2946302,6729463021678296,,67,0,
2166177,2946293,6829462931678296,,68,0,
2166177,2946294,6829462941678296,,68,0,
2166177,2946300,6829463001678296,,68,0,
2166177,2946301,6829463011678296,,68,0,
2166177,2946302,6829463021678296,,68,0,
2166177,2946293,6929462931678296,,69,0,
2166177,2946294,6929462941678296,,69,0,
2166177,2946300,6929463001678296,,69,0,
2166177,2946301,6929463011678296,,69,0,
2166177,2946302,6929463021678296,,69,0,
2166177,2946293,7029462931678296,,70,0,
2166177,2946294,7029462941678296,,70,0,
2166177,2946300,7029463001678296,,70,0,
2166177,2946301,7029463011678296,,70,0,
2166177,2946302,7029463021678296,,70,0,
2166177,2946293,7129462931678296,,71,0,
2166177,2946294,7129462941678296,,71,0,
2166177,2946300,7129463001678296,,71,0,
2166177,2946301,7129463011678296,,71,0,
2166177,2946302,7129463021678296,,71,0,
2166177,2946293,7229462931678296,,72,0,
2166177,2946294,7229462941678296,,72,0,
2166177,2946300,7229463001678296,,72,0,
2166177,2946301,7229463011678296,,72,0,
2166177,2946302,7229463021678296,,72,0,
2166177,2946289,729462891678296,,7,0,
2166177,2946290,729462901678296,,7,0,
2166177,2946293,729462931678296,,7,0,
2166177,2946294,729462941678296,,7,0,
2166177,2946297,729462971678296,,7,0,
2166177,2946300,729463001678296,,7,0,
2166177,2946301,729463011678296,,7,0,
2166177,2946302,729463021678296,,7,0,
2166177,2946293,7329462931678296,,73,0,
2166177,2946294,7329462941678296,,73,0,
2166177,2946300,7329463001678296,,73,0,
2166177,2946301,7329463011678296,,73,0,
2166177,2946302,7329463021678296,,73,0,
2166177,2946293,7429462931678296,,74,0,
2166177,2946294,7429462941678296,,74,0,
2166177,2946300,7429463001678296,,74,0,
2166177,2946301,7429463011678296,,74,0,
2166177,2946302,7429463021678296,,74,0,
2166177,2946293,7529462931678296,,75,0,
2166177,2946294,7529462941678296,,75,0,
2166177,2946300,7529463001678296,,75,0,
2166177,2946301,7529463011678296,,75,0,
2166177,2946302,7529463021678296,,75,0,
2166177,2946293,7629462931678296,,76,0,
2166177,2946294,7629462941678296,,76,0,
2166177,2946300,7629463001678296,,76,0,
2166177,2946301,7629463011678296,,76,0,
2166177,2946302,7629463021678296,,76,0,
2166177,2946293,7729462931678296,,77,0,
2166177,2946294,7729462941678296,,77,0,
2166177,2946300,7729463001678296,,77,0,
2166177,2946301,7729463011678296,,77,0,
2166177,2946302,7729463021678296,,77,0,
2166177,2946293,7829462931678296,,78,0,
2166177,2946294,7829462941678296,,78,0,
2166177,2946300,7829463001678296,,78,0,
2166177,2946301,7829463011678296,,78,0,
2166177,2946302,7829463021678296,,78,0,
2166177,2946293,7929462931678296,,79,0,
2166177,2946294,7929462941678296,,79,0,
2166177,2946300,7929463001678296,,79,0,
2166177,2946301,7929463011678296,,79,0,
2166177,2946302,7929463021678296,,79,0,
2166177,2946293,8029462931678296,,80,0,
2166177,2946294,8029462941678296,,80,0,
2166177,2946300,8029463001678296,,80,0,
2166177,2946301,8029463011678296,,80,0,
2166177,2946302,8029463021678296,,80,0,
2166177,2946293,8129462931678296,,81,0,
2166177,2946294,8129462941678296,,81,0,
2166177,2946300,8129463001678296,,81,0,
2166177,2946301,8129463011678296,,81,0,
2166177,2946302,8129463021678296,,81,0,
2166177,2946293,8229462931678296,,82,0,
2166177,2946294,8229462941678296,,82,0,
2166177,2946300,8229463001678296,,82,0,
2166177,2946301,8229463011678296,,82,0,
2166177,2946302,8229463021678296,,82,0,
2166177,2946289,829462891678296,,8,0,
2166177,2946290,829462901678296,,8,0,
2166177,2946293,829462931678296,,8,0,
2166177,2946294,829462941678296,,8,0,
2166177,2946297,829462971678296,,8,0,
2166177,2946300,829463001678296,,8,0,
2166177,2946301,829463011678296,,8,0,
2166177,2946302,829463021678296,,8,0,
2166177,2946293,8329462931678296,,83,0,
2166177,2946294,8329462941678296,,83,0,
2166177,2946300,8329463001678296,,83,0,
2166177,2946301,8329463011678296,,83,0,
2166177,2946302,8329463021678296,,83,0,
2166177,2946293,8429462931678296,,84,0,
2166177,2946294,8429462941678296,,84,0,
2166177,2946300,8429463001678296,,84,0,
2166177,2946301,8429463011678296,,84,0,
2166177,2946302,8429463021678296,,84,0,
2166177,2946293,8529462931678296,,85,0,
2166177,2946294,8529462941678296,,85,0,
2166177,2946300,8529463001678296,,85,0,
2166177,2946301,8529463011678296,,85,0,
2166177,2946302,8529463021678296,,85,0,
2166177,2946293,8629462931678296,,86,0,
2166177,2946294,8629462941678296,,86,0,
2166177,2946300,8629463001678296,,86,0,
2166177,2946301,8629463011678296,,86,0,
2166177,2946302,8629463021678296,,86,0,
2166177,2946293,8729462931678296,,87,0,
2166177,2946294,8729462941678296,,87,0,
2166177,2946300,8729463001678296,,87,0,
2166177,2946301,8729463011678296,,87,0,
2166177,2946302,8729463021678296,,87,0,
2166177,2946293,8829462931678296,,88,0,
2166177,12946294,8829462941678296,,88,0,
2166177,2946300,8829463001678296,,88,0,
2166177,12946301,8829463011678296,,88,0,
2166177,12946302,8829463021678296,,88,0,
2166177,2946293,8929462931678296,,89,0,
2166177,12946294,8929462941678296,,89,0,
2166177,2946300,8929463001678296,,89,0,
2166177,12946301,8929463011678296,,89,0,
2166177,12946302,8929463021678296,,89,0,
2166177,2946293,9029462931678296,,90,0,
2166177,2946300,9029463001678296,,90,0,
2166177,12946301,9029463011678296,,90,0,
2166177,12946302,9029463021678296,,90,0,
2166177,2946293,9129462931678296,,91,0,
2166177,2946300,9129463001678296,,91,0,
2166177,12946301,9129463011678296,,91,0,
2166177,12946302,9129463021678296,,91,0,
2166177,12946293,9229462931678296,,92,0,
2166177,12946300,9229463001678296,,92,0,
2166177,2946289,929462891678296,,9,0,
2166177,2946290,929462901678296,,9,0,
2166177,2946293,929462931678296,,9,0,
2166177,2946294,929462941678296,,9,0,
2166177,2946297,929462971678296,,9,0,
2166177,2946300,929463001678296,,9,0,
2166177,2946301,929463011678296,,9,0,
2166177,2946302,929463021678296,,9,0,
2166177,12946293,9329462931678296,,93,0,
2166177,12946300,9329463001678296,,93,0,
2166177,12946300,9429463001678296,,94,0,
2166177,12946300,9529463001678296,,95,0,
2166178,2946289,1029462891837029,,10,1,
2166178,2946290,1029462901837029,,10,1,
2166178,2946293,1029462931837029,,10,1,
2166178,2946294,1029462941837029,,10,1,
2166178,2946297,1029462971837029,,10,1,
2166178,2946300,1029463001837029,,10,1,
2166178,2946301,1029463011837029,,10,1,
2166178,2946302,1029463021837029,,10,1,
2166178,2946289,1129462891837029,,11,1,
2166178,2946290,1129462901837029,,11,1,
2166178,2946293,1129462931837029,,11,1,
2166178,2946294,1129462941837029,,11,1,
2166178,2946297,1129462971837029,,11,1,
2166178,2946300,1129463001837029,,11,1,
2166178,2946301,1129463011837029,,11,1,
2166178,2946302,1129463021837029,,11,1,
2166178,2946289,1229462891837029,,12,1,
2166178,2946290,1229462901837029,,12,1,
2166178,2946293,1229462931837029,,12,1,
2166178,2946294,1229462941837029,,12,1,
2166178,2946297,1229462971837029,,12,1,
2166178,2946300,1229463001837029,,12,1,
2166178,2946301,1229463011837029,,12,1,
2166178,2946302,1229463021837029,,12,1,
2166178,2946289,129462891837029,,1,1,
2166178,2946290,129462901837029,,1,1,
2166178,2946293,129462931837029,,1,1,
2166178,2946294,129462941837029,,1,1,
2166178,2946297,129462971837029,,1,1,
2166178,2946300,129463001837029,,1,1,
2166178,2946301,129463011837029,,1,1,
2166178,2946302,129463021837029,,1,1,
2166178,2946289,1329462891837029,,13,1,
2166178,2946290,1329462901837029,,13,1,
2166178,2946293,1329462931837029,,13,1,
2166178,2946294,1329462941837029,,13,1,
2166178,2946297,1329462971837029,,13,1,
2166178,2946300,1329463001837029,,13,1,
2166178,2946301,1329463011837029,,13,1,
2166178,2946302,1329463021837029,,13,1,
2166178,2946289,1429462891837029,,14,1,
2166178,2946290,1429462901837029,,14,1,
2166178,2946293,1429462931837029,,14,1,
2166178,2946294,1429462941837029,,14,1,
2166178,2946297,1429462971837029,,14,1,
2166178,2946300,1429463001837029,,14,1,
2166178,2946301,1429463011837029,,14,1,
2166178,2946302,1429463021837029,,14,1,
2166178,2946289,1529462891837029,,15,1,
2166178,2946290,1529462901837029,,15,1,
2166178,2946293,1529462931837029,,15,1,
2166178,2946294,1529462941837029,,15,1,
2166178,2946297,1529462971837029,,15,1,
2166178,2946300,1529463001837029,,15,1,
2166178,2946301,1529463011837029,,15,1,
2166178,2946302,1529463021837029,,15,1,
2166178,2946289,1629462891837029,,16,1,
2166178,2946290,1629462901837029,,16,1,
2166178,2946293,1629462931837029,,16,1,
2166178,2946294,1629462941837029,,16,1,
2166178,2946297,1629462971837029,,16,1,
2166178,2946300,1629463001837029,,16,1,
2166178,2946301,1629463011837029,,16,1,
2166178,2946302,1629463021837029,,16,1,
2166178,2946289,1729462891837029,,17,1,
2166178,2946290,1729462901837029,,17,1,
2166178,2946293,1729462931837029,,17,1,
2166178,2946294,1729462941837029,,17,1,
2166178,2946297,1729462971837029,,17,1,
2166178,2946300,1729463001837029,,17,1,
2166178,2946301,1729463011837029,,17,1,
2166178,2946302,1729463021837029,,17,1,
2166178,2946289,1829462891837029,,18,1,
2166178,2946290,1829462901837029,,18,1,
2166178,2946293,1829462931837029,,18,1,
2166178,2946294,1829462941837029,,18,1,
2166178,2946297,1829462971837029,,18,1,
2166178,2946300,1829463001837029,,18,1,
2166178,2946301,1829463011837029,,18,1,
2166178,2946302,1829463021837029,,18,1,
2166178,2946289,1929462891837029,,19,1,
2166178,2946290,1929462901837029,,19,1,
2166178,2946293,1929462931837029,,19,1,
2166178,2946294,1929462941837029,,19,1,
2166178,2946297,1929462971837029,,19,1,
2166178,2946300,1929463001837029,,19,1,
2166178,2946301,1929463011837029,,19,1,
2166178,2946302,1929463021837029,,19,1,
2166178,2946289,2029462891837029,,20,1,
2166178,2946290,2029462901837029,,20,1,
2166178,2946293,2029462931837029,,20,1,
2166178,2946294,2029462941837029,,20,1,
2166178,2946297,2029462971837029,,20,1,
2166178,2946300,2029463001837029,,20,1,
2166178,2946301,2029463011837029,,20,1,
2166178,2946302,2029463021837029,,20,1,
2166178,2946289,2129462891837029,,21,1,
2166178,2946290,2129462901837029,,21,1,
2166178,2946293,2129462931837029,,21,1,
2166178,2946294,2129462941837029,,21,1,
2166178,2946297,2129462971837029,,21,1,
2166178,2946300,2129463001837029,,21,1,
2166178,2946301,2129463011837029,,21,1,
2166178,2946302,2129463021837029,,21,1,
2166178,2946289,2229462891837029,,22,1,
2166178,2946290,2229462901837029,,22,1,
2166178,2946293,2229462931837029,,22,1,
2166178,2946294,2229462941837029,,22,1,
2166178,2946297,2229462971837029,,22,1,
2166178,2946300,2229463001837029,,22,1,
2166178,2946301,2229463011837029,,22,1,
2166178,2946302,2229463021837029,,22,1,
2166178,2946289,229462891837029,,2,1,
2166178,2946290,229462901837029,,2,1,
2166178,2946293,229462931837029,,2,1,
2166178,2946294,229462941837029,,2,1,
2166178,2946297,229462971837029,,2,1,
2166178,2946300,229463001837029,,2,1,
2166178,2946301,229463011837029,,2,1,
2166178,2946302,229463021837029,,2,1,
2166178,2946289,2329462891837029,,23,1,
2166178,2946290,2329462901837029,,23,1,
2166178,2946293,2329462931837029,,23,1,
2166178,2946294,2329462941837029,,23,1,
2166178,2946297,2329462971837029,,23,1,
2166178,2946300,2329463001837029,,23,1,
2166178,2946301,2329463011837029,,23,1,
2166178,2946302,2329463021837029,,23,1,
2166178,2946289,2429462891837029,,24,1,
2166178,2946290,2429462901837029,,24,1,
2166178,2946293,2429462931837029,,24,1,
2166178,2946294,2429462941837029,,24,1,
2166178,2946297,2429462971837029,,24,1,
2166178,2946300,2429463001837029,,24,1,
2166178,2946301,2429463011837029,,24,1,
2166178,2946302,2429463021837029,,24,1,
2166178,2946289,2529462891837029,,25,1,
2166178,2946290,2529462901837029,,25,1,
2166178,2946293,2529462931837029,,25,1,
2166178,2946294,2529462941837029,,25,1,
2166178,2946297,2529462971837029,,25,1,
2166178,2946300,2529463001837029,,25,1,
2166178,2946301,2529463011837029,,25,1,
2166178,2946302,2529463021837029,,25,1,
2166178,2946289,2629462891837029,,26,1,
2166178,2946290,2629462901837029,,26,1,
2166178,2946293,2629462931837029,,26,1,
2166178,2946294,2629462941837029,,26,1,
2166178,2946297,2629462971837029,,26,1,
2166178,2946300,2629463001837029,,26,1,
2166178,2946301,2629463011837029,,26,1,
2166178,2946302,2629463021837029,,26,1,
2166178,2946289,2729462891837029,,27,1,
2166178,2946290,2729462901837029,,27,1,
2166178,2946293,2729462931837029,,27,1,
2166178,2946294,2729462941837029,,27,1,
2166178,2946297,2729462971837029,,27,1,
2166178,2946300,2729463001837029,,27,1,
2166178,2946301,2729463011837029,,27,1,
2166178,2946302,2729463021837029,,27,1,
2166178,2946289,2829462891837029,,28,1,
2166178,2946290,2829462901837029,,28,1,
2166178,2946293,2829462931837029,,28,1,
2166178,2946294,2829462941837029,,28,1,
2166178,2946297,2829462971837029,,28,1,
2166178,2946300,2829463001837029,,28,1,
2166178,2946301,2829463011837029,,28,1,
2166178,2946302,2829463021837029,,28,1,
2166178,2946289,2929462891837029,,29,1,
2166178,2946290,2929462901837029,,29,1,
2166178,2946293,2929462931837029,,29,1,
2166178,2946294,2929462941837029,,29,1,
2166178,2946297,2929462971837029,,29,1,
2166178,2946300,2929463001837029,,29,1,
2166178,2946301,2929463011837029,,29,1,
2166178,2946302,2929463021837029,,29,1,
2166178,2946289,3029462891837029,,30,1,
2166178,2946290,3029462901837029,,30,1,
2166178,2946293,3029462931837029,,30,1,
2166178,2946294,3029462941837029,,30,1,
2166178,2946297,3029462971837029,,30,1,
2166178,2946300,3029463001837029,,30,1,
2166178,2946301,3029463011837029,,30,1,
2166178,2946302,3029463021837029,,30,1,
2166178,2946289,3129462891837029,,31,1,
2166178,2946290,3129462901837029,,31,1,
2166178,2946293,3129462931837029,,31,1,
2166178,2946294,3129462941837029,,31,1,
2166178,2946297,3129462971837029,,31,1,
2166178,2946300,3129463001837029,,31,1,
2166178,2946301,3129463011837029,,31,1,
2166178,2946302,3129463021837029,,31,1,
2166178,2946289,3229462891837029,,32,1,
2166178,2946290,3229462901837029,,32,1,
2166178,2946293,3229462931837029,,32,1,
2166178,2946294,3229462941837029,,32,1,
2166178,2946297,3229462971837029,,32,1,
2166178,2946300,3229463001837029,,32,1,
2166178,2946301,3229463011837029,,32,1,
2166178,2946302,3229463021837029,,32,1,
2166178,2946289,329462891837029,,3,1,
2166178,2946290,329462901837029,,3,1,
2166178,2946293,329462931837029,,3,1,
2166178,2946294,329462941837029,,3,1,
2166178,2946297,329462971837029,,3,1,
2166178,2946300,329463001837029,,3,1,
2166178,2946301,329463011837029,,3,1,
2166178,2946302,329463021837029,,3,1,
2166178,2946289,3329462891837029,,33,1,
2166178,2946290,3329462901837029,,33,1,
2166178,2946293,3329462931837029,,33,1,
2166178,2946294,3329462941837029,,33,1,
2166178,2946297,3329462971837029,,33,1,
2166178,2946300,3329463001837029,,33,1,
2166178,2946301,3329463011837029,,33,1,
2166178,2946302,3329463021837029,,33,1,
2166178,2946289,3429462891837029,,34,1,
2166178,2946290,3429462901837029,,34,1,
2166178,2946293,3429462931837029,,34,1,
2166178,2946294,3429462941837029,,34,1,
2166178,2946297,3429462971837029,,34,1,
2166178,2946300,3429463001837029,,34,1,
2166178,2946301,3429463011837029,,34,1,
2166178,2946302,3429463021837029,,34,1,
2166178,2946289,3529462891837029,,35,1,
2166178,2946290,3529462901837029,,35,1,
2166178,2946293,3529462931837029,,35,1,
2166178,2946294,3529462941837029,,35,1,
2166178,2946297,3529462971837029,,35,1,
2166178,2946300,3529463001837029,,35,1,
2166178,2946301,3529463011837029,,35,1,
2166178,2946302,3529463021837029,,35,1,
2166178,2946289,3629462891837029,,36,1,
2166178,2946290,3629462901837029,,36,1,
2166178,2946293,3629462931837029,,36,1,
2166178,2946294,3629462941837029,,36,1,
2166178,2946297,3629462971837029,,36,1,
2166178,2946300,3629463001837029,,36,1,
2166178,2946301,3629463011837029,,36,1,
2166178,2946302,3629463021837029,,36,1,
2166178,2946289,3729462891837029,,37,1,
2166178,2946290,3729462901837029,,37,1,
2166178,2946293,3729462931837029,,37,1,
2166178,2946294,3729462941837029,,37,1,
2166178,2946297,3729462971837029,,37,1,
2166178,2946300,3729463001837029,,37,1,
2166178,2946301,3729463011837029,,37,1,
2166178,2946302,3729463021837029,,37,1,
2166178,2946289,3829462891837029,,38,1,
2166178,2946290,3829462901837029,,38,1,
2166178,2946293,3829462931837029,,38,1,
2166178,2946294,3829462941837029,,38,1,
2166178,2946297,3829462971837029,,38,1,
2166178,2946300,3829463001837029,,38,1,
2166178,2946301,3829463011837029,,38,1,
2166178,2946302,3829463021837029,,38,1,
2166178,2946289,3929462891837029,,39,1,
2166178,2946290,3929462901837029,,39,1,
2166178,2946293,3929462931837029,,39,1,
2166178,2946294,3929462941837029,,39,1,
2166178,2946297,3929462971837029,,39,1,
2166178,2946300,3929463001837029,,39,1,
2166178,2946301,3929463011837029,,39,1,
2166178,2946302,3929463021837029,,39,1,
2166178,2946289,4029462891837029,,40,1,
2166178,2946290,4029462901837029,,40,1,
2166178,2946293,4029462931837029,,40,1,
2166178,2946294,4029462941837029,,40,1,
2166178,2946297,4029462971837029,,40,1,
2166178,2946300,4029463001837029,,40,1,
2166178,2946301,4029463011837029,,40,1,
2166178,2946302,4029463021837029,,40,1,
2166178,2946289,4129462891837029,,41,1,
2166178,2946290,4129462901837029,,41,1,
2166178,2946293,4129462931837029,,41,1,
2166178,2946294,4129462941837029,,41,1,
2166178,2946297,4129462971837029,,41,1,
2166178,2946300,4129463001837029,,41,1,
2166178,2946301,4129463011837029,,41,1,
2166178,2946302,4129463021837029,,41,1,
2166178,2946289,4229462891837029,,42,1,
2166178,2946290,4229462901837029,,42,1,
2166178,2946293,4229462931837029,,42,1,
2166178,2946294,4229462941837029,,42,1,
2166178,2946297,4229462971837029,,42,1,
2166178,2946300,4229463001837029,,42,1,
2166178,2946301,4229463011837029,,42,1,
2166178,2946302,4229463021837029,,42,1,
2166178,2946289,429462891837029,,4,1,
2166178,2946290,429462901837029,,4,1,
2166178,2946293,429462931837029,,4,1,
2166178,2946294,429462941837029,,4,1,
2166178,2946297,429462971837029,,4,1,
2166178,2946300,429463001837029,,4,1,
2166178,2946301,429463011837029,,4,1,
2166178,2946302,429463021837029,,4,1,
2166178,2946289,4329462891837029,,43,1,
2166178,2946290,4329462901837029,,43,1,
2166178,2946293,4329462931837029,,43,1,
2166178,2946294,4329462941837029,,43,1,
2166178,2946297,4329462971837029,,43,1,
2166178,2946300,4329463001837029,,43,1,
2166178,2946301,4329463011837029,,43,1,
2166178,2946302,4329463021837029,,43,1,
2166178,2946289,4429462891837029,,44,1,
2166178,2946290,4429462901837029,,44,1,
2166178,2946293,4429462931837029,,44,1,
2166178,2946294,4429462941837029,,44,1,
2166178,2946297,4429462971837029,,44,1,
2166178,2946300,4429463001837029,,44,1,
2166178,2946301,4429463011837029,,44,1,
2166178,2946302,4429463021837029,,44,1,
2166178,2946289,4529462891837029,,45,1,
2166178,2946290,4529462901837029,,45,1,
2166178,2946293,4529462931837029,,45,1,
2166178,2946294,4529462941837029,,45,1,
2166178,2946297,4529462971837029,,45,1,
2166178,2946300,4529463001837029,,45,1,
2166178,2946301,4529463011837029,,45,1,
2166178,2946302,4529463021837029,,45,1,
2166178,2946289,4629462891837029,,46,1,
2166178,2946290,4629462901837029,,46,1,
2166178,2946293,4629462931837029,,46,1,
2166178,2946294,4629462941837029,,46,1,
2166178,2946297,4629462971837029,,46,1,
2166178,2946300,4629463001837029,,46,1,
2166178,2946301,4629463011837029,,46,1,
2166178,2946302,4629463021837029,,46,1,
2166178,2946289,4729462891837029,,47,1,
2166178,2946290,4729462901837029,,47,1,
2166178,2946293,4729462931837029,,47,1,
2166178,2946294,4729462941837029,,47,1,
2166178,2946297,4729462971837029,,47,1,
2166178,2946300,4729463001837029,,47,1,
2166178,2946301,4729463011837029,,47,1,
2166178,2946302,4729463021837029,,47,1,
2166178,2946289,4829462891837029,,48,1,
2166178,2946290,4829462901837029,,48,1,
2166178,2946293,4829462931837029,,48,1,
2166178,2946294,4829462941837029,,48,1,
2166178,2946297,4829462971837029,,48,1,
2166178,2946300,4829463001837029,,48,1,
2166178,2946301,4829463011837029,,48,1,
2166178,2946302,4829463021837029,,48,1,
2166178,2946289,4929462891837029,,49,1,
2166178,2946290,4929462901837029,,49,1,
2166178,2946293,4929462931837029,,49,1,
2166178,2946294,4929462941837029,,49,1,
2166178,2946297,4929462971837029,,49,1,
2166178,2946300,4929463001837029,,49,1,
2166178,2946301,4929463011837029,,49,1,
2166178,2946302,4929463021837029,,49,1,
2166178,2946289,5029462891837029,,50,1,
2166178,2946290,5029462901837029,,50,1,
2166178,2946293,5029462931837029,,50,1,
2166178,2946294,5029462941837029,,50,1,
2166178,2946297,5029462971837029,,50,1,
2166178,2946300,5029463001837029,,50,1,
2166178,2946301,5029463011837029,,50,1,
2166178,2946302,5029463021837029,,50,1,
2166178,12946289,5129462891837029,,51,1,
2166178,12946290,5129462901837029,,51,1,
2166178,2946293,5129462931837029,,51,1,
2166178,2946294,5129462941837029,,51,1,
2166178,2946297,5129462971837029,,51,1,
2166178,2946300,5129463001837029,,51,1,
2166178,2946301,5129463011837029,,51,1,
2166178,2946302,5129463021837029,,51,1,
2166178,12946289,5229462891837029,,52,1,
2166178,12946290,5229462901837029,,52,1,
2166178,2946293,5229462931837029,,52,1,
2166178,2946294,5229462941837029,,52,1,
2166178,2946297,5229462971837029,,52,1,
2166178,2946300,5229463001837029,,52,1,
2166178,2946301,5229463011837029,,52,1,
2166178,2946302,5229463021837029,,52,1,
2166178,2946289,529462891837029,,5,1,
2166178,2946290,529462901837029,,5,1,
2166178,2946293,529462931837029,,5,1,
2166178,2946294,529462941837029,,5,1,
2166178,2946297,529462971837029,,5,1,
2166178,2946300,529463001837029,,5,1,
2166178,2946301,529463011837029,,5,1,
2166178,2946302,529463021837029,,5,1,
2166178,12946289,5329462891837029,,53,1,
2166178,2946293,5329462931837029,,53,1,
2166178,2946294,5329462941837029,,53,1,
2166178,2946297,5329462971837029,,53,1,
2166178,2946300,5329463001837029,,53,1,
2166178,2946301,5329463011837029,,53,1,
2166178,2946302,5329463021837029,,53,1,
2166178,12946289,5429462891837029,,54,1,
2166178,2946293,5429462931837029,,54,1,
2166178,2946294,5429462941837029,,54,1,
2166178,2946297,5429462971837029,,54,1,
2166178,2946300,5429463001837029,,54,1,
2166178,2946301,5429463011837029,,54,1,
2166178,2946302,5429463021837029,,54,1,
2166178,2946293,5529462931837029,,55,1,
2166178,2946294,5529462941837029,,55,1,
2166178,2946297,5529462971837029,,55,1,
2166178,2946300,5529463001837029,,55,1,
2166178,2946301,5529463011837029,,55,1,
2166178,2946302,5529463021837029,,55,1,
2166178,2946293,5629462931837029,,56,1,
2166178,2946294,5629462941837029,,56,1,
2166178,2946297,5629462971837029,,56,1,
2166178,2946300,5629463001837029,,56,1,
2166178,2946301,5629463011837029,,56,1,
2166178,2946302,5629463021837029,,56,1,
2166178,2946293,5729462931837029,,57,1,
2166178,2946294,5729462941837029,,57,1,
2166178,2946297,5729462971837029,,57,1,
2166178,2946300,5729463001837029,,57,1,
2166178,2946301,5729463011837029,,57,1,
2166178,2946302,5729463021837029,,57,1,
2166178,2946293,5829462931837029,,58,1,
2166178,2946294,5829462941837029,,58,1,
2166178,2946297,5829462971837029,,58,1,
2166178,2946300,5829463001837029,,58,1,
2166178,2946301,5829463011837029,,58,1,
2166178,2946302,5829463021837029,,58,1,
2166178,2946293,5929462931837029,,59,1,
2166178,2946294,5929462941837029,,59,1,
2166178,2946297,5929462971837029,,59,1,
2166178,2946300,5929463001837029,,59,1,
2166178,2946301,5929463011837029,,59,1,
2166178,2946302,5929463021837029,,59,1,
2166178,2946293,6029462931837029,,60,1,
2166178,2946294,6029462941837029,,60,1,
2166178,2946297,6029462971837029,,60,1,
2166178,2946300,6029463001837029,,60,1,
2166178,2946301,6029463011837029,,60,1,
2166178,2946302,6029463021837029,,60,1,
2166178,2946293,6129462931837029,,61,1,
2166178,2946294,6129462941837029,,61,1,
2166178,12946297,6129462971837029,,61,1,
2166178,2946300,6129463001837029,,61,1,
2166178,2946301,6129463011837029,,61,1,
2166178,2946302,6129463021837029,,61,1,
2166178,2946293,6229462931837029,,62,1,
2166178,2946294,6229462941837029,,62,1,
2166178,12946297,6229462971837029,,62,1,
2166178,2946300,6229463001837029,,62,1,
2166178,2946301,6229463011837029,,62,1,
2166178,2946302,6229463021837029,,62,1,
2166178,2946289,629462891837029,,6,1,
2166178,2946290,629462901837029,,6,1,
2166178,2946293,629462931837029,,6,1,
2166178,2946294,629462941837029,,6,1,
2166178,2946297,629462971837029,,6,1,
2166178,2946300,629463001837029,,6,1,
2166178,2946301,629463011837029,,6,1,
2166178,2946302,629463021837029,,6,1,
2166178,2946293,6329462931837029,,63,1,
2166178,2946294,6329462941837029,,63,1,
2166178,12946297,6329462971837029,,63,1,
2166178,2946300,6329463001837029,,63,1,
2166178,2946301,6329463011837029,,63,1,
2166178,2946302,6329463021837029,,63,1,
2166178,2946293,6429462931837029,,64,1,
2166178,2946294,6429462941837029,,64,1,
2166178,2946300,6429463001837029,,64,1,
2166178,2946301,6429463011837029,,64,1,
2166178,2946302,6429463021837029,,64,1,
2166178,2946293,6529462931837029,,65,1,
2166178,2946294,6529462941837029,,65,1,
2166178,2946300,6529463001837029,,65,1,
2166178,2946301,6529463011837029,,65,1,
2166178,2946302,6529463021837029,,65,1,
2166178,2946293,6629462931837029,,66,1,
2166178,2946294,6629462941837029,,66,1,
2166178,2946300,6629463001837029,,66,1,
2166178,2946301,6629463011837029,,66,1,
2166178,2946302,6629463021837029,,66,1,
2166178,2946293,6729462931837029,,67,1,
2166178,2946294,6729462941837029,,67,1,
2166178,2946300,6729463001837029,,67,1,
2166178,2946301,6729463011837029,,67,1,
2166178,2946302,6729463021837029,,67,1,
2166178,2946293,6829462931837029,,68,1,
2166178,2946294,6829462941837029,,68,1,
2166178,2946300,6829463001837029,,68,1,
2166178,2946301,6829463011837029,,68,1,
2166178,2946302,6829463021837029,,68,1,
2166178,2946293,6929462931837029,,69,1,
2166178,2946294,6929462941837029,,69,1,
2166178,2946300,6929463001837029,,69,1,
2166178,2946301,6929463011837029,,69,1,
2166178,2946302,6929463021837029,,69,1,
2166178,2946293,7029462931837029,,70,1,
2166178,2946294,7029462941837029,,70,1,
2166178,2946300,7029463001837029,,70,1,
2166178,2946301,7029463011837029,,70,1,
2166178,2946302,7029463021837029,,70,1,
2166178,2946293,7129462931837029,,71,1,
2166178,2946294,7129462941837029,,71,1,
2166178,2946300,7129463001837029,,71,1,
2166178,2946301,7129463011837029,,71,1,
2166178,2946302,7129463021837029,,71,1,
2166178,2946293,7229462931837029,,72,1,
2166178,2946294,7229462941837029,,72,1,
2166178,2946300,7229463001837029,,72,1,
2166178,2946301,7229463011837029,,72,1,
2166178,2946302,7229463021837029,,72,1,
2166178,2946289,729462891837029,,7,1,
2166178,2946290,729462901837029,,7,1,
2166178,2946293,729462931837029,,7,1,
2166178,2946294,729462941837029,,7,1,
2166178,2946297,729462971837029,,7,1,
2166178,2946300,729463001837029,,7,1,
2166178,2946301,729463011837029,,7,1,
2166178,2946302,729463021837029,,7,1,
2166178,2946293,7329462931837029,,73,1,
2166178,2946294,7329462941837029,,73,1,
2166178,2946300,7329463001837029,,73,1,
2166178,2946301,7329463011837029,,73,1,
2166178,2946302,7329463021837029,,73,1,
2166178,2946293,7429462931837029,,74,1,
2166178,2946294,7429462941837029,,74,1,
2166178,2946300,7429463001837029,,74,1,
2166178,2946301,7429463011837029,,74,1,
2166178,2946302,7429463021837029,,74,1,
2166178,2946293,7529462931837029,,75,1,
2166178,2946294,7529462941837029,,75,1,
2166178,2946300,7529463001837029,,75,1,
2166178,2946301,7529463011837029,,75,1,
2166178,2946302,7529463021837029,,75,1,
2166178,2946293,7629462931837029,,76,1,
2166178,2946294,7629462941837029,,76,1,
2166178,2946300,7629463001837029,,76,1,
2166178,2946301,7629463011837029,,76,1,
2166178,2946302,7629463021837029,,76,1,
2166178,2946293,7729462931837029,,77,1,
2166178,2946294,7729462941837029,,77,1,
2166178,2946300,7729463001837029,,77,1,
2166178,2946301,7729463011837029,,77,1,
2166178,2946302,7729463021837029,,77,1,
2166178,2946293,7829462931837029,,78,1,
2166178,2946294,7829462941837029,,78,1,
2166178,2946300,7829463001837029,,78,1,
2166178,2946301,7829463011837029,,78,1,
2166178,2946302,7829463021837029,,78,1,
2166178,2946293,7929462931837029,,79,1,
2166178,2946294,7929462941837029,,79,1,
2166178,2946300,7929463001837029,,79,1,
2166178,2946301,7929463011837029,,79,1,
2166178,2946302,7929463021837029,,79,1,
2166178,2946293,8029462931837029,,80,1,
2166178,2946294,8029462941837029,,80,1,
2166178,2946300,8029463001837029,,80,1,
2166178,2946301,8029463011837029,,80,1,
2166178,2946302,8029463021837029,,80,1,
2166178,2946293,8129462931837029,,81,1,
2166178,2946294,8129462941837029,,81,1,
2166178,2946300,8129463001837029,,81,1,
2166178,2946301,8129463011837029,,81,1,
2166178,2946302,8129463021837029,,81,1,
2166178,2946293,8229462931837029,,82,1,
2166178,2946294,8229462941837029,,82,1,
2166178,2946300,8229463001837029,,82,1,
2166178,2946301,8229463011837029,,82,1,
2166178,2946302,8229463021837029,,82,1,
2166178,2946289,829462891837029,,8,1,
2166178,2946290,829462901837029,,8,1,
2166178,2946293,829462931837029,,8,1,
2166178,2946294,829462941837029,,8,1,
2166178,2946297,829462971837029,,8,1,
2166178,2946300,829463001837029,,8,1,
2166178,2946301,829463011837029,,8,1,
2166178,2946302,829463021837029,,8,1,
2166178,2946293,8329462931837029,,83,1,
2166178,2946294,8329462941837029,,83,1,
2166178,2946300,8329463001837029,,83,1,
2166178,2946301,8329463011837029,,83,1,
2166178,2946302,8329463021837029,,83,1,
2166178,2946293,8429462931837029,,84,1,
2166178,2946294,8429462941837029,,84,1,
2166178,2946300,8429463001837029,,84,1,
2166178,2946301,8429463011837029,,84,1,
2166178,2946302,8429463021837029,,84,1,
2166178,2946293,8529462931837029,,85,1,
2166178,2946294,8529462941837029,,85,1,
2166178,2946300,8529463001837029,,85,1,
2166178,2946301,8529463011837029,,85,1,
2166178,2946302,8529463021837029,,85,1,
2166178,2946293,8629462931837029,,86,1,
2166178,2946294,8629462941837029,,86,1,
2166178,2946300,8629463001837029,,86,1,
2166178,2946301,8629463011837029,,86,1,
2166178,2946302,8629463021837029,,86,1,
2166178,2946293,8729462931837029,,87,1,
2166178,12946294,8729462941837029,,87,1,
2166178,2946300,8729463001837029,,87,1,
2166178,12946301,8729463011837029,,87,1,
2166178,12946302,8729463021837029,,87,1,
2166178,12946293,8829462931837029,,88,1,
2166178,12946294,8829462941837029,,88,1,
2166178,12946300,8829463001837029,,88,1,
2166178,12946301,8829463011837029,,88,1,
2166178,12946302,8829463021837029,,88,1,
2166178,12946293,8929462931837029,,89,1,
2166178,12946300,8929463001837029,,89,1,
2166178,12946301,8929463011837029,,89,1,
2166178,12946302,8929463021837029,,89,1,
2166178,12946300,9029463001837029,,90,1,
2166178,12946301,9029463011837029,,90,1,
2166178,12946302,9029463021837029,,90,1,
2166178,12946300,9129463001837029,,91,1,
2166178,2946289,929462891837029,,9,1,
2166178,2946290,929462901837029,,9,1,
2166178,2946293,929462931837029,,9,1,
2166178,2946294,929462941837029,,9,1,
2166178,2946297,929462971837029,,9,1,
2166178,2946300,929463001837029,,9,1,
2166178,2946301,929463011837029,,9,1,
2166178,2946302,929463021837029,,9,1,
