from_stop_id,to_stop_id,transfer_type,min_transfer_time
4199339,6263593,2,44
4199369,3690368,2,133
4199369,3690366,2,60
4199377,4364002,2,56
4199377,4364001,2,56
4199366,3690414,2,40
5231572,4199368,2,86
4199366,3690413,2,49
4199322,7921156,2,38
4199318,5922174,2,20
4199369,3690365,2,43
4199322,7921159,2,108
4199377,3689893,2,109
4199318,5922173,2,90
4199322,7921158,2,118
4199365,3688527,2,118
4199370,3690442,2,120
6401893,4199371,2,90
6401893,4199370,2,143
4199333,1993,2,268
4199336,2183,2,268
4199367,3685711,2,23
4199316,4146110,2,45
4199375,3688539,2,125
4199370,3690443,2,49
4199377,4459282,2,99
4199377,4459281,2,137
4199333,4036619,2,46
4199369,3685760,2,81
4199366,3685764,2,23
4199370,3685707,2,43
5231646,4199374,2,51
4199369,3685761,2,54
4199370,3685706,2,72
4199315,4146139,2,32
4199368,3690363,2,99
4199368,3690364,2,56
5231575,4199363,2,63
4199369,3690471,2,60
4199369,3690470,2,133
5231577,4199358,2,139
4199333,2183,2,268
3687684,4199334,2,43
3687684,4199333,2,63
4199315,3672269,2,57
4199366,3688524,2,23
5231577,4199360,2,69
4199365,3690408,2,94
5231580,4199375,2,124
5231645,4199361,2,69
3687684,4199336,2,17
4199317,5922213,2,130
4199315,3672117,2,32
4199315,3672116,2,57
4199373,3685840,2,63
4199367,3690359,2,71
4199369,3688518,2,110
4199380,3672268,2,101
5231576,4199362,2,51
4199369,3688519,2,108
4199370,3690420,2,49
4199368,3685708,2,86
4199370,3690422,2,120
5231649,4199367,2,23
4199371,3685895,2,120
4199371,3685896,2,127
4199379,6263545,2,113
4199379,6263546,2,101
4199379,6263547,2,73
3687682,4199338,2,96
3687682,4199339,2,95
4199364,3685766,2,118
4199372,3685757,2,101
4199372,3685756,2,108
4199315,3672244,2,57
4199316,3672269,2,26
4199333,4459280,2,63
3685920,4199333,2,126
4199377,4492570,2,56
4199370,3690419,2,43
3685920,4199335,2,117
4199377,6263560,2,22
3685920,4199334,2,133
4199380,5922172,2,51
3685920,4199336,2,111
4199365,3685767,2,118
4199336,4459280,2,17
3687680,4199339,2,59
4199368,3685762,2,86
4199315,4146110,2,32
4199367,3690474,2,63
4199370,3685897,2,61
4199370,3685896,2,99
4199365,3690354,2,94
4199367,3690360,2,63
5231633,4199333,2,63
5231573,4199366,2,23
5231633,4199336,2,17
6401849,4199369,2,81
5231633,4199334,2,43
4199367,3685820,2,23
4199362,3685715,2,51
5231574,4199364,2,118
4199367,3685765,2,23
4199354,3688540,2,81
4199339,4036617,2,44
3685940,4199374,2,109
4199335,4036619,2,17
4199316,3672244,2,26
6401849,4199370,2,72
3687679,4199377,2,91
4199316,5922214,2,77
5231648,4199365,2,118
4199369,3685815,2,81
5231571,4199370,2,72
4199370,1689,2,199
4199369,3685816,2,54
4199377,2269,2,195
4199362,3685824,2,51
4199316,7921151,2,77
4199316,7921150,2,34
4199316,3672116,2,26
3687678,4199339,2,140
4199316,3672117,2,45
4199339,1873,2,240
4199371,3685758,2,42
4199368,3690472,2,56
4199318,6263545,2,90
4199374,3685729,2,51
3685940,4199363,2,90
4199316,4146139,2,45
4199315,5922171,2,53
5231579,4199356,2,30
4199364,3688526,2,118
4199334,4036619,2,30
4199370,3685761,2,43
4199335,1993,2,270
4199370,3685760,2,72
4199375,3688541,2,124
4199367,3690446,2,63
4199363,3685768,2,63
4199339,4492570,2,25
4199320,7921154,2,34
4199315,7921150,2,88
4199315,7921151,2,6
4199315,3672181,2,57
4199315,3672182,2,32
4199336,6263559,2,119
4199367,3688525,2,23
4199366,3690360,2,40
4199373,3690354,2,77
6401850,4199371,2,120
4199366,3685819,2,23
3687679,4199339,2,135
4199334,6263559,2,125
4199321,7921157,2,38
3687680,4199377,2,15
4199353,3688537,2,66
4199363,3690354,2,140
5231635,4199377,2,99
4199339,4364001,2,25
4199335,6263559,2,134
4199339,4364002,2,25
5231588,4199339,2,44
4199373,3685785,2,63
5231571,4199369,2,81
4199334,1993,2,291
4199365,3685713,2,118
4199366,3690359,2,49
4199352,3688538,2,66
4199369,2499,2,190
4199374,3685839,2,51
4199367,3690413,2,71
5231590,4199333,2,46
5231651,4199370,2,43
4199363,3685714,2,63
4199367,3690414,2,63
5231590,4199334,2,30
5231590,4199335,2,17
4199380,5922212,2,101
4199334,2183,2,291
5231634,4199377,2,137
4199333,6263559,2,105
4199380,7921169,2,101
5231570,4199369,2,133
4199316,6263549,2,34
4199379,7921170,2,101
4199369,3685706,2,81
4199316,6263548,2,56
4199369,3685707,2,54
5231647,4199373,2,63
4199369,3690419,2,43
6401847,4199370,2,120
4199334,4459280,2,43
4199317,5922172,2,97
4199315,3616888,2,25
4199315,3616889,2,80
6401790,4199370,2,143
4199378,5922175,2,68
6401790,4199371,2,90
5231651,4199369,2,54
4199369,1689,2,190
3687678,4199377,2,97
4199363,3685823,2,63
4199371,3685813,2,42
5231570,4199370,2,120
4199380,7921152,2,130
4199366,3690474,2,40
4199339,2269,2,240
6401847,4199369,2,133
4199316,5922171,2,47
5231644,4199361,2,139
4199371,3685704,2,42
7275762,4199370,2,43
3685919,4199334,2,115
3685919,4199335,2,93
3685919,4199333,2,114
7275762,4199369,2,54
4199374,3685784,2,51
4199370,3685816,2,43
4199339,6640122,2,133
4199365,3685822,2,118
4199369,3690422,2,133
4199380,3672115,2,101
4199363,3690408,2,140
3687682,4199377,2,137
4199370,3685815,2,72
4199339,6640123,2,133
4199368,3690444,2,56
4199370,2499,2,199
4199335,2183,2,270
4199373,3685730,2,63
4199369,3690420,2,60
5231644,4199359,2,65
4199339,6263560,2,39
4199317,7921170,2,130
2204,4199315,2,193
2204,4199316,2,208
4199339,4459281,2,95
4199370,3690470,2,120
4199370,3690471,2,49
5231635,4199339,2,133
4199339,4459282,2,133
4199366,3685710,2,23
4199370,3690366,2,49
4199370,3690365,2,43
4199373,3690408,2,77
4199316,3616888,2,54
4199379,5922172,2,73
4199370,3690368,2,120
4199316,3616889,2,8
4199379,5922173,2,113
5231578,4199358,2,65
3685919,4199336,2,90
7275760,4199371,2,120
4199379,5922213,2,101
4199334,6263595,2,30
4199364,3685712,2,118
4199364,3685821,2,118
4199377,6640123,2,99
4199377,6640122,2,99
4199316,3672182,2,45
4199377,1873,2,195
4199316,3672181,2,26
4199371,3688519,2,127
4199362,3685769,2,51
4199335,6263595,2,17
4199371,3688518,2,130
3687683,4199333,2,46
4199371,3688521,2,42
4199319,7921155,2,34
4199336,1993,2,268
4199333,6263595,2,46
7275761,4199370,2,72
4199369,3690443,2,60
1949,4199316,2,208
5231643,4199357,2,30
1949,4199315,2,193
4199338,4459281,2,96
4199372,3685703,2,101
5231634,4199339,2,95
4199372,3685702,2,108
5231634,4199338,2,96
3685941,4199373,2,63
4199315,5922214,2,6
7275761,4199369,2,81
4199370,3688519,2,99
3687683,4199334,2,30
4199366,3690446,2,40
4199315,6263549,2,88
4199370,3688518,2,99
3687683,4199335,2,17
4199369,3690442,2,133
4199315,6263548,2,19
4199368,3685817,2,86
4199380,6263544,2,101
4199372,3688523,2,18
4199372,3685811,2,108
4199368,3690417,2,99
4199355,3688539,2,81
4199368,3690418,2,56
4199380,6263547,2,51
4199317,6263547,2,97
4199317,6263546,2,130
4199369,3685897,2,72
4199372,3685812,2,101
4199369,3685896,2,108
