route_id,service_id,trip_id,trip_headsign,trip_short_name,direction_id,shape_id
2165765,2975548,1029755480870128,,10,0,
2165765,2975549,1029755490870128,,10,0,
2165765,2975550,1029755500870128,,10,0,
2165765,2975551,1029755510870128,,10,0,
2165765,2975552,1029755520870128,,10,0,
2165765,2975553,1029755530870128,,10,0,
2165765,2975554,1029755540870128,,10,0,
2165765,2975555,1029755550870128,,10,0,
2165765,2975556,1029755560870128,,10,0,
2165765,2975548,1129755480870128,,11,0,
2165765,2975549,1129755490870128,,11,0,
2165765,2975550,1129755500870128,,11,0,
2165765,2975551,1129755510870128,,11,0,
2165765,2975552,1129755520870128,,11,0,
2165765,2975553,1129755530870128,,11,0,
2165765,2975554,1129755540870128,,11,0,
2165765,2975555,1129755550870128,,11,0,
2165765,2975556,1129755560870128,,11,0,
2165765,2975548,1229755480870128,,12,0,
2165765,2975549,1229755490870128,,12,0,
2165765,2975550,1229755500870128,,12,0,
2165765,2975551,1229755510870128,,12,0,
2165765,2975552,1229755520870128,,12,0,
2165765,2975553,1229755530870128,,12,0,
2165765,2975554,1229755540870128,,12,0,
2165765,2975555,1229755550870128,,12,0,
2165765,2975556,1229755560870128,,12,0,
2165765,2975548,129755480870128,,1,0,
2165765,2975549,129755490870128,,1,0,
2165765,2975550,129755500870128,,1,0,
2165765,2975551,129755510870128,,1,0,
2165765,2975552,129755520870128,,1,0,
2165765,2975553,129755530870128,,1,0,
2165765,2975554,129755540870128,,1,0,
2165765,2975555,129755550870128,,1,0,
2165765,2975556,129755560870128,,1,0,
2165765,2975548,1329755480870128,,13,0,
2165765,2975549,1329755490870128,,13,0,
2165765,2975550,1329755500870128,,13,0,
2165765,2975551,1329755510870128,,13,0,
2165765,2975552,1329755520870128,,13,0,
2165765,2975553,1329755530870128,,13,0,
2165765,2975554,1329755540870128,,13,0,
2165765,2975555,1329755550870128,,13,0,
2165765,2975556,1329755560870128,,13,0,
2165765,2975548,1429755480870128,,14,0,
2165765,2975549,1429755490870128,,14,0,
2165765,2975550,1429755500870128,,14,0,
2165765,2975551,1429755510870128,,14,0,
2165765,2975552,1429755520870128,,14,0,
2165765,2975553,1429755530870128,,14,0,
2165765,2975554,1429755540870128,,14,0,
2165765,2975555,1429755550870128,,14,0,
2165765,2975556,1429755560870128,,14,0,
2165765,2975548,1529755480870128,,15,0,
2165765,2975549,1529755490870128,,15,0,
2165765,2975550,1529755500870128,,15,0,
2165765,2975551,1529755510870128,,15,0,
2165765,2975552,1529755520870128,,15,0,
2165765,2975553,1529755530870128,,15,0,
2165765,2975554,1529755540870128,,15,0,
2165765,2975555,1529755550870128,,15,0,
2165765,2975556,1529755560870128,,15,0,
2165765,2975548,1629755480870128,,16,0,
2165765,2975549,1629755490870128,,16,0,
2165765,2975550,1629755500870128,,16,0,
2165765,2975551,1629755510870128,,16,0,
2165765,2975552,1629755520870128,,16,0,
2165765,2975553,1629755530870128,,16,0,
2165765,2975554,1629755540870128,,16,0,
2165765,2975555,1629755550870128,,16,0,
2165765,2975556,1629755560870128,,16,0,
2165765,2975548,1729755480870128,,17,0,
2165765,2975549,1729755490870128,,17,0,
2165765,2975550,1729755500870128,,17,0,
2165765,2975551,1729755510870128,,17,0,
2165765,2975552,1729755520870128,,17,0,
2165765,2975553,1729755530870128,,17,0,
2165765,2975554,1729755540870128,,17,0,
2165765,2975555,1729755550870128,,17,0,
2165765,2975556,1729755560870128,,17,0,
2165765,2975548,1829755480870128,,18,0,
2165765,2975549,1829755490870128,,18,0,
2165765,2975550,1829755500870128,,18,0,
2165765,2975551,1829755510870128,,18,0,
2165765,2975552,1829755520870128,,18,0,
2165765,2975553,1829755530870128,,18,0,
2165765,2975554,1829755540870128,,18,0,
2165765,2975555,1829755550870128,,18,0,
2165765,2975556,1829755560870128,,18,0,
2165765,2975548,1929755480870128,,19,0,
2165765,2975549,1929755490870128,,19,0,
2165765,2975550,1929755500870128,,19,0,
2165765,2975551,1929755510870128,,19,0,
2165765,2975552,1929755520870128,,19,0,
2165765,2975553,1929755530870128,,19,0,
2165765,2975554,1929755540870128,,19,0,
2165765,2975555,1929755550870128,,19,0,
2165765,2975556,1929755560870128,,19,0,
2165765,2975548,2029755480870128,,20,0,
2165765,2975549,2029755490870128,,20,0,
2165765,2975550,2029755500870128,,20,0,
2165765,2975551,2029755510870128,,20,0,
2165765,2975552,2029755520870128,,20,0,
2165765,2975553,2029755530870128,,20,0,
2165765,2975554,2029755540870128,,20,0,
2165765,2975555,2029755550870128,,20,0,
2165765,2975556,2029755560870128,,20,0,
2165765,2975548,2129755480870128,,21,0,
2165765,2975549,2129755490870128,,21,0,
2165765,2975550,2129755500870128,,21,0,
2165765,2975551,2129755510870128,,21,0,
2165765,2975552,2129755520870128,,21,0,
2165765,2975553,2129755530870128,,21,0,
2165765,2975554,2129755540870128,,21,0,
2165765,2975555,2129755550870128,,21,0,
2165765,2975556,2129755560870128,,21,0,
2165765,2975548,2229755480870128,,22,0,
2165765,2975549,2229755490870128,,22,0,
2165765,2975550,2229755500870128,,22,0,
2165765,2975551,2229755510870128,,22,0,
2165765,2975552,2229755520870128,,22,0,
2165765,2975553,2229755530870128,,22,0,
2165765,2975554,2229755540870128,,22,0,
2165765,2975555,2229755550870128,,22,0,
2165765,2975556,2229755560870128,,22,0,
2165765,2975548,229755480870128,,2,0,
2165765,2975549,229755490870128,,2,0,
2165765,2975550,229755500870128,,2,0,
2165765,2975551,229755510870128,,2,0,
2165765,2975552,229755520870128,,2,0,
2165765,2975553,229755530870128,,2,0,
2165765,2975554,229755540870128,,2,0,
2165765,2975555,229755550870128,,2,0,
2165765,2975556,229755560870128,,2,0,
2165765,2975548,2329755480870128,,23,0,
2165765,2975549,2329755490870128,,23,0,
2165765,2975550,2329755500870128,,23,0,
2165765,2975551,2329755510870128,,23,0,
2165765,2975552,2329755520870128,,23,0,
2165765,2975553,2329755530870128,,23,0,
2165765,2975554,2329755540870128,,23,0,
2165765,2975555,2329755550870128,,23,0,
2165765,2975556,2329755560870128,,23,0,
2165765,2975548,2429755480870128,,24,0,
2165765,2975549,2429755490870128,,24,0,
2165765,2975550,2429755500870128,,24,0,
2165765,2975551,2429755510870128,,24,0,
2165765,2975552,2429755520870128,,24,0,
2165765,2975553,2429755530870128,,24,0,
2165765,2975554,2429755540870128,,24,0,
2165765,2975555,2429755550870128,,24,0,
2165765,2975556,2429755560870128,,24,0,
2165765,2975548,2529755480870128,,25,0,
2165765,2975549,2529755490870128,,25,0,
2165765,2975550,2529755500870128,,25,0,
2165765,2975551,2529755510870128,,25,0,
2165765,2975552,2529755520870128,,25,0,
2165765,2975553,2529755530870128,,25,0,
2165765,2975554,2529755540870128,,25,0,
2165765,2975555,2529755550870128,,25,0,
2165765,2975556,2529755560870128,,25,0,
2165765,2975548,2629755480870128,,26,0,
2165765,2975549,2629755490870128,,26,0,
2165765,2975550,2629755500870128,,26,0,
2165765,2975551,2629755510870128,,26,0,
2165765,2975552,2629755520870128,,26,0,
2165765,2975553,2629755530870128,,26,0,
2165765,2975554,2629755540870128,,26,0,
2165765,2975555,2629755550870128,,26,0,
2165765,2975556,2629755560870128,,26,0,
2165765,2975548,2729755480870128,,27,0,
2165765,2975549,2729755490870128,,27,0,
2165765,2975550,2729755500870128,,27,0,
2165765,2975551,2729755510870128,,27,0,
2165765,2975552,2729755520870128,,27,0,
2165765,2975553,2729755530870128,,27,0,
2165765,2975554,2729755540870128,,27,0,
2165765,2975555,2729755550870128,,27,0,
2165765,2975556,2729755560870128,,27,0,
2165765,2975548,2829755480870128,,28,0,
2165765,2975549,2829755490870128,,28,0,
2165765,2975550,2829755500870128,,28,0,
2165765,2975551,2829755510870128,,28,0,
2165765,2975552,2829755520870128,,28,0,
2165765,2975553,2829755530870128,,28,0,
2165765,2975554,2829755540870128,,28,0,
2165765,2975555,2829755550870128,,28,0,
2165765,2975556,2829755560870128,,28,0,
2165765,2975548,2929755480870128,,29,0,
2165765,2975549,2929755490870128,,29,0,
2165765,2975550,2929755500870128,,29,0,
2165765,2975551,2929755510870128,,29,0,
2165765,2975552,2929755520870128,,29,0,
2165765,2975553,2929755530870128,,29,0,
2165765,2975554,2929755540870128,,29,0,
2165765,2975555,2929755550870128,,29,0,
2165765,2975556,2929755560870128,,29,0,
2165765,2975548,3029755480870128,,30,0,
2165765,2975549,3029755490870128,,30,0,
2165765,2975550,3029755500870128,,30,0,
2165765,2975551,3029755510870128,,30,0,
2165765,2975552,3029755520870128,,30,0,
2165765,2975553,3029755530870128,,30,0,
2165765,2975554,3029755540870128,,30,0,
2165765,2975555,3029755550870128,,30,0,
2165765,2975556,3029755560870128,,30,0,
2165765,2975548,3129755480870128,,31,0,
2165765,2975549,3129755490870128,,31,0,
2165765,2975550,3129755500870128,,31,0,
2165765,2975551,3129755510870128,,31,0,
2165765,2975552,3129755520870128,,31,0,
2165765,2975553,3129755530870128,,31,0,
2165765,2975554,3129755540870128,,31,0,
2165765,2975555,3129755550870128,,31,0,
2165765,2975556,3129755560870128,,31,0,
2165765,2975548,3229755480870128,,32,0,
2165765,2975549,3229755490870128,,32,0,
2165765,2975550,3229755500870128,,32,0,
2165765,2975551,3229755510870128,,32,0,
2165765,2975552,3229755520870128,,32,0,
2165765,2975553,3229755530870128,,32,0,
2165765,2975554,3229755540870128,,32,0,
2165765,2975555,3229755550870128,,32,0,
2165765,2975556,3229755560870128,,32,0,
2165765,2975548,329755480870128,,3,0,
2165765,2975549,329755490870128,,3,0,
2165765,2975550,329755500870128,,3,0,
2165765,2975551,329755510870128,,3,0,
2165765,2975552,329755520870128,,3,0,
2165765,2975553,329755530870128,,3,0,
2165765,2975554,329755540870128,,3,0,
2165765,2975555,329755550870128,,3,0,
2165765,2975556,329755560870128,,3,0,
2165765,2975548,3329755480870128,,33,0,
2165765,2975549,3329755490870128,,33,0,
2165765,2975550,3329755500870128,,33,0,
2165765,2975551,3329755510870128,,33,0,
2165765,2975552,3329755520870128,,33,0,
2165765,2975553,3329755530870128,,33,0,
2165765,2975554,3329755540870128,,33,0,
2165765,2975555,3329755550870128,,33,0,
2165765,2975556,3329755560870128,,33,0,
2165765,2975548,3429755480870128,,34,0,
2165765,2975549,3429755490870128,,34,0,
2165765,2975550,3429755500870128,,34,0,
2165765,2975551,3429755510870128,,34,0,
2165765,2975552,3429755520870128,,34,0,
2165765,2975553,3429755530870128,,34,0,
2165765,2975554,3429755540870128,,34,0,
2165765,2975555,3429755550870128,,34,0,
2165765,2975556,3429755560870128,,34,0,
2165765,2975548,3529755480870128,,35,0,
2165765,2975549,3529755490870128,,35,0,
2165765,2975550,3529755500870128,,35,0,
2165765,2975551,3529755510870128,,35,0,
2165765,2975552,3529755520870128,,35,0,
2165765,2975553,3529755530870128,,35,0,
2165765,2975554,3529755540870128,,35,0,
2165765,2975555,3529755550870128,,35,0,
2165765,2975556,3529755560870128,,35,0,
2165765,2975548,3629755480870128,,36,0,
2165765,2975549,3629755490870128,,36,0,
2165765,2975550,3629755500870128,,36,0,
2165765,2975551,3629755510870128,,36,0,
2165765,2975552,3629755520870128,,36,0,
2165765,2975553,3629755530870128,,36,0,
2165765,2975554,3629755540870128,,36,0,
2165765,2975555,3629755550870128,,36,0,
2165765,2975556,3629755560870128,,36,0,
2165765,2975548,3729755480870128,,37,0,
2165765,2975549,3729755490870128,,37,0,
2165765,2975550,3729755500870128,,37,0,
2165765,2975551,3729755510870128,,37,0,
2165765,2975552,3729755520870128,,37,0,
2165765,2975553,3729755530870128,,37,0,
2165765,2975554,3729755540870128,,37,0,
2165765,2975555,3729755550870128,,37,0,
2165765,2975556,3729755560870128,,37,0,
2165765,2975548,3829755480870128,,38,0,
2165765,2975549,3829755490870128,,38,0,
2165765,2975550,3829755500870128,,38,0,
2165765,2975551,3829755510870128,,38,0,
2165765,2975552,3829755520870128,,38,0,
2165765,2975553,3829755530870128,,38,0,
2165765,2975554,3829755540870128,,38,0,
2165765,2975555,3829755550870128,,38,0,
2165765,2975556,3829755560870128,,38,0,
2165765,2975548,3929755480870128,,39,0,
2165765,2975549,3929755490870128,,39,0,
2165765,2975550,3929755500870128,,39,0,
2165765,2975551,3929755510870128,,39,0,
2165765,2975552,3929755520870128,,39,0,
2165765,2975553,3929755530870128,,39,0,
2165765,2975554,3929755540870128,,39,0,
2165765,2975555,3929755550870128,,39,0,
2165765,2975556,3929755560870128,,39,0,
2165765,2975548,4029755480870128,,40,0,
2165765,2975549,4029755490870128,,40,0,
2165765,2975550,4029755500870128,,40,0,
2165765,2975551,4029755510870128,,40,0,
2165765,2975552,4029755520870128,,40,0,
2165765,2975553,4029755530870128,,40,0,
2165765,2975554,4029755540870128,,40,0,
2165765,2975555,4029755550870128,,40,0,
2165765,2975556,4029755560870128,,40,0,
2165765,2975548,4129755480870128,,41,0,
2165765,2975549,4129755490870128,,41,0,
2165765,2975550,4129755500870128,,41,0,
2165765,2975551,4129755510870128,,41,0,
2165765,2975552,4129755520870128,,41,0,
2165765,2975553,4129755530870128,,41,0,
2165765,2975554,4129755540870128,,41,0,
2165765,2975555,4129755550870128,,41,0,
2165765,2975556,4129755560870128,,41,0,
2165765,2975548,4229755480870128,,42,0,
2165765,2975549,4229755490870128,,42,0,
2165765,2975550,4229755500870128,,42,0,
2165765,2975551,4229755510870128,,42,0,
2165765,2975552,4229755520870128,,42,0,
2165765,2975553,4229755530870128,,42,0,
2165765,2975554,4229755540870128,,42,0,
2165765,2975555,4229755550870128,,42,0,
2165765,2975556,4229755560870128,,42,0,
2165765,2975548,429755480870128,,4,0,
2165765,2975549,429755490870128,,4,0,
2165765,2975550,429755500870128,,4,0,
2165765,2975551,429755510870128,,4,0,
2165765,2975552,429755520870128,,4,0,
2165765,2975553,429755530870128,,4,0,
2165765,2975554,429755540870128,,4,0,
2165765,2975555,429755550870128,,4,0,
2165765,2975556,429755560870128,,4,0,
2165765,2975548,4329755480870128,,43,0,
2165765,2975549,4329755490870128,,43,0,
2165765,2975550,4329755500870128,,43,0,
2165765,2975551,4329755510870128,,43,0,
2165765,2975552,4329755520870128,,43,0,
2165765,2975553,4329755530870128,,43,0,
2165765,2975554,4329755540870128,,43,0,
2165765,2975555,4329755550870128,,43,0,
2165765,2975556,4329755560870128,,43,0,
2165765,2975548,4429755480870128,,44,0,
2165765,2975549,4429755490870128,,44,0,
2165765,2975550,4429755500870128,,44,0,
2165765,2975551,4429755510870128,,44,0,
2165765,2975552,4429755520870128,,44,0,
2165765,2975553,4429755530870128,,44,0,
2165765,2975554,4429755540870128,,44,0,
2165765,2975555,4429755550870128,,44,0,
2165765,2975556,4429755560870128,,44,0,
2165765,2975548,4529755480870128,,45,0,
2165765,2975549,4529755490870128,,45,0,
2165765,2975550,4529755500870128,,45,0,
2165765,2975551,4529755510870128,,45,0,
2165765,2975552,4529755520870128,,45,0,
2165765,2975553,4529755530870128,,45,0,
2165765,2975554,4529755540870128,,45,0,
2165765,2975555,4529755550870128,,45,0,
2165765,2975556,4529755560870128,,45,0,
2165765,2975548,4629755480870128,,46,0,
2165765,2975549,4629755490870128,,46,0,
2165765,2975550,4629755500870128,,46,0,
2165765,2975551,4629755510870128,,46,0,
2165765,2975552,4629755520870128,,46,0,
2165765,2975553,4629755530870128,,46,0,
2165765,2975554,4629755540870128,,46,0,
2165765,2975555,4629755550870128,,46,0,
2165765,2975556,4629755560870128,,46,0,
2165765,2975548,4729755480870128,,47,0,
2165765,2975549,4729755490870128,,47,0,
2165765,2975550,4729755500870128,,47,0,
2165765,2975551,4729755510870128,,47,0,
2165765,2975552,4729755520870128,,47,0,
2165765,2975553,4729755530870128,,47,0,
2165765,2975554,4729755540870128,,47,0,
2165765,2975555,4729755550870128,,47,0,
2165765,2975556,4729755560870128,,47,0,
2165765,2975548,4829755480870128,,48,0,
2165765,2975549,4829755490870128,,48,0,
2165765,2975550,4829755500870128,,48,0,
2165765,2975551,4829755510870128,,48,0,
2165765,2975552,4829755520870128,,48,0,
2165765,2975553,4829755530870128,,48,0,
2165765,2975554,4829755540870128,,48,0,
2165765,2975555,4829755550870128,,48,0,
2165765,2975556,4829755560870128,,48,0,
2165765,2975548,4929755480870128,,49,0,
2165765,2975549,4929755490870128,,49,0,
2165765,2975550,4929755500870128,,49,0,
2165765,2975551,4929755510870128,,49,0,
2165765,2975552,4929755520870128,,49,0,
2165765,2975553,4929755530870128,,49,0,
2165765,2975554,4929755540870128,,49,0,
2165765,2975555,4929755550870128,,49,0,
2165765,2975556,4929755560870128,,49,0,
2165765,2975548,5029755480870128,,50,0,
2165765,2975549,5029755490870128,,50,0,
2165765,2975550,5029755500870128,,50,0,
2165765,2975551,5029755510870128,,50,0,
2165765,2975552,5029755520870128,,50,0,
2165765,2975553,5029755530870128,,50,0,
2165765,2975554,5029755540870128,,50,0,
2165765,2975555,5029755550870128,,50,0,
2165765,2975556,5029755560870128,,50,0,
2165765,2975548,5129755480870128,,51,0,
2165765,2975549,5129755490870128,,51,0,
2165765,2975550,5129755500870128,,51,0,
2165765,2975551,5129755510870128,,51,0,
2165765,2975552,5129755520870128,,51,0,
2165765,2975553,5129755530870128,,51,0,
2165765,2975554,5129755540870128,,51,0,
2165765,2975555,5129755550870128,,51,0,
2165765,2975556,5129755560870128,,51,0,
2165765,2975548,5229755480870128,,52,0,
2165765,2975549,5229755490870128,,52,0,
2165765,2975550,5229755500870128,,52,0,
2165765,2975551,5229755510870128,,52,0,
2165765,2975552,5229755520870128,,52,0,
2165765,2975553,5229755530870128,,52,0,
2165765,2975554,5229755540870128,,52,0,
2165765,2975555,5229755550870128,,52,0,
2165765,2975556,5229755560870128,,52,0,
2165765,2975548,529755480870128,,5,0,
2165765,2975549,529755490870128,,5,0,
2165765,2975550,529755500870128,,5,0,
2165765,2975551,529755510870128,,5,0,
2165765,2975552,529755520870128,,5,0,
2165765,2975553,529755530870128,,5,0,
2165765,2975554,529755540870128,,5,0,
2165765,2975555,529755550870128,,5,0,
2165765,2975556,529755560870128,,5,0,
2165765,2975548,5329755480870128,,53,0,
2165765,2975549,5329755490870128,,53,0,
2165765,2975550,5329755500870128,,53,0,
2165765,2975551,5329755510870128,,53,0,
2165765,2975552,5329755520870128,,53,0,
2165765,2975553,5329755530870128,,53,0,
2165765,2975554,5329755540870128,,53,0,
2165765,2975555,5329755550870128,,53,0,
2165765,2975556,5329755560870128,,53,0,
2165765,2975548,5429755480870128,,54,0,
2165765,2975549,5429755490870128,,54,0,
2165765,2975550,5429755500870128,,54,0,
2165765,2975551,5429755510870128,,54,0,
2165765,2975552,5429755520870128,,54,0,
2165765,2975553,5429755530870128,,54,0,
2165765,2975554,5429755540870128,,54,0,
2165765,2975555,5429755550870128,,54,0,
2165765,2975556,5429755560870128,,54,0,
2165765,2975548,5529755480870128,,55,0,
2165765,2975549,5529755490870128,,55,0,
2165765,2975550,5529755500870128,,55,0,
2165765,2975551,5529755510870128,,55,0,
2165765,2975552,5529755520870128,,55,0,
2165765,2975553,5529755530870128,,55,0,
2165765,2975554,5529755540870128,,55,0,
2165765,2975555,5529755550870128,,55,0,
2165765,2975556,5529755560870128,,55,0,
2165765,2975548,5629755480870128,,56,0,
2165765,2975549,5629755490870128,,56,0,
2165765,2975550,5629755500870128,,56,0,
2165765,2975551,5629755510870128,,56,0,
2165765,2975552,5629755520870128,,56,0,
2165765,2975553,5629755530870128,,56,0,
2165765,2975554,5629755540870128,,56,0,
2165765,2975555,5629755550870128,,56,0,
2165765,2975556,5629755560870128,,56,0,
2165765,2975548,5729755480870128,,57,0,
2165765,2975549,5729755490870128,,57,0,
2165765,2975550,5729755500870128,,57,0,
2165765,2975551,5729755510870128,,57,0,
2165765,2975552,5729755520870128,,57,0,
2165765,2975553,5729755530870128,,57,0,
2165765,2975554,5729755540870128,,57,0,
2165765,2975555,5729755550870128,,57,0,
2165765,2975556,5729755560870128,,57,0,
2165765,2975548,5829755480870128,,58,0,
2165765,2975549,5829755490870128,,58,0,
2165765,2975550,5829755500870128,,58,0,
2165765,2975551,5829755510870128,,58,0,
2165765,2975552,5829755520870128,,58,0,
2165765,2975553,5829755530870128,,58,0,
2165765,2975554,5829755540870128,,58,0,
2165765,2975555,5829755550870128,,58,0,
2165765,2975556,5829755560870128,,58,0,
2165765,2975548,5929755480870128,,59,0,
2165765,2975549,5929755490870128,,59,0,
2165765,2975550,5929755500870128,,59,0,
2165765,2975551,5929755510870128,,59,0,
2165765,2975552,5929755520870128,,59,0,
2165765,2975553,5929755530870128,,59,0,
2165765,2975554,5929755540870128,,59,0,
2165765,2975555,5929755550870128,,59,0,
2165765,2975556,5929755560870128,,59,0,
2165765,12975548,6029755480870128,,60,0,
2165765,12975549,6029755490870128,,60,0,
2165765,2975550,6029755500870128,,60,0,
2165765,2975551,6029755510870128,,60,0,
2165765,2975552,6029755520870128,,60,0,
2165765,2975553,6029755530870128,,60,0,
2165765,2975554,6029755540870128,,60,0,
2165765,2975555,6029755550870128,,60,0,
2165765,2975556,6029755560870128,,60,0,
2165765,12975548,6129755480870128,,61,0,
2165765,2975550,6129755500870128,,61,0,
2165765,2975551,6129755510870128,,61,0,
2165765,2975552,6129755520870128,,61,0,
2165765,2975553,6129755530870128,,61,0,
2165765,2975554,6129755540870128,,61,0,
2165765,2975555,6129755550870128,,61,0,
2165765,2975556,6129755560870128,,61,0,
2165765,12975548,6229755480870128,,62,0,
2165765,2975550,6229755500870128,,62,0,
2165765,2975551,6229755510870128,,62,0,
2165765,2975552,6229755520870128,,62,0,
2165765,2975553,6229755530870128,,62,0,
2165765,2975554,6229755540870128,,62,0,
2165765,2975555,6229755550870128,,62,0,
2165765,2975556,6229755560870128,,62,0,
2165765,2975548,629755480870128,,6,0,
2165765,2975549,629755490870128,,6,0,
2165765,2975550,629755500870128,,6,0,
2165765,2975551,629755510870128,,6,0,
2165765,2975552,629755520870128,,6,0,
2165765,2975553,629755530870128,,6,0,
2165765,2975554,629755540870128,,6,0,
2165765,2975555,629755550870128,,6,0,
2165765,2975556,629755560870128,,6,0,
2165765,2975550,6329755500870128,,63,0,
2165765,2975551,6329755510870128,,63,0,
2165765,2975552,6329755520870128,,63,0,
2165765,2975553,6329755530870128,,63,0,
2165765,2975554,6329755540870128,,63,0,
2165765,2975555,6329755550870128,,63,0,
2165765,2975556,6329755560870128,,63,0,
2165765,2975550,6429755500870128,,64,0,
2165765,2975551,6429755510870128,,64,0,
2165765,2975552,6429755520870128,,64,0,
2165765,2975553,6429755530870128,,64,0,
2165765,2975554,6429755540870128,,64,0,
2165765,2975555,6429755550870128,,64,0,
2165765,2975556,6429755560870128,,64,0,
2165765,2975550,6529755500870128,,65,0,
2165765,2975551,6529755510870128,,65,0,
2165765,2975552,6529755520870128,,65,0,
2165765,2975553,6529755530870128,,65,0,
2165765,2975554,6529755540870128,,65,0,
2165765,2975555,6529755550870128,,65,0,
2165765,2975556,6529755560870128,,65,0,
2165765,2975550,6629755500870128,,66,0,
2165765,2975551,6629755510870128,,66,0,
2165765,2975552,6629755520870128,,66,0,
2165765,2975553,6629755530870128,,66,0,
2165765,2975554,6629755540870128,,66,0,
2165765,2975555,6629755550870128,,66,0,
2165765,2975556,6629755560870128,,66,0,
2165765,2975550,6729755500870128,,67,0,
2165765,2975551,6729755510870128,,67,0,
2165765,2975552,6729755520870128,,67,0,
2165765,2975553,6729755530870128,,67,0,
2165765,2975554,6729755540870128,,67,0,
2165765,2975555,6729755550870128,,67,0,
2165765,2975556,6729755560870128,,67,0,
2165765,2975550,6829755500870128,,68,0,
2165765,2975551,6829755510870128,,68,0,
2165765,2975552,6829755520870128,,68,0,
2165765,2975553,6829755530870128,,68,0,
2165765,2975554,6829755540870128,,68,0,
2165765,2975555,6829755550870128,,68,0,
2165765,2975556,6829755560870128,,68,0,
2165765,2975550,6929755500870128,,69,0,
2165765,2975551,6929755510870128,,69,0,
2165765,2975552,6929755520870128,,69,0,
2165765,2975553,6929755530870128,,69,0,
2165765,2975554,6929755540870128,,69,0,
2165765,2975555,6929755550870128,,69,0,
2165765,2975556,6929755560870128,,69,0,
2165765,2975550,7029755500870128,,70,0,
2165765,2975551,7029755510870128,,70,0,
2165765,2975552,7029755520870128,,70,0,
2165765,2975553,7029755530870128,,70,0,
2165765,2975554,7029755540870128,,70,0,
2165765,2975555,7029755550870128,,70,0,
2165765,2975556,7029755560870128,,70,0,
2165765,2975550,7129755500870128,,71,0,
2165765,2975551,7129755510870128,,71,0,
2165765,2975552,7129755520870128,,71,0,
2165765,2975553,7129755530870128,,71,0,
2165765,2975554,7129755540870128,,71,0,
2165765,2975555,7129755550870128,,71,0,
2165765,2975556,7129755560870128,,71,0,
2165765,2975550,7229755500870128,,72,0,
2165765,2975551,7229755510870128,,72,0,
2165765,2975552,7229755520870128,,72,0,
2165765,2975553,7229755530870128,,72,0,
2165765,12975554,7229755540870128,,72,0,
2165765,2975555,7229755550870128,,72,0,
2165765,2975556,7229755560870128,,72,0,
2165765,2975548,729755480870128,,7,0,
2165765,2975549,729755490870128,,7,0,
2165765,2975550,729755500870128,,7,0,
2165765,2975551,729755510870128,,7,0,
2165765,2975552,729755520870128,,7,0,
2165765,2975553,729755530870128,,7,0,
2165765,2975554,729755540870128,,7,0,
2165765,2975555,729755550870128,,7,0,
2165765,2975556,729755560870128,,7,0,
2165765,2975550,7329755500870128,,73,0,
2165765,2975551,7329755510870128,,73,0,
2165765,2975552,7329755520870128,,73,0,
2165765,2975553,7329755530870128,,73,0,
2165765,12975554,7329755540870128,,73,0,
2165765,2975555,7329755550870128,,73,0,
2165765,2975556,7329755560870128,,73,0,
2165765,2975550,7429755500870128,,74,0,
2165765,2975551,7429755510870128,,74,0,
2165765,2975552,7429755520870128,,74,0,
2165765,2975553,7429755530870128,,74,0,
2165765,12975554,7429755540870128,,74,0,
2165765,2975555,7429755550870128,,74,0,
2165765,2975556,7429755560870128,,74,0,
2165765,2975550,7529755500870128,,75,0,
2165765,2975551,7529755510870128,,75,0,
2165765,2975552,7529755520870128,,75,0,
2165765,2975553,7529755530870128,,75,0,
2165765,2975555,7529755550870128,,75,0,
2165765,2975556,7529755560870128,,75,0,
2165765,2975550,7629755500870128,,76,0,
2165765,2975551,7629755510870128,,76,0,
2165765,2975552,7629755520870128,,76,0,
2165765,12975553,7629755530870128,,76,0,
2165765,2975555,7629755550870128,,76,0,
2165765,2975556,7629755560870128,,76,0,
2165765,2975550,7729755500870128,,77,0,
2165765,2975551,7729755510870128,,77,0,
2165765,2975552,7729755520870128,,77,0,
2165765,12975553,7729755530870128,,77,0,
2165765,2975555,7729755550870128,,77,0,
2165765,2975556,7729755560870128,,77,0,
2165765,2975550,7829755500870128,,78,0,
2165765,2975551,7829755510870128,,78,0,
2165765,2975552,7829755520870128,,78,0,
2165765,12975553,7829755530870128,,78,0,
2165765,2975555,7829755550870128,,78,0,
2165765,2975556,7829755560870128,,78,0,
2165765,2975550,7929755500870128,,79,0,
2165765,2975551,7929755510870128,,79,0,
2165765,2975552,7929755520870128,,79,0,
2165765,2975555,7929755550870128,,79,0,
2165765,2975556,7929755560870128,,79,0,
2165765,2975550,8029755500870128,,80,0,
2165765,2975551,8029755510870128,,80,0,
2165765,2975552,8029755520870128,,80,0,
2165765,2975555,8029755550870128,,80,0,
2165765,2975556,8029755560870128,,80,0,
2165765,2975550,8129755500870128,,81,0,
2165765,2975551,8129755510870128,,81,0,
2165765,2975552,8129755520870128,,81,0,
2165765,2975555,8129755550870128,,81,0,
2165765,2975556,8129755560870128,,81,0,
2165765,2975550,8229755500870128,,82,0,
2165765,2975551,8229755510870128,,82,0,
2165765,2975552,8229755520870128,,82,0,
2165765,2975555,8229755550870128,,82,0,
2165765,2975556,8229755560870128,,82,0,
2165765,2975548,829755480870128,,8,0,
2165765,2975549,829755490870128,,8,0,
2165765,2975550,829755500870128,,8,0,
2165765,2975551,829755510870128,,8,0,
2165765,2975552,829755520870128,,8,0,
2165765,2975553,829755530870128,,8,0,
2165765,2975554,829755540870128,,8,0,
2165765,2975555,829755550870128,,8,0,
2165765,2975556,829755560870128,,8,0,
2165765,2975550,8329755500870128,,83,0,
2165765,2975551,8329755510870128,,83,0,
2165765,2975552,8329755520870128,,83,0,
2165765,2975555,8329755550870128,,83,0,
2165765,2975556,8329755560870128,,83,0,
2165765,2975550,8429755500870128,,84,0,
2165765,2975551,8429755510870128,,84,0,
2165765,2975552,8429755520870128,,84,0,
2165765,2975555,8429755550870128,,84,0,
2165765,2975556,8429755560870128,,84,0,
2165765,2975550,8529755500870128,,85,0,
2165765,2975551,8529755510870128,,85,0,
2165765,2975552,8529755520870128,,85,0,
2165765,2975555,8529755550870128,,85,0,
2165765,2975556,8529755560870128,,85,0,
2165765,12975550,8629755500870128,,86,0,
2165765,2975551,8629755510870128,,86,0,
2165765,2975552,8629755520870128,,86,0,
2165765,2975555,8629755550870128,,86,0,
2165765,2975556,8629755560870128,,86,0,
2165765,2975551,8729755510870128,,87,0,
2165765,2975552,8729755520870128,,87,0,
2165765,2975555,8729755550870128,,87,0,
2165765,12975556,8729755560870128,,87,0,
2165765,2975551,8829755510870128,,88,0,
2165765,2975552,8829755520870128,,88,0,
2165765,2975555,8829755550870128,,88,0,
2165765,12975556,8829755560870128,,88,0,
2165765,12975551,8929755510870128,,89,0,
2165765,12975552,8929755520870128,,89,0,
2165765,2975555,8929755550870128,,89,0,
2165765,12975556,8929755560870128,,89,0,
2165765,2975555,9029755550870128,,90,0,
2165765,12975555,9129755550870128,,91,0,
2165765,12975555,9229755550870128,,92,0,
2165765,2975548,929755480870128,,9,0,
2165765,2975549,929755490870128,,9,0,
2165765,2975550,929755500870128,,9,0,
2165765,2975551,929755510870128,,9,0,
2165765,2975552,929755520870128,,9,0,
2165765,2975553,929755530870128,,9,0,
2165765,2975554,929755540870128,,9,0,
2165765,2975555,929755550870128,,9,0,
2165765,2975556,929755560870128,,9,0,
2165765,12975555,9329755550870128,,93,0,
2165765,2975548,1029755480870130,,10,0,
2165765,2975549,1029755490870130,,10,0,
2165765,2975553,1029755530870130,,10,0,
2165765,2975554,1029755540870130,,10,0,
2165765,2975553,1129755530870130,,11,0,
2165765,2975554,1129755540870130,,11,0,
2165765,2975553,1229755530870130,,12,0,
2165765,2975554,1229755540870130,,12,0,
2165765,2975548,129755480870130,,1,0,
2165765,2975549,129755490870130,,1,0,
2165765,2975550,129755500870130,,1,0,
2165765,2975551,129755510870130,,1,0,
2165765,2975552,129755520870130,,1,0,
2165765,2975553,129755530870130,,1,0,
2165765,2975554,129755540870130,,1,0,
2165765,2975555,129755550870130,,1,0,
2165765,2975556,129755560870130,,1,0,
2165765,2975553,1329755530870130,,13,0,
2165765,2975554,1329755540870130,,13,0,
2165765,2975554,1429755540870130,,14,0,
2165765,2975548,229755480870130,,2,0,
2165765,2975549,229755490870130,,2,0,
2165765,2975550,229755500870130,,2,0,
2165765,2975551,229755510870130,,2,0,
2165765,2975552,229755520870130,,2,0,
2165765,2975553,229755530870130,,2,0,
2165765,2975554,229755540870130,,2,0,
2165765,2975555,229755550870130,,2,0,
2165765,2975556,229755560870130,,2,0,
2165765,2975548,329755480870130,,3,0,
2165765,2975549,329755490870130,,3,0,
2165765,2975551,329755510870130,,3,0,
2165765,2975552,329755520870130,,3,0,
2165765,2975553,329755530870130,,3,0,
2165765,2975554,329755540870130,,3,0,
2165765,2975555,329755550870130,,3,0,
2165765,2975556,329755560870130,,3,0,
2165765,2975548,429755480870130,,4,0,
2165765,2975549,429755490870130,,4,0,
2165765,2975551,429755510870130,,4,0,
2165765,2975552,429755520870130,,4,0,
2165765,2975553,429755530870130,,4,0,
2165765,2975554,429755540870130,,4,0,
2165765,2975555,429755550870130,,4,0,
2165765,2975548,529755480870130,,5,0,
2165765,2975549,529755490870130,,5,0,
2165765,2975551,529755510870130,,5,0,
2165765,2975552,529755520870130,,5,0,
2165765,2975553,529755530870130,,5,0,
2165765,2975554,529755540870130,,5,0,
2165765,2975555,529755550870130,,5,0,
2165765,2975548,629755480870130,,6,0,
2165765,2975549,629755490870130,,6,0,
2165765,2975553,629755530870130,,6,0,
2165765,2975554,629755540870130,,6,0,
2165765,2975548,729755480870130,,7,0,
2165765,2975549,729755490870130,,7,0,
2165765,2975553,729755530870130,,7,0,
2165765,2975554,729755540870130,,7,0,
2165765,2975548,829755480870130,,8,0,
2165765,2975549,829755490870130,,8,0,
2165765,2975553,829755530870130,,8,0,
2165765,2975554,829755540870130,,8,0,
2165765,2975548,929755480870130,,9,0,
2165765,2975549,929755490870130,,9,0,
2165765,2975553,929755530870130,,9,0,
2165765,2975554,929755540870130,,9,0,
2165765,2975550,1029755500870137,,10,0,
2165765,2975555,1029755550870137,,10,0,
2165765,2975556,1029755560870137,,10,0,
2165765,2975550,1129755500870137,,11,0,
2165765,2975556,1129755560870137,,11,0,
2165765,2975556,1229755560870137,,12,0,
2165765,2975550,129755500870137,,1,0,
2165765,2975551,129755510870137,,1,0,
2165765,2975552,129755520870137,,1,0,
2165765,2975553,129755530870137,,1,0,
2165765,2975554,129755540870137,,1,0,
2165765,2975555,129755550870137,,1,0,
2165765,2975556,129755560870137,,1,0,
2165765,2975550,229755500870137,,2,0,
2165765,2975551,229755510870137,,2,0,
2165765,2975552,229755520870137,,2,0,
2165765,2975553,229755530870137,,2,0,
2165765,2975554,229755540870137,,2,0,
2165765,2975555,229755550870137,,2,0,
2165765,2975556,229755560870137,,2,0,
2165765,2975550,329755500870137,,3,0,
2165765,2975551,329755510870137,,3,0,
2165765,2975552,329755520870137,,3,0,
2165765,2975553,329755530870137,,3,0,
2165765,2975554,329755540870137,,3,0,
2165765,2975555,329755550870137,,3,0,
2165765,2975556,329755560870137,,3,0,
2165765,2975550,429755500870137,,4,0,
2165765,2975551,429755510870137,,4,0,
2165765,2975552,429755520870137,,4,0,
2165765,2975553,429755530870137,,4,0,
2165765,2975555,429755550870137,,4,0,
2165765,2975556,429755560870137,,4,0,
2165765,2975550,529755500870137,,5,0,
2165765,2975551,529755510870137,,5,0,
2165765,2975552,529755520870137,,5,0,
2165765,2975553,529755530870137,,5,0,
2165765,2975555,529755550870137,,5,0,
2165765,2975556,529755560870137,,5,0,
2165765,2975550,629755500870137,,6,0,
2165765,2975551,629755510870137,,6,0,
2165765,2975552,629755520870137,,6,0,
2165765,2975555,629755550870137,,6,0,
2165765,2975556,629755560870137,,6,0,
2165765,2975550,729755500870137,,7,0,
2165765,2975551,729755510870137,,7,0,
2165765,2975552,729755520870137,,7,0,
2165765,2975555,729755550870137,,7,0,
2165765,2975556,729755560870137,,7,0,
2165765,2975550,829755500870137,,8,0,
2165765,2975551,829755510870137,,8,0,
2165765,2975552,829755520870137,,8,0,
2165765,2975555,829755550870137,,8,0,
2165765,2975556,829755560870137,,8,0,
2165765,2975550,929755500870137,,9,0,
2165765,2975551,929755510870137,,9,0,
2165765,2975552,929755520870137,,9,0,
2165765,2975555,929755550870137,,9,0,
2165765,2975556,929755560870137,,9,0,
2165765,2975550,1029755500870138,,10,0,
2165765,2975551,1029755510870138,,10,0,
2165765,2975552,1029755520870138,,10,0,
2165765,2975555,1029755550870138,,10,0,
2165765,2975556,1029755560870138,,10,0,
2165765,2975550,1129755500870138,,11,0,
2165765,2975551,1129755510870138,,11,0,
2165765,2975552,1129755520870138,,11,0,
2165765,2975555,1129755550870138,,11,0,
2165765,2975556,1129755560870138,,11,0,
2165765,2975550,1229755500870138,,12,0,
2165765,2975551,1229755510870138,,12,0,
2165765,2975552,1229755520870138,,12,0,
2165765,2975556,1229755560870138,,12,0,
2165765,2975548,129755480870138,,1,0,
2165765,2975549,129755490870138,,1,0,
2165765,2975550,129755500870138,,1,0,
2165765,2975551,129755510870138,,1,0,
2165765,2975552,129755520870138,,1,0,
2165765,2975555,129755550870138,,1,0,
2165765,2975556,129755560870138,,1,0,
2165765,2975550,1329755500870138,,13,0,
2165765,2975551,1329755510870138,,13,0,
2165765,2975552,1329755520870138,,13,0,
2165765,2975556,1329755560870138,,13,0,
2165765,2975548,229755480870138,,2,0,
2165765,2975549,229755490870138,,2,0,
2165765,2975550,229755500870138,,2,0,
2165765,2975551,229755510870138,,2,0,
2165765,2975552,229755520870138,,2,0,
2165765,2975555,229755550870138,,2,0,
2165765,2975556,229755560870138,,2,0,
2165765,2975550,329755500870138,,3,0,
2165765,2975551,329755510870138,,3,0,
2165765,2975552,329755520870138,,3,0,
2165765,2975555,329755550870138,,3,0,
2165765,2975556,329755560870138,,3,0,
2165765,2975550,429755500870138,,4,0,
2165765,2975551,429755510870138,,4,0,
2165765,2975552,429755520870138,,4,0,
2165765,2975555,429755550870138,,4,0,
2165765,2975556,429755560870138,,4,0,
2165765,2975550,529755500870138,,5,0,
2165765,2975551,529755510870138,,5,0,
2165765,2975552,529755520870138,,5,0,
2165765,2975555,529755550870138,,5,0,
2165765,2975556,529755560870138,,5,0,
2165765,2975550,629755500870138,,6,0,
2165765,2975551,629755510870138,,6,0,
2165765,2975552,629755520870138,,6,0,
2165765,2975555,629755550870138,,6,0,
2165765,2975556,629755560870138,,6,0,
2165765,2975550,729755500870138,,7,0,
2165765,2975551,729755510870138,,7,0,
2165765,2975552,729755520870138,,7,0,
2165765,2975555,729755550870138,,7,0,
2165765,2975556,729755560870138,,7,0,
2165765,2975550,829755500870138,,8,0,
2165765,2975551,829755510870138,,8,0,
2165765,2975552,829755520870138,,8,0,
2165765,2975555,829755550870138,,8,0,
2165765,2975556,829755560870138,,8,0,
2165765,2975550,929755500870138,,9,0,
2165765,2975551,929755510870138,,9,0,
2165765,2975552,929755520870138,,9,0,
2165765,2975555,929755550870138,,9,0,
2165765,2975556,929755560870138,,9,0,
2165765,2975551,1029755510870131,,10,0,
2165765,2975552,1029755520870131,,10,0,
2165765,2975553,1029755530870131,,10,0,
2165765,2975548,129755480870131,,1,0,
2165765,2975549,129755490870131,,1,0,
2165765,2975550,129755500870131,,1,0,
2165765,2975551,129755510870131,,1,0,
2165765,2975552,129755520870131,,1,0,
2165765,2975553,129755530870131,,1,0,
2165765,2975554,129755540870131,,1,0,
2165765,2975555,129755550870131,,1,0,
2165765,2975556,129755560870131,,1,0,
2165765,2975548,229755480870131,,2,0,
2165765,2975549,229755490870131,,2,0,
2165765,2975550,229755500870131,,2,0,
2165765,2975551,229755510870131,,2,0,
2165765,2975552,229755520870131,,2,0,
2165765,2975553,229755530870131,,2,0,
2165765,2975554,229755540870131,,2,0,
2165765,2975555,229755550870131,,2,0,
2165765,2975556,229755560870131,,2,0,
2165765,2975548,329755480870131,,3,0,
2165765,2975549,329755490870131,,3,0,
2165765,2975550,329755500870131,,3,0,
2165765,2975551,329755510870131,,3,0,
2165765,2975552,329755520870131,,3,0,
2165765,2975553,329755530870131,,3,0,
2165765,2975554,329755540870131,,3,0,
2165765,2975555,329755550870131,,3,0,
2165765,2975556,329755560870131,,3,0,
2165765,2975548,429755480870131,,4,0,
2165765,2975549,429755490870131,,4,0,
2165765,2975550,429755500870131,,4,0,
2165765,2975551,429755510870131,,4,0,
2165765,2975552,429755520870131,,4,0,
2165765,2975553,429755530870131,,4,0,
2165765,2975554,429755540870131,,4,0,
2165765,2975555,429755550870131,,4,0,
2165765,2975556,429755560870131,,4,0,
2165765,2975548,529755480870131,,5,0,
2165765,2975549,529755490870131,,5,0,
2165765,2975550,529755500870131,,5,0,
2165765,2975551,529755510870131,,5,0,
2165765,2975552,529755520870131,,5,0,
2165765,2975553,529755530870131,,5,0,
2165765,2975554,529755540870131,,5,0,
2165765,2975555,529755550870131,,5,0,
2165765,2975556,529755560870131,,5,0,
2165765,2975548,629755480870131,,6,0,
2165765,2975549,629755490870131,,6,0,
2165765,2975550,629755500870131,,6,0,
2165765,2975551,629755510870131,,6,0,
2165765,2975552,629755520870131,,6,0,
2165765,2975553,629755530870131,,6,0,
2165765,2975554,629755540870131,,6,0,
2165765,2975555,629755550870131,,6,0,
2165765,2975556,629755560870131,,6,0,
2165765,2975548,729755480870131,,7,0,
2165765,2975549,729755490870131,,7,0,
2165765,2975551,729755510870131,,7,0,
2165765,2975552,729755520870131,,7,0,
2165765,2975553,729755530870131,,7,0,
2165765,2975554,729755540870131,,7,0,
2165765,2975555,729755550870131,,7,0,
2165765,2975556,729755560870131,,7,0,
2165765,2975551,829755510870131,,8,0,
2165765,2975552,829755520870131,,8,0,
2165765,2975553,829755530870131,,8,0,
2165765,2975554,829755540870131,,8,0,
2165765,2975555,829755550870131,,8,0,
2165765,2975556,829755560870131,,8,0,
2165765,2975551,929755510870131,,9,0,
2165765,2975552,929755520870131,,9,0,
2165765,2975553,929755530870131,,9,0,
2165765,2975555,929755550870131,,9,0,
2165765,2975556,929755560870131,,9,0,
2165765,2975553,129755530870129,,1,0,
2165765,2975554,129755540870129,,1,0,
2165765,2975553,229755530870129,,2,0,
2165765,2975554,229755540870129,,2,0,
2165765,2975553,329755530870129,,3,0,
2165765,2975554,329755540870129,,3,0,
2165765,2975553,429755530870129,,4,0,
2165765,2975554,429755540870129,,4,0,
2165765,2975554,529755540870129,,5,0,
2165765,2975554,629755540870129,,6,0,
2165766,2975548,1029755480870134,,10,1,
2165766,2975549,1029755490870134,,10,1,
2165766,2975553,1029755530870134,,10,1,
2165766,2975554,1029755540870134,,10,1,
2165766,2975553,1129755530870134,,11,1,
2165766,2975554,1129755540870134,,11,1,
2165766,2975553,1229755530870134,,12,1,
2165766,2975554,1229755540870134,,12,1,
2165766,2975548,129755480870134,,1,1,
2165766,2975549,129755490870134,,1,1,
2165766,2975550,129755500870134,,1,1,
2165766,2975551,129755510870134,,1,1,
2165766,2975552,129755520870134,,1,1,
2165766,2975553,129755530870134,,1,1,
2165766,2975554,129755540870134,,1,1,
2165766,2975555,129755550870134,,1,1,
2165766,2975556,129755560870134,,1,1,
2165766,2975553,1329755530870134,,13,1,
2165766,2975554,1329755540870134,,13,1,
2165766,2975554,1429755540870134,,14,1,
2165766,2975548,229755480870134,,2,1,
2165766,2975549,229755490870134,,2,1,
2165766,2975550,229755500870134,,2,1,
2165766,2975551,229755510870134,,2,1,
2165766,2975552,229755520870134,,2,1,
2165766,2975553,229755530870134,,2,1,
2165766,2975554,229755540870134,,2,1,
2165766,2975555,229755550870134,,2,1,
2165766,2975556,229755560870134,,2,1,
2165766,2975548,329755480870134,,3,1,
2165766,2975549,329755490870134,,3,1,
2165766,2975551,329755510870134,,3,1,
2165766,2975552,329755520870134,,3,1,
2165766,2975553,329755530870134,,3,1,
2165766,2975554,329755540870134,,3,1,
2165766,2975555,329755550870134,,3,1,
2165766,2975556,329755560870134,,3,1,
2165766,2975548,429755480870134,,4,1,
2165766,2975549,429755490870134,,4,1,
2165766,2975551,429755510870134,,4,1,
2165766,2975552,429755520870134,,4,1,
2165766,2975553,429755530870134,,4,1,
2165766,2975554,429755540870134,,4,1,
2165766,2975555,429755550870134,,4,1,
2165766,2975548,529755480870134,,5,1,
2165766,2975549,529755490870134,,5,1,
2165766,2975551,529755510870134,,5,1,
2165766,2975552,529755520870134,,5,1,
2165766,2975553,529755530870134,,5,1,
2165766,2975554,529755540870134,,5,1,
2165766,2975555,529755550870134,,5,1,
2165766,2975548,629755480870134,,6,1,
2165766,2975549,629755490870134,,6,1,
2165766,2975553,629755530870134,,6,1,
2165766,2975554,629755540870134,,6,1,
2165766,2975548,729755480870134,,7,1,
2165766,2975549,729755490870134,,7,1,
2165766,2975553,729755530870134,,7,1,
2165766,2975554,729755540870134,,7,1,
2165766,2975548,829755480870134,,8,1,
2165766,2975549,829755490870134,,8,1,
2165766,2975553,829755530870134,,8,1,
2165766,2975554,829755540870134,,8,1,
2165766,2975548,929755480870134,,9,1,
2165766,2975549,929755490870134,,9,1,
2165766,2975553,929755530870134,,9,1,
2165766,2975554,929755540870134,,9,1,
2165766,2975548,1029755480870135,,10,1,
2165766,2975549,1029755490870135,,10,1,
2165766,2975550,1029755500870135,,10,1,
2165766,2975551,1029755510870135,,10,1,
2165766,2975552,1029755520870135,,10,1,
2165766,2975553,1029755530870135,,10,1,
2165766,2975554,1029755540870135,,10,1,
2165766,2975555,1029755550870135,,10,1,
2165766,2975556,1029755560870135,,10,1,
2165766,2975548,1129755480870135,,11,1,
2165766,2975549,1129755490870135,,11,1,
2165766,2975550,1129755500870135,,11,1,
2165766,2975551,1129755510870135,,11,1,
2165766,2975552,1129755520870135,,11,1,
2165766,2975553,1129755530870135,,11,1,
2165766,2975554,1129755540870135,,11,1,
2165766,2975555,1129755550870135,,11,1,
2165766,2975556,1129755560870135,,11,1,
2165766,2975548,1229755480870135,,12,1,
2165766,2975549,1229755490870135,,12,1,
2165766,2975550,1229755500870135,,12,1,
2165766,2975551,1229755510870135,,12,1,
2165766,2975552,1229755520870135,,12,1,
2165766,2975553,1229755530870135,,12,1,
2165766,2975554,1229755540870135,,12,1,
2165766,2975555,1229755550870135,,12,1,
2165766,2975556,1229755560870135,,12,1,
2165766,2975548,129755480870135,,1,1,
2165766,2975549,129755490870135,,1,1,
2165766,2975550,129755500870135,,1,1,
2165766,2975551,129755510870135,,1,1,
2165766,2975552,129755520870135,,1,1,
2165766,2975553,129755530870135,,1,1,
2165766,2975554,129755540870135,,1,1,
2165766,2975555,129755550870135,,1,1,
2165766,2975556,129755560870135,,1,1,
2165766,2975548,1329755480870135,,13,1,
2165766,2975549,1329755490870135,,13,1,
2165766,2975550,1329755500870135,,13,1,
2165766,2975551,1329755510870135,,13,1,
2165766,2975552,1329755520870135,,13,1,
2165766,2975553,1329755530870135,,13,1,
2165766,2975554,1329755540870135,,13,1,
2165766,2975555,1329755550870135,,13,1,
2165766,2975556,1329755560870135,,13,1,
2165766,2975548,1429755480870135,,14,1,
2165766,2975549,1429755490870135,,14,1,
2165766,2975550,1429755500870135,,14,1,
2165766,2975551,1429755510870135,,14,1,
2165766,2975552,1429755520870135,,14,1,
2165766,2975553,1429755530870135,,14,1,
2165766,2975554,1429755540870135,,14,1,
2165766,2975555,1429755550870135,,14,1,
2165766,2975556,1429755560870135,,14,1,
2165766,2975548,1529755480870135,,15,1,
2165766,2975549,1529755490870135,,15,1,
2165766,2975550,1529755500870135,,15,1,
2165766,2975551,1529755510870135,,15,1,
2165766,2975552,1529755520870135,,15,1,
2165766,2975553,1529755530870135,,15,1,
2165766,2975554,1529755540870135,,15,1,
2165766,2975555,1529755550870135,,15,1,
2165766,2975556,1529755560870135,,15,1,
2165766,2975548,1629755480870135,,16,1,
2165766,2975549,1629755490870135,,16,1,
2165766,2975550,1629755500870135,,16,1,
2165766,2975551,1629755510870135,,16,1,
2165766,2975552,1629755520870135,,16,1,
2165766,2975553,1629755530870135,,16,1,
2165766,2975554,1629755540870135,,16,1,
2165766,2975555,1629755550870135,,16,1,
2165766,2975556,1629755560870135,,16,1,
2165766,2975548,1729755480870135,,17,1,
2165766,2975549,1729755490870135,,17,1,
2165766,2975550,1729755500870135,,17,1,
2165766,2975551,1729755510870135,,17,1,
2165766,2975552,1729755520870135,,17,1,
2165766,2975553,1729755530870135,,17,1,
2165766,2975554,1729755540870135,,17,1,
2165766,2975555,1729755550870135,,17,1,
2165766,2975556,1729755560870135,,17,1,
2165766,2975548,1829755480870135,,18,1,
2165766,2975549,1829755490870135,,18,1,
2165766,2975550,1829755500870135,,18,1,
2165766,2975551,1829755510870135,,18,1,
2165766,2975552,1829755520870135,,18,1,
2165766,2975553,1829755530870135,,18,1,
2165766,2975554,1829755540870135,,18,1,
2165766,2975555,1829755550870135,,18,1,
2165766,2975556,1829755560870135,,18,1,
2165766,2975548,1929755480870135,,19,1,
2165766,2975549,1929755490870135,,19,1,
2165766,2975550,1929755500870135,,19,1,
2165766,2975551,1929755510870135,,19,1,
2165766,2975552,1929755520870135,,19,1,
2165766,2975553,1929755530870135,,19,1,
2165766,2975554,1929755540870135,,19,1,
2165766,2975555,1929755550870135,,19,1,
2165766,2975556,1929755560870135,,19,1,
2165766,2975548,2029755480870135,,20,1,
2165766,2975549,2029755490870135,,20,1,
2165766,2975550,2029755500870135,,20,1,
2165766,2975551,2029755510870135,,20,1,
2165766,2975552,2029755520870135,,20,1,
2165766,2975553,2029755530870135,,20,1,
2165766,2975554,2029755540870135,,20,1,
2165766,2975555,2029755550870135,,20,1,
2165766,2975556,2029755560870135,,20,1,
2165766,2975548,2129755480870135,,21,1,
2165766,2975549,2129755490870135,,21,1,
2165766,2975550,2129755500870135,,21,1,
2165766,2975551,2129755510870135,,21,1,
2165766,2975552,2129755520870135,,21,1,
2165766,2975553,2129755530870135,,21,1,
2165766,2975554,2129755540870135,,21,1,
2165766,2975555,2129755550870135,,21,1,
2165766,2975556,2129755560870135,,21,1,
2165766,2975548,2229755480870135,,22,1,
2165766,2975549,2229755490870135,,22,1,
2165766,2975550,2229755500870135,,22,1,
2165766,2975551,2229755510870135,,22,1,
2165766,2975552,2229755520870135,,22,1,
2165766,2975553,2229755530870135,,22,1,
2165766,2975554,2229755540870135,,22,1,
2165766,2975555,2229755550870135,,22,1,
2165766,2975556,2229755560870135,,22,1,
2165766,2975548,229755480870135,,2,1,
2165766,2975549,229755490870135,,2,1,
2165766,2975550,229755500870135,,2,1,
2165766,2975551,229755510870135,,2,1,
2165766,2975552,229755520870135,,2,1,
2165766,2975553,229755530870135,,2,1,
2165766,2975554,229755540870135,,2,1,
2165766,2975555,229755550870135,,2,1,
2165766,2975556,229755560870135,,2,1,
2165766,2975548,2329755480870135,,23,1,
2165766,2975549,2329755490870135,,23,1,
2165766,2975550,2329755500870135,,23,1,
2165766,2975551,2329755510870135,,23,1,
2165766,2975552,2329755520870135,,23,1,
2165766,2975553,2329755530870135,,23,1,
2165766,2975554,2329755540870135,,23,1,
2165766,2975555,2329755550870135,,23,1,
2165766,2975556,2329755560870135,,23,1,
2165766,2975548,2429755480870135,,24,1,
2165766,2975549,2429755490870135,,24,1,
2165766,2975550,2429755500870135,,24,1,
2165766,2975551,2429755510870135,,24,1,
2165766,2975552,2429755520870135,,24,1,
2165766,2975553,2429755530870135,,24,1,
2165766,2975554,2429755540870135,,24,1,
2165766,2975555,2429755550870135,,24,1,
2165766,2975556,2429755560870135,,24,1,
2165766,2975548,2529755480870135,,25,1,
2165766,2975549,2529755490870135,,25,1,
2165766,2975550,2529755500870135,,25,1,
2165766,2975551,2529755510870135,,25,1,
2165766,2975552,2529755520870135,,25,1,
2165766,2975553,2529755530870135,,25,1,
2165766,2975554,2529755540870135,,25,1,
2165766,2975555,2529755550870135,,25,1,
2165766,2975556,2529755560870135,,25,1,
2165766,2975548,2629755480870135,,26,1,
2165766,2975549,2629755490870135,,26,1,
2165766,2975550,2629755500870135,,26,1,
2165766,2975551,2629755510870135,,26,1,
2165766,2975552,2629755520870135,,26,1,
2165766,2975553,2629755530870135,,26,1,
2165766,2975554,2629755540870135,,26,1,
2165766,2975555,2629755550870135,,26,1,
2165766,2975556,2629755560870135,,26,1,
2165766,2975548,2729755480870135,,27,1,
2165766,2975549,2729755490870135,,27,1,
2165766,2975550,2729755500870135,,27,1,
2165766,2975551,2729755510870135,,27,1,
2165766,2975552,2729755520870135,,27,1,
2165766,2975553,2729755530870135,,27,1,
2165766,2975554,2729755540870135,,27,1,
2165766,2975555,2729755550870135,,27,1,
2165766,2975556,2729755560870135,,27,1,
2165766,2975548,2829755480870135,,28,1,
2165766,2975549,2829755490870135,,28,1,
2165766,2975550,2829755500870135,,28,1,
2165766,2975551,2829755510870135,,28,1,
2165766,2975552,2829755520870135,,28,1,
2165766,2975553,2829755530870135,,28,1,
2165766,2975554,2829755540870135,,28,1,
2165766,2975555,2829755550870135,,28,1,
2165766,2975556,2829755560870135,,28,1,
2165766,2975548,2929755480870135,,29,1,
2165766,2975549,2929755490870135,,29,1,
2165766,2975550,2929755500870135,,29,1,
2165766,2975551,2929755510870135,,29,1,
2165766,2975552,2929755520870135,,29,1,
2165766,2975553,2929755530870135,,29,1,
2165766,2975554,2929755540870135,,29,1,
2165766,2975555,2929755550870135,,29,1,
2165766,2975556,2929755560870135,,29,1,
2165766,2975548,3029755480870135,,30,1,
2165766,2975549,3029755490870135,,30,1,
2165766,2975550,3029755500870135,,30,1,
2165766,2975551,3029755510870135,,30,1,
2165766,2975552,3029755520870135,,30,1,
2165766,2975553,3029755530870135,,30,1,
2165766,2975554,3029755540870135,,30,1,
2165766,2975555,3029755550870135,,30,1,
2165766,2975556,3029755560870135,,30,1,
2165766,2975548,3129755480870135,,31,1,
2165766,2975549,3129755490870135,,31,1,
2165766,2975550,3129755500870135,,31,1,
2165766,2975551,3129755510870135,,31,1,
2165766,2975552,3129755520870135,,31,1,
2165766,2975553,3129755530870135,,31,1,
2165766,2975554,3129755540870135,,31,1,
2165766,2975555,3129755550870135,,31,1,
2165766,2975556,3129755560870135,,31,1,
2165766,2975548,3229755480870135,,32,1,
2165766,2975549,3229755490870135,,32,1,
2165766,2975550,3229755500870135,,32,1,
2165766,2975551,3229755510870135,,32,1,
2165766,2975552,3229755520870135,,32,1,
2165766,2975553,3229755530870135,,32,1,
2165766,2975554,3229755540870135,,32,1,
2165766,2975555,3229755550870135,,32,1,
2165766,2975556,3229755560870135,,32,1,
2165766,2975548,329755480870135,,3,1,
2165766,2975549,329755490870135,,3,1,
2165766,2975550,329755500870135,,3,1,
2165766,2975551,329755510870135,,3,1,
2165766,2975552,329755520870135,,3,1,
2165766,2975553,329755530870135,,3,1,
2165766,2975554,329755540870135,,3,1,
2165766,2975555,329755550870135,,3,1,
2165766,2975556,329755560870135,,3,1,
2165766,2975548,3329755480870135,,33,1,
2165766,2975549,3329755490870135,,33,1,
2165766,2975550,3329755500870135,,33,1,
2165766,2975551,3329755510870135,,33,1,
2165766,2975552,3329755520870135,,33,1,
2165766,2975553,3329755530870135,,33,1,
2165766,2975554,3329755540870135,,33,1,
2165766,2975555,3329755550870135,,33,1,
2165766,2975556,3329755560870135,,33,1,
2165766,2975548,3429755480870135,,34,1,
2165766,2975549,3429755490870135,,34,1,
2165766,2975550,3429755500870135,,34,1,
2165766,2975551,3429755510870135,,34,1,
2165766,2975552,3429755520870135,,34,1,
2165766,2975553,3429755530870135,,34,1,
2165766,2975554,3429755540870135,,34,1,
2165766,2975555,3429755550870135,,34,1,
2165766,2975556,3429755560870135,,34,1,
2165766,2975548,3529755480870135,,35,1,
2165766,2975549,3529755490870135,,35,1,
2165766,2975550,3529755500870135,,35,1,
2165766,2975551,3529755510870135,,35,1,
2165766,2975552,3529755520870135,,35,1,
2165766,2975553,3529755530870135,,35,1,
2165766,2975554,3529755540870135,,35,1,
2165766,2975555,3529755550870135,,35,1,
2165766,2975556,3529755560870135,,35,1,
2165766,2975548,3629755480870135,,36,1,
2165766,2975549,3629755490870135,,36,1,
2165766,2975550,3629755500870135,,36,1,
2165766,2975551,3629755510870135,,36,1,
2165766,2975552,3629755520870135,,36,1,
2165766,2975553,3629755530870135,,36,1,
2165766,2975554,3629755540870135,,36,1,
2165766,2975555,3629755550870135,,36,1,
2165766,2975556,3629755560870135,,36,1,
2165766,2975548,3729755480870135,,37,1,
2165766,2975549,3729755490870135,,37,1,
2165766,2975550,3729755500870135,,37,1,
2165766,2975551,3729755510870135,,37,1,
2165766,2975552,3729755520870135,,37,1,
2165766,2975553,3729755530870135,,37,1,
2165766,2975554,3729755540870135,,37,1,
2165766,2975555,3729755550870135,,37,1,
2165766,2975556,3729755560870135,,37,1,
2165766,2975548,3829755480870135,,38,1,
2165766,2975549,3829755490870135,,38,1,
2165766,2975550,3829755500870135,,38,1,
2165766,2975551,3829755510870135,,38,1,
2165766,2975552,3829755520870135,,38,1,
2165766,2975553,3829755530870135,,38,1,
2165766,2975554,3829755540870135,,38,1,
2165766,2975555,3829755550870135,,38,1,
2165766,2975556,3829755560870135,,38,1,
2165766,2975548,3929755480870135,,39,1,
2165766,2975549,3929755490870135,,39,1,
2165766,2975550,3929755500870135,,39,1,
2165766,2975551,3929755510870135,,39,1,
2165766,2975552,3929755520870135,,39,1,
2165766,2975553,3929755530870135,,39,1,
2165766,2975554,3929755540870135,,39,1,
2165766,2975555,3929755550870135,,39,1,
2165766,2975556,3929755560870135,,39,1,
2165766,2975548,4029755480870135,,40,1,
2165766,2975549,4029755490870135,,40,1,
2165766,2975550,4029755500870135,,40,1,
2165766,2975551,4029755510870135,,40,1,
2165766,2975552,4029755520870135,,40,1,
2165766,2975553,4029755530870135,,40,1,
2165766,2975554,4029755540870135,,40,1,
2165766,2975555,4029755550870135,,40,1,
2165766,2975556,4029755560870135,,40,1,
2165766,2975548,4129755480870135,,41,1,
2165766,2975549,4129755490870135,,41,1,
2165766,2975550,4129755500870135,,41,1,
2165766,2975551,4129755510870135,,41,1,
2165766,2975552,4129755520870135,,41,1,
2165766,2975553,4129755530870135,,41,1,
2165766,2975554,4129755540870135,,41,1,
2165766,2975555,4129755550870135,,41,1,
2165766,2975556,4129755560870135,,41,1,
2165766,2975548,4229755480870135,,42,1,
2165766,2975549,4229755490870135,,42,1,
2165766,2975550,4229755500870135,,42,1,
2165766,2975551,4229755510870135,,42,1,
2165766,2975552,4229755520870135,,42,1,
2165766,2975553,4229755530870135,,42,1,
2165766,2975554,4229755540870135,,42,1,
2165766,2975555,4229755550870135,,42,1,
2165766,2975556,4229755560870135,,42,1,
2165766,2975548,429755480870135,,4,1,
2165766,2975549,429755490870135,,4,1,
2165766,2975550,429755500870135,,4,1,
2165766,2975551,429755510870135,,4,1,
2165766,2975552,429755520870135,,4,1,
2165766,2975553,429755530870135,,4,1,
2165766,2975554,429755540870135,,4,1,
2165766,2975555,429755550870135,,4,1,
2165766,2975556,429755560870135,,4,1,
2165766,2975548,4329755480870135,,43,1,
2165766,2975549,4329755490870135,,43,1,
2165766,2975550,4329755500870135,,43,1,
2165766,2975551,4329755510870135,,43,1,
2165766,2975552,4329755520870135,,43,1,
2165766,2975553,4329755530870135,,43,1,
2165766,2975554,4329755540870135,,43,1,
2165766,2975555,4329755550870135,,43,1,
2165766,2975556,4329755560870135,,43,1,
2165766,2975548,4429755480870135,,44,1,
2165766,2975549,4429755490870135,,44,1,
2165766,2975550,4429755500870135,,44,1,
2165766,2975551,4429755510870135,,44,1,
2165766,2975552,4429755520870135,,44,1,
2165766,2975553,4429755530870135,,44,1,
2165766,2975554,4429755540870135,,44,1,
2165766,2975555,4429755550870135,,44,1,
2165766,2975556,4429755560870135,,44,1,
2165766,2975548,4529755480870135,,45,1,
2165766,2975549,4529755490870135,,45,1,
2165766,2975550,4529755500870135,,45,1,
2165766,2975551,4529755510870135,,45,1,
2165766,2975552,4529755520870135,,45,1,
2165766,2975553,4529755530870135,,45,1,
2165766,2975554,4529755540870135,,45,1,
2165766,2975555,4529755550870135,,45,1,
2165766,2975556,4529755560870135,,45,1,
2165766,2975548,4629755480870135,,46,1,
2165766,2975549,4629755490870135,,46,1,
2165766,2975550,4629755500870135,,46,1,
2165766,2975551,4629755510870135,,46,1,
2165766,2975552,4629755520870135,,46,1,
2165766,2975553,4629755530870135,,46,1,
2165766,2975554,4629755540870135,,46,1,
2165766,2975555,4629755550870135,,46,1,
2165766,2975556,4629755560870135,,46,1,
2165766,2975548,4729755480870135,,47,1,
2165766,2975549,4729755490870135,,47,1,
2165766,2975550,4729755500870135,,47,1,
2165766,2975551,4729755510870135,,47,1,
2165766,2975552,4729755520870135,,47,1,
2165766,2975553,4729755530870135,,47,1,
2165766,2975554,4729755540870135,,47,1,
2165766,2975555,4729755550870135,,47,1,
2165766,2975556,4729755560870135,,47,1,
2165766,2975548,4829755480870135,,48,1,
2165766,2975549,4829755490870135,,48,1,
2165766,2975550,4829755500870135,,48,1,
2165766,2975551,4829755510870135,,48,1,
2165766,2975552,4829755520870135,,48,1,
2165766,2975553,4829755530870135,,48,1,
2165766,2975554,4829755540870135,,48,1,
2165766,2975555,4829755550870135,,48,1,
2165766,2975556,4829755560870135,,48,1,
2165766,2975548,4929755480870135,,49,1,
2165766,2975549,4929755490870135,,49,1,
2165766,2975550,4929755500870135,,49,1,
2165766,2975551,4929755510870135,,49,1,
2165766,2975552,4929755520870135,,49,1,
2165766,2975553,4929755530870135,,49,1,
2165766,2975554,4929755540870135,,49,1,
2165766,2975555,4929755550870135,,49,1,
2165766,2975556,4929755560870135,,49,1,
2165766,2975548,5029755480870135,,50,1,
2165766,2975549,5029755490870135,,50,1,
2165766,2975550,5029755500870135,,50,1,
2165766,2975551,5029755510870135,,50,1,
2165766,2975552,5029755520870135,,50,1,
2165766,2975553,5029755530870135,,50,1,
2165766,2975554,5029755540870135,,50,1,
2165766,2975555,5029755550870135,,50,1,
2165766,2975556,5029755560870135,,50,1,
2165766,2975548,5129755480870135,,51,1,
2165766,2975549,5129755490870135,,51,1,
2165766,2975550,5129755500870135,,51,1,
2165766,2975551,5129755510870135,,51,1,
2165766,2975552,5129755520870135,,51,1,
2165766,2975553,5129755530870135,,51,1,
2165766,2975554,5129755540870135,,51,1,
2165766,2975555,5129755550870135,,51,1,
2165766,2975556,5129755560870135,,51,1,
2165766,2975548,5229755480870135,,52,1,
2165766,2975549,5229755490870135,,52,1,
2165766,2975550,5229755500870135,,52,1,
2165766,2975551,5229755510870135,,52,1,
2165766,2975552,5229755520870135,,52,1,
2165766,2975553,5229755530870135,,52,1,
2165766,2975554,5229755540870135,,52,1,
2165766,2975555,5229755550870135,,52,1,
2165766,2975556,5229755560870135,,52,1,
2165766,2975548,529755480870135,,5,1,
2165766,2975549,529755490870135,,5,1,
2165766,2975550,529755500870135,,5,1,
2165766,2975551,529755510870135,,5,1,
2165766,2975552,529755520870135,,5,1,
2165766,2975553,529755530870135,,5,1,
2165766,2975554,529755540870135,,5,1,
2165766,2975555,529755550870135,,5,1,
2165766,2975556,529755560870135,,5,1,
2165766,2975550,5329755500870135,,53,1,
2165766,2975551,5329755510870135,,53,1,
2165766,2975552,5329755520870135,,53,1,
2165766,2975553,5329755530870135,,53,1,
2165766,2975554,5329755540870135,,53,1,
2165766,2975555,5329755550870135,,53,1,
2165766,2975556,5329755560870135,,53,1,
2165766,2975550,5429755500870135,,54,1,
2165766,2975551,5429755510870135,,54,1,
2165766,2975552,5429755520870135,,54,1,
2165766,2975553,5429755530870135,,54,1,
2165766,2975554,5429755540870135,,54,1,
2165766,2975555,5429755550870135,,54,1,
2165766,2975556,5429755560870135,,54,1,
2165766,2975550,5529755500870135,,55,1,
2165766,2975551,5529755510870135,,55,1,
2165766,2975552,5529755520870135,,55,1,
2165766,2975553,5529755530870135,,55,1,
2165766,2975554,5529755540870135,,55,1,
2165766,2975555,5529755550870135,,55,1,
2165766,2975556,5529755560870135,,55,1,
2165766,2975550,5629755500870135,,56,1,
2165766,2975551,5629755510870135,,56,1,
2165766,2975552,5629755520870135,,56,1,
2165766,2975553,5629755530870135,,56,1,
2165766,2975554,5629755540870135,,56,1,
2165766,2975555,5629755550870135,,56,1,
2165766,2975556,5629755560870135,,56,1,
2165766,2975550,5729755500870135,,57,1,
2165766,2975551,5729755510870135,,57,1,
2165766,2975552,5729755520870135,,57,1,
2165766,2975553,5729755530870135,,57,1,
2165766,2975554,5729755540870135,,57,1,
2165766,2975555,5729755550870135,,57,1,
2165766,2975556,5729755560870135,,57,1,
2165766,2975550,5829755500870135,,58,1,
2165766,2975551,5829755510870135,,58,1,
2165766,2975552,5829755520870135,,58,1,
2165766,2975553,5829755530870135,,58,1,
2165766,2975554,5829755540870135,,58,1,
2165766,2975555,5829755550870135,,58,1,
2165766,2975556,5829755560870135,,58,1,
2165766,2975550,5929755500870135,,59,1,
2165766,2975551,5929755510870135,,59,1,
2165766,2975552,5929755520870135,,59,1,
2165766,2975553,5929755530870135,,59,1,
2165766,2975554,5929755540870135,,59,1,
2165766,2975555,5929755550870135,,59,1,
2165766,2975556,5929755560870135,,59,1,
2165766,2975550,6029755500870135,,60,1,
2165766,2975551,6029755510870135,,60,1,
2165766,2975552,6029755520870135,,60,1,
2165766,2975553,6029755530870135,,60,1,
2165766,2975554,6029755540870135,,60,1,
2165766,2975555,6029755550870135,,60,1,
2165766,2975556,6029755560870135,,60,1,
2165766,2975550,6129755500870135,,61,1,
2165766,2975551,6129755510870135,,61,1,
2165766,2975552,6129755520870135,,61,1,
2165766,2975553,6129755530870135,,61,1,
2165766,2975554,6129755540870135,,61,1,
2165766,2975555,6129755550870135,,61,1,
2165766,2975556,6129755560870135,,61,1,
2165766,2975550,6229755500870135,,62,1,
2165766,2975551,6229755510870135,,62,1,
2165766,2975552,6229755520870135,,62,1,
2165766,2975553,6229755530870135,,62,1,
2165766,2975554,6229755540870135,,62,1,
2165766,2975555,6229755550870135,,62,1,
2165766,2975556,6229755560870135,,62,1,
2165766,2975548,629755480870135,,6,1,
2165766,2975549,629755490870135,,6,1,
2165766,2975550,629755500870135,,6,1,
2165766,2975551,629755510870135,,6,1,
2165766,2975552,629755520870135,,6,1,
2165766,2975553,629755530870135,,6,1,
2165766,2975554,629755540870135,,6,1,
2165766,2975555,629755550870135,,6,1,
2165766,2975556,629755560870135,,6,1,
2165766,2975550,6329755500870135,,63,1,
2165766,2975551,6329755510870135,,63,1,
2165766,2975552,6329755520870135,,63,1,
2165766,2975553,6329755530870135,,63,1,
2165766,2975554,6329755540870135,,63,1,
2165766,2975555,6329755550870135,,63,1,
2165766,2975556,6329755560870135,,63,1,
2165766,2975550,6429755500870135,,64,1,
2165766,2975551,6429755510870135,,64,1,
2165766,2975552,6429755520870135,,64,1,
2165766,2975553,6429755530870135,,64,1,
2165766,2975554,6429755540870135,,64,1,
2165766,2975555,6429755550870135,,64,1,
2165766,2975556,6429755560870135,,64,1,
2165766,2975550,6529755500870135,,65,1,
2165766,2975551,6529755510870135,,65,1,
2165766,2975552,6529755520870135,,65,1,
2165766,2975553,6529755530870135,,65,1,
2165766,2975554,6529755540870135,,65,1,
2165766,2975555,6529755550870135,,65,1,
2165766,2975556,6529755560870135,,65,1,
2165766,2975550,6629755500870135,,66,1,
2165766,2975551,6629755510870135,,66,1,
2165766,2975552,6629755520870135,,66,1,
2165766,2975553,6629755530870135,,66,1,
2165766,2975555,6629755550870135,,66,1,
2165766,2975556,6629755560870135,,66,1,
2165766,2975550,6729755500870135,,67,1,
2165766,2975551,6729755510870135,,67,1,
2165766,2975552,6729755520870135,,67,1,
2165766,2975553,6729755530870135,,67,1,
2165766,2975555,6729755550870135,,67,1,
2165766,2975556,6729755560870135,,67,1,
2165766,2975550,6829755500870135,,68,1,
2165766,2975551,6829755510870135,,68,1,
2165766,2975552,6829755520870135,,68,1,
2165766,2975553,6829755530870135,,68,1,
2165766,2975555,6829755550870135,,68,1,
2165766,2975556,6829755560870135,,68,1,
2165766,2975550,6929755500870135,,69,1,
2165766,2975551,6929755510870135,,69,1,
2165766,2975552,6929755520870135,,69,1,
2165766,2975553,6929755530870135,,69,1,
2165766,2975555,6929755550870135,,69,1,
2165766,2975556,6929755560870135,,69,1,
2165766,2975550,7029755500870135,,70,1,
2165766,2975551,7029755510870135,,70,1,
2165766,2975552,7029755520870135,,70,1,
2165766,2975553,7029755530870135,,70,1,
2165766,2975555,7029755550870135,,70,1,
2165766,2975556,7029755560870135,,70,1,
2165766,2975550,7129755500870135,,71,1,
2165766,2975551,7129755510870135,,71,1,
2165766,2975552,7129755520870135,,71,1,
2165766,2975555,7129755550870135,,71,1,
2165766,2975556,7129755560870135,,71,1,
2165766,2975550,7229755500870135,,72,1,
2165766,2975551,7229755510870135,,72,1,
2165766,2975552,7229755520870135,,72,1,
2165766,2975555,7229755550870135,,72,1,
2165766,2975556,7229755560870135,,72,1,
2165766,2975548,729755480870135,,7,1,
2165766,2975549,729755490870135,,7,1,
2165766,2975550,729755500870135,,7,1,
2165766,2975551,729755510870135,,7,1,
2165766,2975552,729755520870135,,7,1,
2165766,2975553,729755530870135,,7,1,
2165766,2975554,729755540870135,,7,1,
2165766,2975555,729755550870135,,7,1,
2165766,2975556,729755560870135,,7,1,
2165766,2975550,7329755500870135,,73,1,
2165766,2975551,7329755510870135,,73,1,
2165766,2975552,7329755520870135,,73,1,
2165766,2975555,7329755550870135,,73,1,
2165766,2975556,7329755560870135,,73,1,
2165766,2975550,7429755500870135,,74,1,
2165766,2975551,7429755510870135,,74,1,
2165766,2975552,7429755520870135,,74,1,
2165766,2975555,7429755550870135,,74,1,
2165766,2975556,7429755560870135,,74,1,
2165766,2975550,7529755500870135,,75,1,
2165766,2975551,7529755510870135,,75,1,
2165766,2975552,7529755520870135,,75,1,
2165766,2975555,7529755550870135,,75,1,
2165766,2975556,7529755560870135,,75,1,
2165766,2975550,7629755500870135,,76,1,
2165766,2975551,7629755510870135,,76,1,
2165766,2975552,7629755520870135,,76,1,
2165766,2975555,7629755550870135,,76,1,
2165766,2975556,7629755560870135,,76,1,
2165766,2975550,7729755500870135,,77,1,
2165766,2975551,7729755510870135,,77,1,
2165766,2975552,7729755520870135,,77,1,
2165766,2975555,7729755550870135,,77,1,
2165766,2975556,7729755560870135,,77,1,
2165766,2975550,7829755500870135,,78,1,
2165766,2975551,7829755510870135,,78,1,
2165766,2975552,7829755520870135,,78,1,
2165766,2975555,7829755550870135,,78,1,
2165766,2975556,7829755560870135,,78,1,
2165766,2975556,7929755560870135,,79,1,
2165766,2975556,8029755560870135,,80,1,
2165766,2975556,8129755560870135,,81,1,
2165766,2975548,829755480870135,,8,1,
2165766,2975549,829755490870135,,8,1,
2165766,2975550,829755500870135,,8,1,
2165766,2975551,829755510870135,,8,1,
2165766,2975552,829755520870135,,8,1,
2165766,2975553,829755530870135,,8,1,
2165766,2975554,829755540870135,,8,1,
2165766,2975555,829755550870135,,8,1,
2165766,2975556,829755560870135,,8,1,
2165766,2975548,929755480870135,,9,1,
2165766,2975549,929755490870135,,9,1,
2165766,2975550,929755500870135,,9,1,
2165766,2975551,929755510870135,,9,1,
2165766,2975552,929755520870135,,9,1,
2165766,2975553,929755530870135,,9,1,
2165766,2975554,929755540870135,,9,1,
2165766,2975555,929755550870135,,9,1,
2165766,2975556,929755560870135,,9,1,
2165766,2975550,1029755500870132,,10,1,
2165766,2975551,1029755510870132,,10,1,
2165766,2975552,1029755520870132,,10,1,
2165766,2975555,1029755550870132,,10,1,
2165766,2975556,1029755560870132,,10,1,
2165766,2975550,1129755500870132,,11,1,
2165766,2975551,1129755510870132,,11,1,
2165766,2975552,1129755520870132,,11,1,
2165766,2975555,1129755550870132,,11,1,
2165766,2975556,1129755560870132,,11,1,
2165766,2975550,1229755500870132,,12,1,
2165766,2975551,1229755510870132,,12,1,
2165766,2975552,1229755520870132,,12,1,
2165766,2975555,1229755550870132,,12,1,
2165766,2975548,129755480870132,,1,1,
2165766,2975549,129755490870132,,1,1,
2165766,2975550,129755500870132,,1,1,
2165766,2975551,129755510870132,,1,1,
2165766,2975552,129755520870132,,1,1,
2165766,2975553,129755530870132,,1,1,
2165766,2975554,129755540870132,,1,1,
2165766,2975555,129755550870132,,1,1,
2165766,2975556,129755560870132,,1,1,
2165766,2975550,1329755500870132,,13,1,
2165766,2975551,1329755510870132,,13,1,
2165766,2975552,1329755520870132,,13,1,
2165766,2975555,1329755550870132,,13,1,
2165766,2975555,1429755550870132,,14,1,
2165766,2975555,1529755550870132,,15,1,
2165766,2975548,229755480870132,,2,1,
2165766,2975549,229755490870132,,2,1,
2165766,2975550,229755500870132,,2,1,
2165766,2975551,229755510870132,,2,1,
2165766,2975552,229755520870132,,2,1,
2165766,2975553,229755530870132,,2,1,
2165766,2975554,229755540870132,,2,1,
2165766,2975555,229755550870132,,2,1,
2165766,2975556,229755560870132,,2,1,
2165766,2975548,329755480870132,,3,1,
2165766,2975549,329755490870132,,3,1,
2165766,2975550,329755500870132,,3,1,
2165766,2975551,329755510870132,,3,1,
2165766,2975552,329755520870132,,3,1,
2165766,2975554,329755540870132,,3,1,
2165766,2975555,329755550870132,,3,1,
2165766,2975556,329755560870132,,3,1,
2165766,2975550,429755500870132,,4,1,
2165766,2975551,429755510870132,,4,1,
2165766,2975552,429755520870132,,4,1,
2165766,2975555,429755550870132,,4,1,
2165766,2975556,429755560870132,,4,1,
2165766,2975550,529755500870132,,5,1,
2165766,2975551,529755510870132,,5,1,
2165766,2975552,529755520870132,,5,1,
2165766,2975555,529755550870132,,5,1,
2165766,2975556,529755560870132,,5,1,
2165766,2975550,629755500870132,,6,1,
2165766,2975551,629755510870132,,6,1,
2165766,2975552,629755520870132,,6,1,
2165766,2975555,629755550870132,,6,1,
2165766,2975556,629755560870132,,6,1,
2165766,2975550,729755500870132,,7,1,
2165766,2975551,729755510870132,,7,1,
2165766,2975552,729755520870132,,7,1,
2165766,2975555,729755550870132,,7,1,
2165766,2975556,729755560870132,,7,1,
2165766,2975550,829755500870132,,8,1,
2165766,2975551,829755510870132,,8,1,
2165766,2975552,829755520870132,,8,1,
2165766,2975555,829755550870132,,8,1,
2165766,2975556,829755560870132,,8,1,
2165766,2975550,929755500870132,,9,1,
2165766,2975551,929755510870132,,9,1,
2165766,2975552,929755520870132,,9,1,
2165766,2975555,929755550870132,,9,1,
2165766,2975556,929755560870132,,9,1,
2165766,2975548,129755480870136,,1,1,
2165766,2975549,129755490870136,,1,1,
2165766,2975550,129755500870136,,1,1,
2165766,2975551,129755510870136,,1,1,
2165766,2975552,129755520870136,,1,1,
2165766,2975554,129755540870136,,1,1,
2165766,2975555,129755550870136,,1,1,
2165766,2975556,129755560870136,,1,1,
2165766,2975548,229755480870136,,2,1,
2165766,2975549,229755490870136,,2,1,
2165766,2975548,329755480870136,,3,1,
2165766,2975549,329755490870136,,3,1,
2165766,2975548,129755480959058,,1,1,
2165766,2975549,129755490959058,,1,1,
2165766,2975550,129755500959058,,1,1,
2165766,2975551,129755510959058,,1,1,
2165766,2975552,129755520959058,,1,1,
2165766,2975553,129755530959058,,1,1,
2165766,2975554,129755540959058,,1,1,
2165766,2975555,129755550959058,,1,1,
2165766,2975556,129755560959058,,1,1,
2165766,2975548,229755480959058,,2,1,
2165766,2975549,229755490959058,,2,1,
2165766,2975550,229755500959058,,2,1,
2165766,2975551,229755510959058,,2,1,
2165766,2975552,229755520959058,,2,1,
2165766,2975553,229755530959058,,2,1,
2165766,2975554,229755540959058,,2,1,
2165766,2975555,229755550959058,,2,1,
2165766,2975556,229755560959058,,2,1,
2165766,2975548,329755480959058,,3,1,
2165766,2975549,329755490959058,,3,1,
2165766,2975550,329755500959058,,3,1,
2165766,2975551,329755510959058,,3,1,
2165766,2975552,329755520959058,,3,1,
2165766,2975553,329755530959058,,3,1,
2165766,2975554,329755540959058,,3,1,
2165766,2975555,329755550959058,,3,1,
2165766,2975556,329755560959058,,3,1,
2165766,2975548,429755480959058,,4,1,
2165766,2975549,429755490959058,,4,1,
2165766,2975550,429755500959058,,4,1,
2165766,2975551,429755510959058,,4,1,
2165766,2975552,429755520959058,,4,1,
2165766,2975553,429755530959058,,4,1,
2165766,2975554,429755540959058,,4,1,
2165766,2975555,429755550959058,,4,1,
2165766,2975556,429755560959058,,4,1,
2165766,2975548,529755480959058,,5,1,
2165766,2975549,529755490959058,,5,1,
2165766,2975550,529755500959058,,5,1,
2165766,2975551,529755510959058,,5,1,
2165766,2975552,529755520959058,,5,1,
2165766,2975553,529755530959058,,5,1,
2165766,2975554,529755540959058,,5,1,
2165766,2975555,529755550959058,,5,1,
2165766,2975556,529755560959058,,5,1,
2165766,12975548,629755480959058,,6,1,
2165766,2975550,629755500959058,,6,1,
2165766,2975551,629755510959058,,6,1,
2165766,2975552,629755520959058,,6,1,
2165766,2975553,629755530959058,,6,1,
2165766,2975554,629755540959058,,6,1,
2165766,2975555,629755550959058,,6,1,
2165766,2975556,629755560959058,,6,1,
2165766,12975548,729755480959058,,7,1,
2165766,2975553,729755530959058,,7,1,
2165766,2975554,729755540959058,,7,1,
2165766,2975555,729755550959058,,7,1,
2165766,2975556,729755560959058,,7,1,
2165766,12975553,829755530959058,,8,1,
2165766,12975554,829755540959058,,8,1,
2165766,12975555,829755550959058,,8,1,
2165766,12975556,829755560959058,,8,1,
2165766,12975553,929755530959058,,9,1,
2165766,12975554,929755540959058,,9,1,
2165766,12975555,929755550959058,,9,1,
2165766,12975556,929755560959058,,9,1,
2165766,2975548,129755480959059,,1,1,
2165766,2975549,129755490959059,,1,1,
2165766,2975550,129755500959059,,1,1,
2165766,2975551,129755510959059,,1,1,
2165766,2975552,129755520959059,,1,1,
2165766,2975553,129755530959059,,1,1,
2165766,2975554,129755540959059,,1,1,
2165766,2975555,129755550959059,,1,1,
2165766,2975556,129755560959059,,1,1,
2165766,2975548,229755480959059,,2,1,
2165766,2975549,229755490959059,,2,1,
2165766,2975550,229755500959059,,2,1,
2165766,2975551,229755510959059,,2,1,
2165766,2975552,229755520959059,,2,1,
2165766,12975553,229755530959059,,2,1,
2165766,12975554,229755540959059,,2,1,
2165766,2975555,229755550959059,,2,1,
2165766,12975556,229755560959059,,2,1,
2165766,12975548,329755480959059,,3,1,
2165766,12975549,329755490959059,,3,1,
2165766,12975550,329755500959059,,3,1,
2165766,2975551,329755510959059,,3,1,
2165766,2975552,329755520959059,,3,1,
2165766,12975553,329755530959059,,3,1,
2165766,12975554,329755540959059,,3,1,
2165766,12975555,329755550959059,,3,1,
2165766,12975556,329755560959059,,3,1,
2165766,12975548,429755480959059,,4,1,
2165766,12975549,429755490959059,,4,1,
2165766,12975550,429755500959059,,4,1,
2165766,12975551,429755510959059,,4,1,
2165766,12975552,429755520959059,,4,1,
2165766,12975555,429755550959059,,4,1,
2165766,12975551,529755510959059,,5,1,
2165766,12975552,529755520959059,,5,1,
2165766,2975550,129755500870139,,1,1,
2165766,2975551,129755510870139,,1,1,
2165766,2975552,129755520870139,,1,1,
2165766,2975555,129755550870139,,1,1,
2165766,2975556,129755560870139,,1,1,
2165766,2975550,229755500870139,,2,1,
2165766,2975551,229755510870139,,2,1,
2165766,2975552,229755520870139,,2,1,
2165766,2975555,229755550870139,,2,1,
2165766,2975556,229755560870139,,2,1,
2165766,2975550,329755500870139,,3,1,
2165766,2975551,329755510870139,,3,1,
2165766,2975552,329755520870139,,3,1,
2165766,2975555,329755550870139,,3,1,
2165766,2975556,329755560870139,,3,1,
2165766,2975550,429755500870139,,4,1,
2165766,2975551,429755510870139,,4,1,
2165766,2975552,429755520870139,,4,1,
2165766,2975555,429755550870139,,4,1,
2165766,2975556,429755560870139,,4,1,
2165766,2975550,529755500870139,,5,1,
2165766,2975551,529755510870139,,5,1,
2165766,2975552,529755520870139,,5,1,
2165766,2975555,529755550870139,,5,1,
2165766,2975556,529755560870139,,5,1,
2165766,2975550,629755500870139,,6,1,
2165766,2975551,629755510870139,,6,1,
2165766,2975552,629755520870139,,6,1,
2165766,2975555,629755550870139,,6,1,
2165766,2975556,629755560870139,,6,1,
2165766,2975550,729755500870139,,7,1,
2165766,2975551,729755510870139,,7,1,
2165766,2975552,729755520870139,,7,1,
2165766,2975555,729755550870139,,7,1,
2165766,2975556,729755560870139,,7,1,
2165766,2975550,829755500870139,,8,1,
2165766,2975551,829755510870139,,8,1,
2165766,2975552,829755520870139,,8,1,
2165766,2975555,829755550870139,,8,1,
2165766,2975551,129755510870133,,1,1,
2165766,2975552,129755520870133,,1,1,
2165766,2975553,129755530870133,,1,1,
2165766,2975554,129755540870133,,1,1,
2165766,2975555,129755550870133,,1,1,
2165766,2975553,229755530870133,,2,1,
2165766,2975554,229755540870133,,2,1,
2165766,2975553,329755530870133,,3,1,
2165766,2975554,329755540870133,,3,1,
2165766,2975553,429755530870133,,4,1,
2165766,2975554,429755540870133,,4,1,
2165766,2975554,529755540870133,,5,1,
2165766,2975554,629755540870133,,6,1,
2165766,2975551,129755510982450,,1,1,
2165766,2975552,129755520982450,,1,1,
2165766,2975555,129755550982450,,1,1,
2165766,2975553,129755530875398,,1,1,
2165766,2975553,129755530982451,,1,1,
910833,2975557,129755570875399,,1,1,
910833,2975558,129755580875399,,1,1,
910833,2975559,129755590875399,,1,1,
910833,2975560,129755600875399,,1,1,
