route_id,service_id,trip_id,trip_headsign,trip_short_name,direction_id,shape_id
2128649,2978819,1029788191135868,,10,0,
2128649,2978821,1029788211135868,,10,0,
2128649,3045449,1030454491135868,,10,0,
2128649,3045450,1030454501135868,,10,0,
2128649,2978819,1129788191135868,,11,0,
2128649,2978821,1129788211135868,,11,0,
2128649,3045449,1130454491135868,,11,0,
2128649,3045450,1130454501135868,,11,0,
2128649,2978819,1229788191135868,,12,0,
2128649,2978821,1229788211135868,,12,0,
2128649,3045449,1230454491135868,,12,0,
2128649,3045450,1230454501135868,,12,0,
2128649,2978819,129788191135868,,1,0,
2128649,2978821,129788211135868,,1,0,
2128649,3045449,130454491135868,,1,0,
2128649,3045450,130454501135868,,1,0,
2128649,2978819,1329788191135868,,13,0,
2128649,2978821,1329788211135868,,13,0,
2128649,3045449,1330454491135868,,13,0,
2128649,3045450,1330454501135868,,13,0,
2128649,2978819,1429788191135868,,14,0,
2128649,2978821,1429788211135868,,14,0,
2128649,3045449,1430454491135868,,14,0,
2128649,3045450,1430454501135868,,14,0,
2128649,2978819,1529788191135868,,15,0,
2128649,2978821,1529788211135868,,15,0,
2128649,3045449,1530454491135868,,15,0,
2128649,3045450,1530454501135868,,15,0,
2128649,2978819,1629788191135868,,16,0,
2128649,2978821,1629788211135868,,16,0,
2128649,3045449,1630454491135868,,16,0,
2128649,3045450,1630454501135868,,16,0,
2128649,2978819,1729788191135868,,17,0,
2128649,2978821,1729788211135868,,17,0,
2128649,3045449,1730454491135868,,17,0,
2128649,3045450,1730454501135868,,17,0,
2128649,2978819,1829788191135868,,18,0,
2128649,2978821,1829788211135868,,18,0,
2128649,3045449,1830454491135868,,18,0,
2128649,3045450,1830454501135868,,18,0,
2128649,2978819,1929788191135868,,19,0,
2128649,2978821,1929788211135868,,19,0,
2128649,3045449,1930454491135868,,19,0,
2128649,3045450,1930454501135868,,19,0,
2128649,2978819,2029788191135868,,20,0,
2128649,2978821,2029788211135868,,20,0,
2128649,3045449,2030454491135868,,20,0,
2128649,3045450,2030454501135868,,20,0,
2128649,2978819,2129788191135868,,21,0,
2128649,2978821,2129788211135868,,21,0,
2128649,3045449,2130454491135868,,21,0,
2128649,3045450,2130454501135868,,21,0,
2128649,2978819,2229788191135868,,22,0,
2128649,2978821,2229788211135868,,22,0,
2128649,3045449,2230454491135868,,22,0,
2128649,3045450,2230454501135868,,22,0,
2128649,2978819,229788191135868,,2,0,
2128649,2978821,229788211135868,,2,0,
2128649,3045449,230454491135868,,2,0,
2128649,3045450,230454501135868,,2,0,
2128649,2978819,2329788191135868,,23,0,
2128649,2978821,2329788211135868,,23,0,
2128649,3045449,2330454491135868,,23,0,
2128649,3045450,2330454501135868,,23,0,
2128649,2978819,2429788191135868,,24,0,
2128649,2978821,2429788211135868,,24,0,
2128649,3045449,2430454491135868,,24,0,
2128649,3045450,2430454501135868,,24,0,
2128649,2978819,2529788191135868,,25,0,
2128649,2978821,2529788211135868,,25,0,
2128649,3045449,2530454491135868,,25,0,
2128649,3045450,2530454501135868,,25,0,
2128649,2978819,2629788191135868,,26,0,
2128649,2978821,2629788211135868,,26,0,
2128649,3045449,2630454491135868,,26,0,
2128649,3045450,2630454501135868,,26,0,
2128649,2978819,2729788191135868,,27,0,
2128649,2978821,2729788211135868,,27,0,
2128649,3045449,2730454491135868,,27,0,
2128649,3045450,2730454501135868,,27,0,
2128649,2978819,2829788191135868,,28,0,
2128649,2978821,2829788211135868,,28,0,
2128649,3045449,2830454491135868,,28,0,
2128649,3045450,2830454501135868,,28,0,
2128649,2978819,2929788191135868,,29,0,
2128649,2978821,2929788211135868,,29,0,
2128649,3045449,2930454491135868,,29,0,
2128649,3045450,2930454501135868,,29,0,
2128649,2978819,3029788191135868,,30,0,
2128649,2978821,3029788211135868,,30,0,
2128649,3045449,3030454491135868,,30,0,
2128649,3045450,3030454501135868,,30,0,
2128649,2978819,3129788191135868,,31,0,
2128649,2978821,3129788211135868,,31,0,
2128649,3045449,3130454491135868,,31,0,
2128649,3045450,3130454501135868,,31,0,
2128649,2978819,3229788191135868,,32,0,
2128649,2978821,3229788211135868,,32,0,
2128649,3045449,3230454491135868,,32,0,
2128649,3045450,3230454501135868,,32,0,
2128649,2978819,329788191135868,,3,0,
2128649,2978821,329788211135868,,3,0,
2128649,3045449,330454491135868,,3,0,
2128649,3045450,330454501135868,,3,0,
2128649,2978819,3329788191135868,,33,0,
2128649,2978821,3329788211135868,,33,0,
2128649,3045449,3330454491135868,,33,0,
2128649,3045450,3330454501135868,,33,0,
2128649,2978819,3429788191135868,,34,0,
2128649,2978821,3429788211135868,,34,0,
2128649,3045449,3430454491135868,,34,0,
2128649,3045450,3430454501135868,,34,0,
2128649,2978819,3529788191135868,,35,0,
2128649,2978821,3529788211135868,,35,0,
2128649,3045449,3530454491135868,,35,0,
2128649,3045450,3530454501135868,,35,0,
2128649,2978819,3629788191135868,,36,0,
2128649,2978821,3629788211135868,,36,0,
2128649,3045449,3630454491135868,,36,0,
2128649,3045450,3630454501135868,,36,0,
2128649,2978819,3729788191135868,,37,0,
2128649,2978821,3729788211135868,,37,0,
2128649,3045449,3730454491135868,,37,0,
2128649,3045450,3730454501135868,,37,0,
2128649,2978819,3829788191135868,,38,0,
2128649,3045449,3830454491135868,,38,0,
2128649,3045450,3830454501135868,,38,0,
2128649,2978819,3929788191135868,,39,0,
2128649,3045449,3930454491135868,,39,0,
2128649,2978819,4029788191135868,,40,0,
2128649,3045449,4030454491135868,,40,0,
2128649,2978819,4129788191135868,,41,0,
2128649,3045449,4130454491135868,,41,0,
2128649,2978819,4229788191135868,,42,0,
2128649,3045449,4230454491135868,,42,0,
2128649,2978819,429788191135868,,4,0,
2128649,2978821,429788211135868,,4,0,
2128649,3045449,430454491135868,,4,0,
2128649,3045450,430454501135868,,4,0,
2128649,2978819,4329788191135868,,43,0,
2128649,3045449,4330454491135868,,43,0,
2128649,2978819,4429788191135868,,44,0,
2128649,3045449,4430454491135868,,44,0,
2128649,2978819,4529788191135868,,45,0,
2128649,3045449,4530454491135868,,45,0,
2128649,2978819,4629788191135868,,46,0,
2128649,3045449,4630454491135868,,46,0,
2128649,2978819,4729788191135868,,47,0,
2128649,3045449,4730454491135868,,47,0,
2128649,3045449,4830454491135868,,48,0,
2128649,3045449,4930454491135868,,49,0,
2128649,3045449,5030454491135868,,50,0,
2128649,3045449,5130454491135868,,51,0,
2128649,3045449,5230454491135868,,52,0,
2128649,2978819,529788191135868,,5,0,
2128649,2978821,529788211135868,,5,0,
2128649,3045449,530454491135868,,5,0,
2128649,3045450,530454501135868,,5,0,
2128649,3045449,5330454491135868,,53,0,
2128649,3045449,5430454491135868,,54,0,
2128649,3045449,5530454491135868,,55,0,
2128649,3045449,5630454491135868,,56,0,
2128649,3045449,5730454491135868,,57,0,
2128649,2978819,629788191135868,,6,0,
2128649,2978821,629788211135868,,6,0,
2128649,3045449,630454491135868,,6,0,
2128649,3045450,630454501135868,,6,0,
2128649,2978819,729788191135868,,7,0,
2128649,2978821,729788211135868,,7,0,
2128649,3045449,730454491135868,,7,0,
2128649,3045450,730454501135868,,7,0,
2128649,2978819,829788191135868,,8,0,
2128649,2978821,829788211135868,,8,0,
2128649,3045449,830454491135868,,8,0,
2128649,3045450,830454501135868,,8,0,
2128649,2978819,929788191135868,,9,0,
2128649,2978821,929788211135868,,9,0,
2128649,3045449,930454491135868,,9,0,
2128649,3045450,930454501135868,,9,0,
2166023,2978824,10029788241135861,,100,0,
2166023,3045445,10030454451135861,,100,0,
2166023,2978824,10129788241135861,,101,0,
2166023,3045445,10130454451135861,,101,0,
2166023,2978824,10229788241135861,,102,0,
2166023,3045445,10230454451135861,,102,0,
2166023,2978811,1029788111135861,,10,0,
2166023,2978813,1029788131135861,,10,0,
2166023,2978815,1029788151135861,,10,0,
2166023,2978824,1029788241135861,,10,0,
2166023,3045442,1030454421135861,,10,0,
2166023,3045443,1030454431135861,,10,0,
2166023,3045444,1030454441135861,,10,0,
2166023,3045445,1030454451135861,,10,0,
2166023,3045446,1030454461135861,,10,0,
2166023,3045447,1030454471135861,,10,0,
2166023,3045448,1030454481135861,,10,0,
2166023,2978824,10329788241135861,,103,0,
2166023,3045445,10330454451135861,,103,0,
2166023,2978824,10429788241135861,,104,0,
2166023,3045445,10430454451135861,,104,0,
2166023,2978824,10529788241135861,,105,0,
2166023,3045445,10530454451135861,,105,0,
2166023,2978824,10629788241135861,,106,0,
2166023,3045445,10630454451135861,,106,0,
2166023,2978824,10729788241135861,,107,0,
2166023,3045445,10730454451135861,,107,0,
2166023,12978824,10829788241135861,,108,0,
2166023,13045445,10830454451135861,,108,0,
2166023,12978824,10929788241135861,,109,0,
2166023,13045445,10930454451135861,,109,0,
2166023,12978824,11029788241135861,,110,0,
2166023,12978824,11129788241135861,,111,0,
2166023,2978811,1129788111135861,,11,0,
2166023,2978813,1129788131135861,,11,0,
2166023,2978815,1129788151135861,,11,0,
2166023,2978824,1129788241135861,,11,0,
2166023,3045442,1130454421135861,,11,0,
2166023,3045443,1130454431135861,,11,0,
2166023,3045444,1130454441135861,,11,0,
2166023,3045445,1130454451135861,,11,0,
2166023,3045446,1130454461135861,,11,0,
2166023,3045447,1130454471135861,,11,0,
2166023,3045448,1130454481135861,,11,0,
2166023,2978811,1229788111135861,,12,0,
2166023,2978813,1229788131135861,,12,0,
2166023,2978815,1229788151135861,,12,0,
2166023,2978824,1229788241135861,,12,0,
2166023,3045442,1230454421135861,,12,0,
2166023,3045443,1230454431135861,,12,0,
2166023,3045444,1230454441135861,,12,0,
2166023,3045445,1230454451135861,,12,0,
2166023,3045446,1230454461135861,,12,0,
2166023,3045447,1230454471135861,,12,0,
2166023,3045448,1230454481135861,,12,0,
2166023,2978811,129788111135861,,1,0,
2166023,2978813,129788131135861,,1,0,
2166023,2978815,129788151135861,,1,0,
2166023,2978824,129788241135861,,1,0,
2166023,3045442,130454421135861,,1,0,
2166023,3045443,130454431135861,,1,0,
2166023,3045444,130454441135861,,1,0,
2166023,3045445,130454451135861,,1,0,
2166023,3045446,130454461135861,,1,0,
2166023,3045447,130454471135861,,1,0,
2166023,3045448,130454481135861,,1,0,
2166023,2978811,1329788111135861,,13,0,
2166023,2978813,1329788131135861,,13,0,
2166023,2978815,1329788151135861,,13,0,
2166023,2978824,1329788241135861,,13,0,
2166023,3045442,1330454421135861,,13,0,
2166023,3045443,1330454431135861,,13,0,
2166023,3045444,1330454441135861,,13,0,
2166023,3045445,1330454451135861,,13,0,
2166023,3045446,1330454461135861,,13,0,
2166023,3045447,1330454471135861,,13,0,
2166023,3045448,1330454481135861,,13,0,
2166023,2978811,1429788111135861,,14,0,
2166023,2978813,1429788131135861,,14,0,
2166023,2978815,1429788151135861,,14,0,
2166023,2978824,1429788241135861,,14,0,
2166023,3045442,1430454421135861,,14,0,
2166023,3045443,1430454431135861,,14,0,
2166023,3045444,1430454441135861,,14,0,
2166023,3045445,1430454451135861,,14,0,
2166023,3045446,1430454461135861,,14,0,
2166023,3045447,1430454471135861,,14,0,
2166023,3045448,1430454481135861,,14,0,
2166023,2978811,1529788111135861,,15,0,
2166023,2978813,1529788131135861,,15,0,
2166023,2978815,1529788151135861,,15,0,
2166023,2978824,1529788241135861,,15,0,
2166023,3045442,1530454421135861,,15,0,
2166023,3045443,1530454431135861,,15,0,
2166023,3045444,1530454441135861,,15,0,
2166023,3045445,1530454451135861,,15,0,
2166023,3045446,1530454461135861,,15,0,
2166023,3045447,1530454471135861,,15,0,
2166023,3045448,1530454481135861,,15,0,
2166023,2978811,1629788111135861,,16,0,
2166023,2978813,1629788131135861,,16,0,
2166023,2978815,1629788151135861,,16,0,
2166023,2978824,1629788241135861,,16,0,
2166023,3045442,1630454421135861,,16,0,
2166023,3045443,1630454431135861,,16,0,
2166023,3045444,1630454441135861,,16,0,
2166023,3045445,1630454451135861,,16,0,
2166023,3045446,1630454461135861,,16,0,
2166023,3045447,1630454471135861,,16,0,
2166023,3045448,1630454481135861,,16,0,
2166023,2978811,1729788111135861,,17,0,
2166023,2978813,1729788131135861,,17,0,
2166023,2978815,1729788151135861,,17,0,
2166023,2978824,1729788241135861,,17,0,
2166023,3045442,1730454421135861,,17,0,
2166023,3045443,1730454431135861,,17,0,
2166023,3045444,1730454441135861,,17,0,
2166023,3045445,1730454451135861,,17,0,
2166023,3045446,1730454461135861,,17,0,
2166023,3045447,1730454471135861,,17,0,
2166023,3045448,1730454481135861,,17,0,
2166023,2978811,1829788111135861,,18,0,
2166023,2978813,1829788131135861,,18,0,
2166023,2978815,1829788151135861,,18,0,
2166023,2978824,1829788241135861,,18,0,
2166023,3045442,1830454421135861,,18,0,
2166023,3045443,1830454431135861,,18,0,
2166023,3045444,1830454441135861,,18,0,
2166023,3045445,1830454451135861,,18,0,
2166023,3045446,1830454461135861,,18,0,
2166023,3045447,1830454471135861,,18,0,
2166023,3045448,1830454481135861,,18,0,
2166023,2978811,1929788111135861,,19,0,
2166023,2978813,1929788131135861,,19,0,
2166023,2978815,1929788151135861,,19,0,
2166023,2978824,1929788241135861,,19,0,
2166023,3045442,1930454421135861,,19,0,
2166023,3045443,1930454431135861,,19,0,
2166023,3045444,1930454441135861,,19,0,
2166023,3045445,1930454451135861,,19,0,
2166023,3045446,1930454461135861,,19,0,
2166023,3045447,1930454471135861,,19,0,
2166023,3045448,1930454481135861,,19,0,
2166023,2978811,2029788111135861,,20,0,
2166023,2978813,2029788131135861,,20,0,
2166023,2978815,2029788151135861,,20,0,
2166023,2978824,2029788241135861,,20,0,
2166023,3045442,2030454421135861,,20,0,
2166023,3045443,2030454431135861,,20,0,
2166023,3045444,2030454441135861,,20,0,
2166023,3045445,2030454451135861,,20,0,
2166023,3045446,2030454461135861,,20,0,
2166023,3045447,2030454471135861,,20,0,
2166023,3045448,2030454481135861,,20,0,
2166023,2978811,2129788111135861,,21,0,
2166023,2978813,2129788131135861,,21,0,
2166023,2978815,2129788151135861,,21,0,
2166023,2978824,2129788241135861,,21,0,
2166023,3045442,2130454421135861,,21,0,
2166023,3045443,2130454431135861,,21,0,
2166023,3045444,2130454441135861,,21,0,
2166023,3045445,2130454451135861,,21,0,
2166023,3045446,2130454461135861,,21,0,
2166023,3045447,2130454471135861,,21,0,
2166023,3045448,2130454481135861,,21,0,
2166023,2978811,2229788111135861,,22,0,
2166023,2978813,2229788131135861,,22,0,
2166023,2978815,2229788151135861,,22,0,
2166023,2978824,2229788241135861,,22,0,
2166023,3045442,2230454421135861,,22,0,
2166023,3045443,2230454431135861,,22,0,
2166023,3045444,2230454441135861,,22,0,
2166023,3045445,2230454451135861,,22,0,
2166023,3045446,2230454461135861,,22,0,
2166023,3045447,2230454471135861,,22,0,
2166023,3045448,2230454481135861,,22,0,
2166023,2978811,229788111135861,,2,0,
2166023,2978813,229788131135861,,2,0,
2166023,2978815,229788151135861,,2,0,
2166023,2978824,229788241135861,,2,0,
2166023,3045442,230454421135861,,2,0,
2166023,3045443,230454431135861,,2,0,
2166023,3045444,230454441135861,,2,0,
2166023,3045445,230454451135861,,2,0,
2166023,3045446,230454461135861,,2,0,
2166023,3045447,230454471135861,,2,0,
2166023,3045448,230454481135861,,2,0,
2166023,2978811,2329788111135861,,23,0,
2166023,2978813,2329788131135861,,23,0,
2166023,2978815,2329788151135861,,23,0,
2166023,2978824,2329788241135861,,23,0,
2166023,3045442,2330454421135861,,23,0,
2166023,3045443,2330454431135861,,23,0,
2166023,3045444,2330454441135861,,23,0,
2166023,3045445,2330454451135861,,23,0,
2166023,3045446,2330454461135861,,23,0,
2166023,3045447,2330454471135861,,23,0,
2166023,3045448,2330454481135861,,23,0,
2166023,2978811,2429788111135861,,24,0,
2166023,2978813,2429788131135861,,24,0,
2166023,2978815,2429788151135861,,24,0,
2166023,2978824,2429788241135861,,24,0,
2166023,3045442,2430454421135861,,24,0,
2166023,3045443,2430454431135861,,24,0,
2166023,3045444,2430454441135861,,24,0,
2166023,3045445,2430454451135861,,24,0,
2166023,3045446,2430454461135861,,24,0,
2166023,3045447,2430454471135861,,24,0,
2166023,3045448,2430454481135861,,24,0,
2166023,2978811,2529788111135861,,25,0,
2166023,2978813,2529788131135861,,25,0,
2166023,2978815,2529788151135861,,25,0,
2166023,2978824,2529788241135861,,25,0,
2166023,3045442,2530454421135861,,25,0,
2166023,3045443,2530454431135861,,25,0,
2166023,3045444,2530454441135861,,25,0,
2166023,3045445,2530454451135861,,25,0,
2166023,3045446,2530454461135861,,25,0,
2166023,3045447,2530454471135861,,25,0,
2166023,3045448,2530454481135861,,25,0,
2166023,2978811,2629788111135861,,26,0,
2166023,2978813,2629788131135861,,26,0,
2166023,2978815,2629788151135861,,26,0,
2166023,2978824,2629788241135861,,26,0,
2166023,3045442,2630454421135861,,26,0,
2166023,3045443,2630454431135861,,26,0,
2166023,3045444,2630454441135861,,26,0,
2166023,3045445,2630454451135861,,26,0,
2166023,3045446,2630454461135861,,26,0,
2166023,3045447,2630454471135861,,26,0,
2166023,3045448,2630454481135861,,26,0,
2166023,2978811,2729788111135861,,27,0,
2166023,2978813,2729788131135861,,27,0,
2166023,2978815,2729788151135861,,27,0,
2166023,2978824,2729788241135861,,27,0,
2166023,3045442,2730454421135861,,27,0,
2166023,3045443,2730454431135861,,27,0,
2166023,3045444,2730454441135861,,27,0,
2166023,3045445,2730454451135861,,27,0,
2166023,3045446,2730454461135861,,27,0,
2166023,3045447,2730454471135861,,27,0,
2166023,3045448,2730454481135861,,27,0,
2166023,2978811,2829788111135861,,28,0,
2166023,2978813,2829788131135861,,28,0,
2166023,2978815,2829788151135861,,28,0,
2166023,2978824,2829788241135861,,28,0,
2166023,3045442,2830454421135861,,28,0,
2166023,3045443,2830454431135861,,28,0,
2166023,3045444,2830454441135861,,28,0,
2166023,3045445,2830454451135861,,28,0,
2166023,3045446,2830454461135861,,28,0,
2166023,3045447,2830454471135861,,28,0,
2166023,3045448,2830454481135861,,28,0,
2166023,2978811,2929788111135861,,29,0,
2166023,2978813,2929788131135861,,29,0,
2166023,2978815,2929788151135861,,29,0,
2166023,2978824,2929788241135861,,29,0,
2166023,3045442,2930454421135861,,29,0,
2166023,3045443,2930454431135861,,29,0,
2166023,3045444,2930454441135861,,29,0,
2166023,3045445,2930454451135861,,29,0,
2166023,3045446,2930454461135861,,29,0,
2166023,3045447,2930454471135861,,29,0,
2166023,3045448,2930454481135861,,29,0,
2166023,2978811,3029788111135861,,30,0,
2166023,2978813,3029788131135861,,30,0,
2166023,2978815,3029788151135861,,30,0,
2166023,2978824,3029788241135861,,30,0,
2166023,3045442,3030454421135861,,30,0,
2166023,3045443,3030454431135861,,30,0,
2166023,3045444,3030454441135861,,30,0,
2166023,3045445,3030454451135861,,30,0,
2166023,3045446,3030454461135861,,30,0,
2166023,3045447,3030454471135861,,30,0,
2166023,3045448,3030454481135861,,30,0,
2166023,2978811,3129788111135861,,31,0,
2166023,2978813,3129788131135861,,31,0,
2166023,2978815,3129788151135861,,31,0,
2166023,2978824,3129788241135861,,31,0,
2166023,3045442,3130454421135861,,31,0,
2166023,3045443,3130454431135861,,31,0,
2166023,3045444,3130454441135861,,31,0,
2166023,3045445,3130454451135861,,31,0,
2166023,3045446,3130454461135861,,31,0,
2166023,3045447,3130454471135861,,31,0,
2166023,3045448,3130454481135861,,31,0,
2166023,2978811,3229788111135861,,32,0,
2166023,2978813,3229788131135861,,32,0,
2166023,2978815,3229788151135861,,32,0,
2166023,2978824,3229788241135861,,32,0,
2166023,3045442,3230454421135861,,32,0,
2166023,3045443,3230454431135861,,32,0,
2166023,3045444,3230454441135861,,32,0,
2166023,3045445,3230454451135861,,32,0,
2166023,3045446,3230454461135861,,32,0,
2166023,3045447,3230454471135861,,32,0,
2166023,3045448,3230454481135861,,32,0,
2166023,2978811,329788111135861,,3,0,
2166023,2978813,329788131135861,,3,0,
2166023,2978815,329788151135861,,3,0,
2166023,2978824,329788241135861,,3,0,
2166023,3045442,330454421135861,,3,0,
2166023,3045443,330454431135861,,3,0,
2166023,3045444,330454441135861,,3,0,
2166023,3045445,330454451135861,,3,0,
2166023,3045446,330454461135861,,3,0,
2166023,3045447,330454471135861,,3,0,
2166023,3045448,330454481135861,,3,0,
2166023,2978811,3329788111135861,,33,0,
2166023,2978813,3329788131135861,,33,0,
2166023,2978815,3329788151135861,,33,0,
2166023,2978824,3329788241135861,,33,0,
2166023,3045442,3330454421135861,,33,0,
2166023,3045443,3330454431135861,,33,0,
2166023,3045444,3330454441135861,,33,0,
2166023,3045445,3330454451135861,,33,0,
2166023,3045446,3330454461135861,,33,0,
2166023,3045447,3330454471135861,,33,0,
2166023,3045448,3330454481135861,,33,0,
2166023,2978811,3429788111135861,,34,0,
2166023,2978813,3429788131135861,,34,0,
2166023,12978815,3429788151135861,,34,0,
2166023,2978824,3429788241135861,,34,0,
2166023,3045442,3430454421135861,,34,0,
2166023,3045443,3430454431135861,,34,0,
2166023,3045444,3430454441135861,,34,0,
2166023,3045445,3430454451135861,,34,0,
2166023,3045446,3430454461135861,,34,0,
2166023,3045447,3430454471135861,,34,0,
2166023,3045448,3430454481135861,,34,0,
2166023,2978811,3529788111135861,,35,0,
2166023,2978813,3529788131135861,,35,0,
2166023,12978815,3529788151135861,,35,0,
2166023,2978824,3529788241135861,,35,0,
2166023,3045442,3530454421135861,,35,0,
2166023,3045443,3530454431135861,,35,0,
2166023,3045444,3530454441135861,,35,0,
2166023,3045445,3530454451135861,,35,0,
2166023,3045446,3530454461135861,,35,0,
2166023,3045447,3530454471135861,,35,0,
2166023,3045448,3530454481135861,,35,0,
2166023,2978811,3629788111135861,,36,0,
2166023,2978813,3629788131135861,,36,0,
2166023,12978815,3629788151135861,,36,0,
2166023,2978824,3629788241135861,,36,0,
2166023,3045442,3630454421135861,,36,0,
2166023,3045443,3630454431135861,,36,0,
2166023,3045444,3630454441135861,,36,0,
2166023,3045445,3630454451135861,,36,0,
2166023,3045446,3630454461135861,,36,0,
2166023,13045447,3630454471135861,,36,0,
2166023,3045448,3630454481135861,,36,0,
2166023,2978811,3729788111135861,,37,0,
2166023,2978813,3729788131135861,,37,0,
2166023,12978815,3729788151135861,,37,0,
2166023,2978824,3729788241135861,,37,0,
2166023,3045442,3730454421135861,,37,0,
2166023,3045443,3730454431135861,,37,0,
2166023,3045444,3730454441135861,,37,0,
2166023,3045445,3730454451135861,,37,0,
2166023,3045446,3730454461135861,,37,0,
2166023,13045447,3730454471135861,,37,0,
2166023,3045448,3730454481135861,,37,0,
2166023,2978811,3829788111135861,,38,0,
2166023,2978813,3829788131135861,,38,0,
2166023,2978824,3829788241135861,,38,0,
2166023,3045442,3830454421135861,,38,0,
2166023,3045443,3830454431135861,,38,0,
2166023,3045444,3830454441135861,,38,0,
2166023,3045445,3830454451135861,,38,0,
2166023,3045446,3830454461135861,,38,0,
2166023,13045447,3830454471135861,,38,0,
2166023,3045448,3830454481135861,,38,0,
2166023,2978811,3929788111135861,,39,0,
2166023,2978813,3929788131135861,,39,0,
2166023,2978824,3929788241135861,,39,0,
2166023,3045442,3930454421135861,,39,0,
2166023,3045443,3930454431135861,,39,0,
2166023,3045444,3930454441135861,,39,0,
2166023,3045445,3930454451135861,,39,0,
2166023,3045446,3930454461135861,,39,0,
2166023,13045447,3930454471135861,,39,0,
2166023,3045448,3930454481135861,,39,0,
2166023,2978811,4029788111135861,,40,0,
2166023,2978813,4029788131135861,,40,0,
2166023,2978824,4029788241135861,,40,0,
2166023,3045442,4030454421135861,,40,0,
2166023,3045443,4030454431135861,,40,0,
2166023,3045444,4030454441135861,,40,0,
2166023,3045445,4030454451135861,,40,0,
2166023,3045446,4030454461135861,,40,0,
2166023,3045448,4030454481135861,,40,0,
2166023,2978811,4129788111135861,,41,0,
2166023,2978813,4129788131135861,,41,0,
2166023,2978824,4129788241135861,,41,0,
2166023,3045442,4130454421135861,,41,0,
2166023,3045443,4130454431135861,,41,0,
2166023,3045444,4130454441135861,,41,0,
2166023,3045445,4130454451135861,,41,0,
2166023,3045446,4130454461135861,,41,0,
2166023,3045448,4130454481135861,,41,0,
2166023,2978811,4229788111135861,,42,0,
2166023,2978813,4229788131135861,,42,0,
2166023,2978824,4229788241135861,,42,0,
2166023,3045442,4230454421135861,,42,0,
2166023,3045443,4230454431135861,,42,0,
2166023,3045444,4230454441135861,,42,0,
2166023,3045445,4230454451135861,,42,0,
2166023,3045446,4230454461135861,,42,0,
2166023,3045448,4230454481135861,,42,0,
2166023,2978811,429788111135861,,4,0,
2166023,2978813,429788131135861,,4,0,
2166023,2978815,429788151135861,,4,0,
2166023,2978824,429788241135861,,4,0,
2166023,3045442,430454421135861,,4,0,
2166023,3045443,430454431135861,,4,0,
2166023,3045444,430454441135861,,4,0,
2166023,3045445,430454451135861,,4,0,
2166023,3045446,430454461135861,,4,0,
2166023,3045447,430454471135861,,4,0,
2166023,3045448,430454481135861,,4,0,
2166023,2978811,4329788111135861,,43,0,
2166023,2978813,4329788131135861,,43,0,
2166023,2978824,4329788241135861,,43,0,
2166023,3045442,4330454421135861,,43,0,
2166023,3045443,4330454431135861,,43,0,
2166023,3045444,4330454441135861,,43,0,
2166023,3045445,4330454451135861,,43,0,
2166023,3045446,4330454461135861,,43,0,
2166023,3045448,4330454481135861,,43,0,
2166023,2978811,4429788111135861,,44,0,
2166023,12978813,4429788131135861,,44,0,
2166023,2978824,4429788241135861,,44,0,
2166023,3045442,4430454421135861,,44,0,
2166023,3045443,4430454431135861,,44,0,
2166023,3045444,4430454441135861,,44,0,
2166023,3045445,4430454451135861,,44,0,
2166023,3045446,4430454461135861,,44,0,
2166023,3045448,4430454481135861,,44,0,
2166023,2978811,4529788111135861,,45,0,
2166023,12978813,4529788131135861,,45,0,
2166023,2978824,4529788241135861,,45,0,
2166023,3045442,4530454421135861,,45,0,
2166023,3045443,4530454431135861,,45,0,
2166023,3045444,4530454441135861,,45,0,
2166023,3045445,4530454451135861,,45,0,
2166023,3045446,4530454461135861,,45,0,
2166023,3045448,4530454481135861,,45,0,
2166023,2978811,4629788111135861,,46,0,
2166023,2978824,4629788241135861,,46,0,
2166023,3045442,4630454421135861,,46,0,
2166023,3045443,4630454431135861,,46,0,
2166023,3045444,4630454441135861,,46,0,
2166023,3045445,4630454451135861,,46,0,
2166023,3045446,4630454461135861,,46,0,
2166023,3045448,4630454481135861,,46,0,
2166023,2978811,4729788111135861,,47,0,
2166023,2978824,4729788241135861,,47,0,
2166023,3045442,4730454421135861,,47,0,
2166023,3045443,4730454431135861,,47,0,
2166023,3045444,4730454441135861,,47,0,
2166023,3045445,4730454451135861,,47,0,
2166023,3045446,4730454461135861,,47,0,
2166023,3045448,4730454481135861,,47,0,
2166023,2978811,4829788111135861,,48,0,
2166023,2978824,4829788241135861,,48,0,
2166023,13045442,4830454421135861,,48,0,
2166023,13045443,4830454431135861,,48,0,
2166023,3045444,4830454441135861,,48,0,
2166023,3045445,4830454451135861,,48,0,
2166023,3045446,4830454461135861,,48,0,
2166023,3045448,4830454481135861,,48,0,
2166023,2978811,4929788111135861,,49,0,
2166023,2978824,4929788241135861,,49,0,
2166023,13045442,4930454421135861,,49,0,
2166023,13045443,4930454431135861,,49,0,
2166023,3045444,4930454441135861,,49,0,
2166023,3045445,4930454451135861,,49,0,
2166023,3045446,4930454461135861,,49,0,
2166023,3045448,4930454481135861,,49,0,
2166023,2978811,5029788111135861,,50,0,
2166023,2978824,5029788241135861,,50,0,
2166023,13045442,5030454421135861,,50,0,
2166023,3045444,5030454441135861,,50,0,
2166023,3045445,5030454451135861,,50,0,
2166023,3045446,5030454461135861,,50,0,
2166023,3045448,5030454481135861,,50,0,
2166023,2978811,5129788111135861,,51,0,
2166023,2978824,5129788241135861,,51,0,
2166023,13045442,5130454421135861,,51,0,
2166023,3045444,5130454441135861,,51,0,
2166023,3045445,5130454451135861,,51,0,
2166023,13045446,5130454461135861,,51,0,
2166023,3045448,5130454481135861,,51,0,
2166023,2978811,5229788111135861,,52,0,
2166023,2978824,5229788241135861,,52,0,
2166023,3045444,5230454441135861,,52,0,
2166023,3045445,5230454451135861,,52,0,
2166023,13045446,5230454461135861,,52,0,
2166023,3045448,5230454481135861,,52,0,
2166023,2978811,529788111135861,,5,0,
2166023,2978813,529788131135861,,5,0,
2166023,2978815,529788151135861,,5,0,
2166023,2978824,529788241135861,,5,0,
2166023,3045442,530454421135861,,5,0,
2166023,3045443,530454431135861,,5,0,
2166023,3045444,530454441135861,,5,0,
2166023,3045445,530454451135861,,5,0,
2166023,3045446,530454461135861,,5,0,
2166023,3045447,530454471135861,,5,0,
2166023,3045448,530454481135861,,5,0,
2166023,2978811,5329788111135861,,53,0,
2166023,2978824,5329788241135861,,53,0,
2166023,3045444,5330454441135861,,53,0,
2166023,3045445,5330454451135861,,53,0,
2166023,3045448,5330454481135861,,53,0,
2166023,2978811,5429788111135861,,54,0,
2166023,2978824,5429788241135861,,54,0,
2166023,3045444,5430454441135861,,54,0,
2166023,3045445,5430454451135861,,54,0,
2166023,3045448,5430454481135861,,54,0,
2166023,2978811,5529788111135861,,55,0,
2166023,2978824,5529788241135861,,55,0,
2166023,3045444,5530454441135861,,55,0,
2166023,3045445,5530454451135861,,55,0,
2166023,3045448,5530454481135861,,55,0,
2166023,2978811,5629788111135861,,56,0,
2166023,2978824,5629788241135861,,56,0,
2166023,3045444,5630454441135861,,56,0,
2166023,3045445,5630454451135861,,56,0,
2166023,3045448,5630454481135861,,56,0,
2166023,2978811,5729788111135861,,57,0,
2166023,2978824,5729788241135861,,57,0,
2166023,3045444,5730454441135861,,57,0,
2166023,3045445,5730454451135861,,57,0,
2166023,3045448,5730454481135861,,57,0,
2166023,2978811,5829788111135861,,58,0,
2166023,2978824,5829788241135861,,58,0,
2166023,3045444,5830454441135861,,58,0,
2166023,3045445,5830454451135861,,58,0,
2166023,3045448,5830454481135861,,58,0,
2166023,2978811,5929788111135861,,59,0,
2166023,2978824,5929788241135861,,59,0,
2166023,3045444,5930454441135861,,59,0,
2166023,3045445,5930454451135861,,59,0,
2166023,3045448,5930454481135861,,59,0,
2166023,2978811,6029788111135861,,60,0,
2166023,2978824,6029788241135861,,60,0,
2166023,3045444,6030454441135861,,60,0,
2166023,3045445,6030454451135861,,60,0,
2166023,3045448,6030454481135861,,60,0,
2166023,2978811,6129788111135861,,61,0,
2166023,2978824,6129788241135861,,61,0,
2166023,3045444,6130454441135861,,61,0,
2166023,3045445,6130454451135861,,61,0,
2166023,3045448,6130454481135861,,61,0,
2166023,2978811,6229788111135861,,62,0,
2166023,2978824,6229788241135861,,62,0,
2166023,3045444,6230454441135861,,62,0,
2166023,3045445,6230454451135861,,62,0,
2166023,3045448,6230454481135861,,62,0,
2166023,2978811,629788111135861,,6,0,
2166023,2978813,629788131135861,,6,0,
2166023,2978815,629788151135861,,6,0,
2166023,2978824,629788241135861,,6,0,
2166023,3045442,630454421135861,,6,0,
2166023,3045443,630454431135861,,6,0,
2166023,3045444,630454441135861,,6,0,
2166023,3045445,630454451135861,,6,0,
2166023,3045446,630454461135861,,6,0,
2166023,3045447,630454471135861,,6,0,
2166023,3045448,630454481135861,,6,0,
2166023,2978811,6329788111135861,,63,0,
2166023,2978824,6329788241135861,,63,0,
2166023,3045444,6330454441135861,,63,0,
2166023,3045445,6330454451135861,,63,0,
2166023,3045448,6330454481135861,,63,0,
2166023,2978811,6429788111135861,,64,0,
2166023,2978824,6429788241135861,,64,0,
2166023,3045444,6430454441135861,,64,0,
2166023,3045445,6430454451135861,,64,0,
2166023,3045448,6430454481135861,,64,0,
2166023,2978811,6529788111135861,,65,0,
2166023,2978824,6529788241135861,,65,0,
2166023,3045444,6530454441135861,,65,0,
2166023,3045445,6530454451135861,,65,0,
2166023,3045448,6530454481135861,,65,0,
2166023,2978811,6629788111135861,,66,0,
2166023,2978824,6629788241135861,,66,0,
2166023,3045444,6630454441135861,,66,0,
2166023,3045445,6630454451135861,,66,0,
2166023,3045448,6630454481135861,,66,0,
2166023,2978811,6729788111135861,,67,0,
2166023,2978824,6729788241135861,,67,0,
2166023,3045444,6730454441135861,,67,0,
2166023,3045445,6730454451135861,,67,0,
2166023,3045448,6730454481135861,,67,0,
2166023,2978811,6829788111135861,,68,0,
2166023,2978824,6829788241135861,,68,0,
2166023,3045444,6830454441135861,,68,0,
2166023,3045445,6830454451135861,,68,0,
2166023,3045448,6830454481135861,,68,0,
2166023,2978811,6929788111135861,,69,0,
2166023,2978824,6929788241135861,,69,0,
2166023,3045444,6930454441135861,,69,0,
2166023,3045445,6930454451135861,,69,0,
2166023,3045448,6930454481135861,,69,0,
2166023,2978811,7029788111135861,,70,0,
2166023,2978824,7029788241135861,,70,0,
2166023,3045444,7030454441135861,,70,0,
2166023,3045445,7030454451135861,,70,0,
2166023,3045448,7030454481135861,,70,0,
2166023,2978811,7129788111135861,,71,0,
2166023,2978824,7129788241135861,,71,0,
2166023,3045444,7130454441135861,,71,0,
2166023,3045445,7130454451135861,,71,0,
2166023,3045448,7130454481135861,,71,0,
2166023,2978811,7229788111135861,,72,0,
2166023,2978824,7229788241135861,,72,0,
2166023,3045444,7230454441135861,,72,0,
2166023,3045445,7230454451135861,,72,0,
2166023,3045448,7230454481135861,,72,0,
2166023,2978811,729788111135861,,7,0,
2166023,2978813,729788131135861,,7,0,
2166023,2978815,729788151135861,,7,0,
2166023,2978824,729788241135861,,7,0,
2166023,3045442,730454421135861,,7,0,
2166023,3045443,730454431135861,,7,0,
2166023,3045444,730454441135861,,7,0,
2166023,3045445,730454451135861,,7,0,
2166023,3045446,730454461135861,,7,0,
2166023,3045447,730454471135861,,7,0,
2166023,3045448,730454481135861,,7,0,
2166023,2978811,7329788111135861,,73,0,
2166023,2978824,7329788241135861,,73,0,
2166023,3045444,7330454441135861,,73,0,
2166023,3045445,7330454451135861,,73,0,
2166023,3045448,7330454481135861,,73,0,
2166023,2978811,7429788111135861,,74,0,
2166023,2978824,7429788241135861,,74,0,
2166023,3045444,7430454441135861,,74,0,
2166023,3045445,7430454451135861,,74,0,
2166023,3045448,7430454481135861,,74,0,
2166023,2978811,7529788111135861,,75,0,
2166023,2978824,7529788241135861,,75,0,
2166023,3045444,7530454441135861,,75,0,
2166023,3045445,7530454451135861,,75,0,
2166023,3045448,7530454481135861,,75,0,
2166023,2978811,7629788111135861,,76,0,
2166023,2978824,7629788241135861,,76,0,
2166023,3045444,7630454441135861,,76,0,
2166023,3045445,7630454451135861,,76,0,
2166023,3045448,7630454481135861,,76,0,
2166023,2978811,7729788111135861,,77,0,
2166023,2978824,7729788241135861,,77,0,
2166023,3045444,7730454441135861,,77,0,
2166023,3045445,7730454451135861,,77,0,
2166023,3045448,7730454481135861,,77,0,
2166023,2978811,7829788111135861,,78,0,
2166023,2978824,7829788241135861,,78,0,
2166023,3045444,7830454441135861,,78,0,
2166023,3045445,7830454451135861,,78,0,
2166023,3045448,7830454481135861,,78,0,
2166023,2978811,7929788111135861,,79,0,
2166023,2978824,7929788241135861,,79,0,
2166023,3045444,7930454441135861,,79,0,
2166023,3045445,7930454451135861,,79,0,
2166023,3045448,7930454481135861,,79,0,
2166023,2978811,8029788111135861,,80,0,
2166023,2978824,8029788241135861,,80,0,
2166023,3045444,8030454441135861,,80,0,
2166023,3045445,8030454451135861,,80,0,
2166023,3045448,8030454481135861,,80,0,
2166023,2978811,8129788111135861,,81,0,
2166023,2978824,8129788241135861,,81,0,
2166023,3045444,8130454441135861,,81,0,
2166023,3045445,8130454451135861,,81,0,
2166023,3045448,8130454481135861,,81,0,
2166023,2978811,8229788111135861,,82,0,
2166023,2978824,8229788241135861,,82,0,
2166023,3045444,8230454441135861,,82,0,
2166023,3045445,8230454451135861,,82,0,
2166023,3045448,8230454481135861,,82,0,
2166023,2978811,829788111135861,,8,0,
2166023,2978813,829788131135861,,8,0,
2166023,2978815,829788151135861,,8,0,
2166023,2978824,829788241135861,,8,0,
2166023,3045442,830454421135861,,8,0,
2166023,3045443,830454431135861,,8,0,
2166023,3045444,830454441135861,,8,0,
2166023,3045445,830454451135861,,8,0,
2166023,3045446,830454461135861,,8,0,
2166023,3045447,830454471135861,,8,0,
2166023,3045448,830454481135861,,8,0,
2166023,2978811,8329788111135861,,83,0,
2166023,2978824,8329788241135861,,83,0,
2166023,13045444,8330454441135861,,83,0,
2166023,3045445,8330454451135861,,83,0,
2166023,13045448,8330454481135861,,83,0,
2166023,2978811,8429788111135861,,84,0,
2166023,2978824,8429788241135861,,84,0,
2166023,13045444,8430454441135861,,84,0,
2166023,3045445,8430454451135861,,84,0,
2166023,13045448,8430454481135861,,84,0,
2166023,2978811,8529788111135861,,85,0,
2166023,2978824,8529788241135861,,85,0,
2166023,3045445,8530454451135861,,85,0,
2166023,13045448,8530454481135861,,85,0,
2166023,2978811,8629788111135861,,86,0,
2166023,2978824,8629788241135861,,86,0,
2166023,3045445,8630454451135861,,86,0,
2166023,13045448,8630454481135861,,86,0,
2166023,2978811,8729788111135861,,87,0,
2166023,2978824,8729788241135861,,87,0,
2166023,3045445,8730454451135861,,87,0,
2166023,2978811,8829788111135861,,88,0,
2166023,2978824,8829788241135861,,88,0,
2166023,3045445,8830454451135861,,88,0,
2166023,2978811,8929788111135861,,89,0,
2166023,2978824,8929788241135861,,89,0,
2166023,3045445,8930454451135861,,89,0,
2166023,2978811,9029788111135861,,90,0,
2166023,2978824,9029788241135861,,90,0,
2166023,3045445,9030454451135861,,90,0,
2166023,12978811,9129788111135861,,91,0,
2166023,2978824,9129788241135861,,91,0,
2166023,3045445,9130454451135861,,91,0,
2166023,12978811,9229788111135861,,92,0,
2166023,2978824,9229788241135861,,92,0,
2166023,3045445,9230454451135861,,92,0,
2166023,2978811,929788111135861,,9,0,
2166023,2978813,929788131135861,,9,0,
2166023,2978815,929788151135861,,9,0,
2166023,2978824,929788241135861,,9,0,
2166023,3045442,930454421135861,,9,0,
2166023,3045443,930454431135861,,9,0,
2166023,3045444,930454441135861,,9,0,
2166023,3045445,930454451135861,,9,0,
2166023,3045446,930454461135861,,9,0,
2166023,3045447,930454471135861,,9,0,
2166023,3045448,930454481135861,,9,0,
2166023,2978824,9329788241135861,,93,0,
2166023,3045445,9330454451135861,,93,0,
2166023,2978824,9429788241135861,,94,0,
2166023,3045445,9430454451135861,,94,0,
2166023,2978824,9529788241135861,,95,0,
2166023,3045445,9530454451135861,,95,0,
2166023,2978824,9629788241135861,,96,0,
2166023,3045445,9630454451135861,,96,0,
2166023,2978824,9729788241135861,,97,0,
2166023,3045445,9730454451135861,,97,0,
2166023,2978824,9829788241135861,,98,0,
2166023,3045445,9830454451135861,,98,0,
2166023,2978824,9929788241135861,,99,0,
2166023,3045445,9930454451135861,,99,0,
2166023,2978811,129788111135862,,1,0,
2166023,2978813,129788131135862,,1,0,
2166023,2978815,129788151135862,,1,0,
2166023,2978824,129788241135862,,1,0,
2166023,3045442,130454421135862,,1,0,
2166023,3045443,130454431135862,,1,0,
2166023,3045444,130454441135862,,1,0,
2166023,3045445,130454451135862,,1,0,
2166023,3045446,130454461135862,,1,0,
2166023,3045447,130454471135862,,1,0,
2166023,3045448,130454481135862,,1,0,
2166023,2978811,229788111135862,,2,0,
2166023,2978813,229788131135862,,2,0,
2166023,2978815,229788151135862,,2,0,
2166023,2978824,229788241135862,,2,0,
2166023,3045442,230454421135862,,2,0,
2166023,3045443,230454431135862,,2,0,
2166023,3045444,230454441135862,,2,0,
2166023,3045445,230454451135862,,2,0,
2166023,3045446,230454461135862,,2,0,
2166023,3045447,230454471135862,,2,0,
2166023,3045448,230454481135862,,2,0,
2166023,2978811,329788111135862,,3,0,
2166023,2978813,329788131135862,,3,0,
2166023,2978815,329788151135862,,3,0,
2166023,2978824,329788241135862,,3,0,
2166023,3045442,330454421135862,,3,0,
2166023,3045443,330454431135862,,3,0,
2166023,3045444,330454441135862,,3,0,
2166023,3045445,330454451135862,,3,0,
2166023,3045446,330454461135862,,3,0,
2166023,3045447,330454471135862,,3,0,
2166023,3045448,330454481135862,,3,0,
2166023,2978811,429788111135862,,4,0,
2166023,2978813,429788131135862,,4,0,
2166023,2978815,429788151135862,,4,0,
2166023,2978824,429788241135862,,4,0,
2166023,3045442,430454421135862,,4,0,
2166023,3045443,430454431135862,,4,0,
2166023,3045444,430454441135862,,4,0,
2166023,3045445,430454451135862,,4,0,
2166023,3045446,430454461135862,,4,0,
2166023,3045447,430454471135862,,4,0,
2166023,3045448,430454481135862,,4,0,
2166023,2978811,529788111135862,,5,0,
2166023,2978813,529788131135862,,5,0,
2166023,2978824,529788241135862,,5,0,
2166023,3045444,530454441135862,,5,0,
2166023,3045445,530454451135862,,5,0,
2166023,3045446,530454461135862,,5,0,
2166023,3045448,530454481135862,,5,0,
2166023,2978811,629788111135862,,6,0,
2166023,2978813,629788131135862,,6,0,
2166023,2978824,629788241135862,,6,0,
2166023,3045445,630454451135862,,6,0,
2166023,3045446,630454461135862,,6,0,
2166023,2978824,729788241135862,,7,0,
2166023,3045445,730454451135862,,7,0,
2166023,3045446,730454461135862,,7,0,
2166023,2978811,129788111135863,,1,0,
2166023,2978813,129788131135863,,1,0,
2166023,2978815,129788151135863,,1,0,
2166023,2978824,129788241135863,,1,0,
2166023,3045442,130454421135863,,1,0,
2166023,3045443,130454431135863,,1,0,
2166023,3045444,130454441135863,,1,0,
2166023,3045445,130454451135863,,1,0,
2166023,3045446,130454461135863,,1,0,
2166023,3045447,130454471135863,,1,0,
2166023,3045448,130454481135863,,1,0,
2166023,2978811,229788111135863,,2,0,
2166023,2978813,229788131135863,,2,0,
2166023,2978815,229788151135863,,2,0,
2166023,2978824,229788241135863,,2,0,
2166023,3045442,230454421135863,,2,0,
2166023,3045443,230454431135863,,2,0,
2166023,3045444,230454441135863,,2,0,
2166023,3045445,230454451135863,,2,0,
2166023,3045446,230454461135863,,2,0,
2166023,3045447,230454471135863,,2,0,
2166023,3045448,230454481135863,,2,0,
2166023,2978811,329788111135863,,3,0,
2166023,2978813,329788131135863,,3,0,
2166023,2978815,329788151135863,,3,0,
2166023,2978824,329788241135863,,3,0,
2166023,3045442,330454421135863,,3,0,
2166023,13045443,330454431135863,,3,0,
2166023,3045444,330454441135863,,3,0,
2166023,3045445,330454451135863,,3,0,
2166023,3045446,330454461135863,,3,0,
2166023,3045447,330454471135863,,3,0,
2166023,3045448,330454481135863,,3,0,
2166023,2978811,429788111135863,,4,0,
2166023,2978813,429788131135863,,4,0,
2166023,2978815,429788151135863,,4,0,
2166023,2978824,429788241135863,,4,0,
2166023,13045442,430454421135863,,4,0,
2166023,3045444,430454441135863,,4,0,
2166023,3045445,430454451135863,,4,0,
2166023,3045446,430454461135863,,4,0,
2166023,3045447,430454471135863,,4,0,
2166023,3045448,430454481135863,,4,0,
2166023,2978811,529788111135863,,5,0,
2166023,2978813,529788131135863,,5,0,
2166023,12978815,529788151135863,,5,0,
2166023,2978824,529788241135863,,5,0,
2166023,3045444,530454441135863,,5,0,
2166023,3045445,530454451135863,,5,0,
2166023,3045446,530454461135863,,5,0,
2166023,3045447,530454471135863,,5,0,
2166023,3045448,530454481135863,,5,0,
2166023,12978811,629788111135863,,6,0,
2166023,12978813,629788131135863,,6,0,
2166023,12978815,629788151135863,,6,0,
2166023,2978824,629788241135863,,6,0,
2166023,13045444,630454441135863,,6,0,
2166023,3045445,630454451135863,,6,0,
2166023,3045446,630454461135863,,6,0,
2166023,13045447,630454471135863,,6,0,
2166023,13045448,630454481135863,,6,0,
2166023,12978811,729788111135863,,7,0,
2166023,12978813,729788131135863,,7,0,
2166023,2978824,729788241135863,,7,0,
2166023,13045444,730454441135863,,7,0,
2166023,3045445,730454451135863,,7,0,
2166023,3045446,730454461135863,,7,0,
2166023,13045447,730454471135863,,7,0,
2166023,13045448,730454481135863,,7,0,
2166023,12978824,829788241135863,,8,0,
2166023,13045445,830454451135863,,8,0,
2166023,13045446,830454461135863,,8,0,
2166023,12978824,929788241135863,,9,0,
2166023,13045445,930454451135863,,9,0,
2166023,13045446,930454461135863,,9,0,
2166023,2978811,129788111135866,,1,0,
2166023,2978813,129788131135866,,1,0,
2166023,2978815,129788151135866,,1,0,
2166023,2978824,129788241135866,,1,0,
2166023,3045444,130454441135866,,1,0,
2166023,3045445,130454451135866,,1,0,
2166023,3045446,130454461135866,,1,0,
2166023,3045447,130454471135866,,1,0,
2166023,3045448,130454481135866,,1,0,
2166023,2978824,229788241135866,,2,0,
2166023,3045445,230454451135866,,2,0,
2166023,3045446,230454461135866,,2,0,
2166023,2978811,129788111843507,,1,0,
2166023,2978813,129788131843507,,1,0,
2166023,3045444,130454441843507,,1,0,
2166023,3045448,130454481843507,,1,0,
2166024,2978824,10029788241135864,,100,1,
2166024,3045445,10030454451135864,,100,1,
2166024,3045446,10030454461135864,,100,1,
2166024,2978824,10129788241135864,,101,1,
2166024,3045445,10130454451135864,,101,1,
2166024,3045446,10130454461135864,,101,1,
2166024,2978824,10229788241135864,,102,1,
2166024,3045445,10230454451135864,,102,1,
2166024,3045446,10230454461135864,,102,1,
2166024,2978811,1029788111135864,,10,1,
2166024,2978813,1029788131135864,,10,1,
2166024,2978815,1029788151135864,,10,1,
2166024,2978824,1029788241135864,,10,1,
2166024,3045442,1030454421135864,,10,1,
2166024,3045443,1030454431135864,,10,1,
2166024,3045444,1030454441135864,,10,1,
2166024,3045445,1030454451135864,,10,1,
2166024,3045446,1030454461135864,,10,1,
2166024,3045447,1030454471135864,,10,1,
2166024,3045448,1030454481135864,,10,1,
2166024,2978824,10329788241135864,,103,1,
2166024,3045445,10330454451135864,,103,1,
2166024,3045446,10330454461135864,,103,1,
2166024,2978824,10429788241135864,,104,1,
2166024,3045445,10430454451135864,,104,1,
2166024,3045446,10430454461135864,,104,1,
2166024,2978824,10529788241135864,,105,1,
2166024,3045445,10530454451135864,,105,1,
2166024,3045446,10530454461135864,,105,1,
2166024,2978824,10629788241135864,,106,1,
2166024,3045445,10630454451135864,,106,1,
2166024,3045446,10630454461135864,,106,1,
2166024,12978824,10729788241135864,,107,1,
2166024,13045445,10730454451135864,,107,1,
2166024,13045446,10730454461135864,,107,1,
2166024,12978824,10829788241135864,,108,1,
2166024,13045445,10830454451135864,,108,1,
2166024,13045446,10830454461135864,,108,1,
2166024,12978824,10929788241135864,,109,1,
2166024,12978824,11029788241135864,,110,1,
2166024,2978811,1129788111135864,,11,1,
2166024,2978813,1129788131135864,,11,1,
2166024,2978815,1129788151135864,,11,1,
2166024,2978824,1129788241135864,,11,1,
2166024,3045442,1130454421135864,,11,1,
2166024,3045443,1130454431135864,,11,1,
2166024,3045444,1130454441135864,,11,1,
2166024,3045445,1130454451135864,,11,1,
2166024,3045446,1130454461135864,,11,1,
2166024,3045447,1130454471135864,,11,1,
2166024,3045448,1130454481135864,,11,1,
2166024,2978811,1229788111135864,,12,1,
2166024,2978813,1229788131135864,,12,1,
2166024,2978815,1229788151135864,,12,1,
2166024,2978824,1229788241135864,,12,1,
2166024,3045442,1230454421135864,,12,1,
2166024,3045443,1230454431135864,,12,1,
2166024,3045444,1230454441135864,,12,1,
2166024,3045445,1230454451135864,,12,1,
2166024,3045446,1230454461135864,,12,1,
2166024,3045447,1230454471135864,,12,1,
2166024,3045448,1230454481135864,,12,1,
2166024,2978811,129788111135864,,1,1,
2166024,2978813,129788131135864,,1,1,
2166024,2978815,129788151135864,,1,1,
2166024,2978824,129788241135864,,1,1,
2166024,3045442,130454421135864,,1,1,
2166024,3045443,130454431135864,,1,1,
2166024,3045444,130454441135864,,1,1,
2166024,3045445,130454451135864,,1,1,
2166024,3045446,130454461135864,,1,1,
2166024,3045447,130454471135864,,1,1,
2166024,3045448,130454481135864,,1,1,
2166024,2978811,1329788111135864,,13,1,
2166024,2978813,1329788131135864,,13,1,
2166024,2978815,1329788151135864,,13,1,
2166024,2978824,1329788241135864,,13,1,
2166024,3045442,1330454421135864,,13,1,
2166024,3045443,1330454431135864,,13,1,
2166024,3045444,1330454441135864,,13,1,
2166024,3045445,1330454451135864,,13,1,
2166024,3045446,1330454461135864,,13,1,
2166024,3045447,1330454471135864,,13,1,
2166024,3045448,1330454481135864,,13,1,
2166024,2978811,1429788111135864,,14,1,
2166024,2978813,1429788131135864,,14,1,
2166024,2978815,1429788151135864,,14,1,
2166024,2978824,1429788241135864,,14,1,
2166024,3045442,1430454421135864,,14,1,
2166024,3045443,1430454431135864,,14,1,
2166024,3045444,1430454441135864,,14,1,
2166024,3045445,1430454451135864,,14,1,
2166024,3045446,1430454461135864,,14,1,
2166024,3045447,1430454471135864,,14,1,
2166024,3045448,1430454481135864,,14,1,
2166024,2978811,1529788111135864,,15,1,
2166024,2978813,1529788131135864,,15,1,
2166024,2978815,1529788151135864,,15,1,
2166024,2978824,1529788241135864,,15,1,
2166024,3045442,1530454421135864,,15,1,
2166024,3045443,1530454431135864,,15,1,
2166024,3045444,1530454441135864,,15,1,
2166024,3045445,1530454451135864,,15,1,
2166024,3045446,1530454461135864,,15,1,
2166024,3045447,1530454471135864,,15,1,
2166024,3045448,1530454481135864,,15,1,
2166024,2978811,1629788111135864,,16,1,
2166024,2978813,1629788131135864,,16,1,
2166024,2978815,1629788151135864,,16,1,
2166024,2978824,1629788241135864,,16,1,
2166024,3045442,1630454421135864,,16,1,
2166024,3045443,1630454431135864,,16,1,
2166024,3045444,1630454441135864,,16,1,
2166024,3045445,1630454451135864,,16,1,
2166024,3045446,1630454461135864,,16,1,
2166024,3045447,1630454471135864,,16,1,
2166024,3045448,1630454481135864,,16,1,
2166024,2978811,1729788111135864,,17,1,
2166024,2978813,1729788131135864,,17,1,
2166024,2978815,1729788151135864,,17,1,
2166024,2978824,1729788241135864,,17,1,
2166024,3045442,1730454421135864,,17,1,
2166024,3045443,1730454431135864,,17,1,
2166024,3045444,1730454441135864,,17,1,
2166024,3045445,1730454451135864,,17,1,
2166024,3045446,1730454461135864,,17,1,
2166024,3045447,1730454471135864,,17,1,
2166024,3045448,1730454481135864,,17,1,
2166024,2978811,1829788111135864,,18,1,
2166024,2978813,1829788131135864,,18,1,
2166024,2978815,1829788151135864,,18,1,
2166024,2978824,1829788241135864,,18,1,
2166024,3045442,1830454421135864,,18,1,
2166024,3045443,1830454431135864,,18,1,
2166024,3045444,1830454441135864,,18,1,
2166024,3045445,1830454451135864,,18,1,
2166024,3045446,1830454461135864,,18,1,
2166024,3045447,1830454471135864,,18,1,
2166024,3045448,1830454481135864,,18,1,
2166024,2978811,1929788111135864,,19,1,
2166024,2978813,1929788131135864,,19,1,
2166024,2978815,1929788151135864,,19,1,
2166024,2978824,1929788241135864,,19,1,
2166024,3045442,1930454421135864,,19,1,
2166024,3045443,1930454431135864,,19,1,
2166024,3045444,1930454441135864,,19,1,
2166024,3045445,1930454451135864,,19,1,
2166024,3045446,1930454461135864,,19,1,
2166024,3045447,1930454471135864,,19,1,
2166024,3045448,1930454481135864,,19,1,
2166024,2978811,2029788111135864,,20,1,
2166024,2978813,2029788131135864,,20,1,
2166024,2978815,2029788151135864,,20,1,
2166024,2978824,2029788241135864,,20,1,
2166024,3045442,2030454421135864,,20,1,
2166024,3045443,2030454431135864,,20,1,
2166024,3045444,2030454441135864,,20,1,
2166024,3045445,2030454451135864,,20,1,
2166024,3045446,2030454461135864,,20,1,
2166024,3045447,2030454471135864,,20,1,
2166024,3045448,2030454481135864,,20,1,
2166024,2978811,2129788111135864,,21,1,
2166024,2978813,2129788131135864,,21,1,
2166024,2978815,2129788151135864,,21,1,
2166024,2978824,2129788241135864,,21,1,
2166024,3045442,2130454421135864,,21,1,
2166024,3045443,2130454431135864,,21,1,
2166024,3045444,2130454441135864,,21,1,
2166024,3045445,2130454451135864,,21,1,
2166024,3045446,2130454461135864,,21,1,
2166024,3045447,2130454471135864,,21,1,
2166024,3045448,2130454481135864,,21,1,
2166024,2978811,2229788111135864,,22,1,
2166024,2978813,2229788131135864,,22,1,
2166024,2978815,2229788151135864,,22,1,
2166024,2978824,2229788241135864,,22,1,
2166024,3045442,2230454421135864,,22,1,
2166024,3045443,2230454431135864,,22,1,
2166024,3045444,2230454441135864,,22,1,
2166024,3045445,2230454451135864,,22,1,
2166024,3045446,2230454461135864,,22,1,
2166024,3045447,2230454471135864,,22,1,
2166024,3045448,2230454481135864,,22,1,
2166024,2978811,229788111135864,,2,1,
2166024,2978813,229788131135864,,2,1,
2166024,2978815,229788151135864,,2,1,
2166024,2978824,229788241135864,,2,1,
2166024,3045442,230454421135864,,2,1,
2166024,3045443,230454431135864,,2,1,
2166024,3045444,230454441135864,,2,1,
2166024,3045445,230454451135864,,2,1,
2166024,3045446,230454461135864,,2,1,
2166024,3045447,230454471135864,,2,1,
2166024,3045448,230454481135864,,2,1,
2166024,2978811,2329788111135864,,23,1,
2166024,2978813,2329788131135864,,23,1,
2166024,2978815,2329788151135864,,23,1,
2166024,2978824,2329788241135864,,23,1,
2166024,3045442,2330454421135864,,23,1,
2166024,3045443,2330454431135864,,23,1,
2166024,3045444,2330454441135864,,23,1,
2166024,3045445,2330454451135864,,23,1,
2166024,3045446,2330454461135864,,23,1,
2166024,3045447,2330454471135864,,23,1,
2166024,3045448,2330454481135864,,23,1,
2166024,2978811,2429788111135864,,24,1,
2166024,2978813,2429788131135864,,24,1,
2166024,2978815,2429788151135864,,24,1,
2166024,2978824,2429788241135864,,24,1,
2166024,3045442,2430454421135864,,24,1,
2166024,3045443,2430454431135864,,24,1,
2166024,3045444,2430454441135864,,24,1,
2166024,3045445,2430454451135864,,24,1,
2166024,3045446,2430454461135864,,24,1,
2166024,3045447,2430454471135864,,24,1,
2166024,3045448,2430454481135864,,24,1,
2166024,2978811,2529788111135864,,25,1,
2166024,2978813,2529788131135864,,25,1,
2166024,2978815,2529788151135864,,25,1,
2166024,2978824,2529788241135864,,25,1,
2166024,3045442,2530454421135864,,25,1,
2166024,3045443,2530454431135864,,25,1,
2166024,3045444,2530454441135864,,25,1,
2166024,3045445,2530454451135864,,25,1,
2166024,3045446,2530454461135864,,25,1,
2166024,3045447,2530454471135864,,25,1,
2166024,3045448,2530454481135864,,25,1,
2166024,2978811,2629788111135864,,26,1,
2166024,2978813,2629788131135864,,26,1,
2166024,2978815,2629788151135864,,26,1,
2166024,2978824,2629788241135864,,26,1,
2166024,3045442,2630454421135864,,26,1,
2166024,3045443,2630454431135864,,26,1,
2166024,3045444,2630454441135864,,26,1,
2166024,3045445,2630454451135864,,26,1,
2166024,3045446,2630454461135864,,26,1,
2166024,3045447,2630454471135864,,26,1,
2166024,3045448,2630454481135864,,26,1,
2166024,2978811,2729788111135864,,27,1,
2166024,2978813,2729788131135864,,27,1,
2166024,2978815,2729788151135864,,27,1,
2166024,2978824,2729788241135864,,27,1,
2166024,3045442,2730454421135864,,27,1,
2166024,3045443,2730454431135864,,27,1,
2166024,3045444,2730454441135864,,27,1,
2166024,3045445,2730454451135864,,27,1,
2166024,3045446,2730454461135864,,27,1,
2166024,3045447,2730454471135864,,27,1,
2166024,3045448,2730454481135864,,27,1,
2166024,2978811,2829788111135864,,28,1,
2166024,2978813,2829788131135864,,28,1,
2166024,2978815,2829788151135864,,28,1,
2166024,2978824,2829788241135864,,28,1,
2166024,3045442,2830454421135864,,28,1,
2166024,3045443,2830454431135864,,28,1,
2166024,3045444,2830454441135864,,28,1,
2166024,3045445,2830454451135864,,28,1,
2166024,3045446,2830454461135864,,28,1,
2166024,3045447,2830454471135864,,28,1,
2166024,3045448,2830454481135864,,28,1,
2166024,2978811,2929788111135864,,29,1,
2166024,2978813,2929788131135864,,29,1,
2166024,2978815,2929788151135864,,29,1,
2166024,2978824,2929788241135864,,29,1,
2166024,3045442,2930454421135864,,29,1,
2166024,3045443,2930454431135864,,29,1,
2166024,3045444,2930454441135864,,29,1,
2166024,3045445,2930454451135864,,29,1,
2166024,3045446,2930454461135864,,29,1,
2166024,3045447,2930454471135864,,29,1,
2166024,3045448,2930454481135864,,29,1,
2166024,2978811,3029788111135864,,30,1,
2166024,2978813,3029788131135864,,30,1,
2166024,2978815,3029788151135864,,30,1,
2166024,2978824,3029788241135864,,30,1,
2166024,3045442,3030454421135864,,30,1,
2166024,3045443,3030454431135864,,30,1,
2166024,3045444,3030454441135864,,30,1,
2166024,3045445,3030454451135864,,30,1,
2166024,3045446,3030454461135864,,30,1,
2166024,3045447,3030454471135864,,30,1,
2166024,3045448,3030454481135864,,30,1,
2166024,2978811,3129788111135864,,31,1,
2166024,2978813,3129788131135864,,31,1,
2166024,2978815,3129788151135864,,31,1,
2166024,2978824,3129788241135864,,31,1,
2166024,3045442,3130454421135864,,31,1,
2166024,3045443,3130454431135864,,31,1,
2166024,3045444,3130454441135864,,31,1,
2166024,3045445,3130454451135864,,31,1,
2166024,3045446,3130454461135864,,31,1,
2166024,3045447,3130454471135864,,31,1,
2166024,3045448,3130454481135864,,31,1,
2166024,2978811,3229788111135864,,32,1,
2166024,2978813,3229788131135864,,32,1,
2166024,2978815,3229788151135864,,32,1,
2166024,2978824,3229788241135864,,32,1,
2166024,3045442,3230454421135864,,32,1,
2166024,3045443,3230454431135864,,32,1,
2166024,3045444,3230454441135864,,32,1,
2166024,3045445,3230454451135864,,32,1,
2166024,3045446,3230454461135864,,32,1,
2166024,3045447,3230454471135864,,32,1,
2166024,3045448,3230454481135864,,32,1,
2166024,2978811,329788111135864,,3,1,
2166024,2978813,329788131135864,,3,1,
2166024,2978815,329788151135864,,3,1,
2166024,2978824,329788241135864,,3,1,
2166024,3045442,330454421135864,,3,1,
2166024,3045443,330454431135864,,3,1,
2166024,3045444,330454441135864,,3,1,
2166024,3045445,330454451135864,,3,1,
2166024,3045446,330454461135864,,3,1,
2166024,3045447,330454471135864,,3,1,
2166024,3045448,330454481135864,,3,1,
2166024,2978811,3329788111135864,,33,1,
2166024,2978813,3329788131135864,,33,1,
2166024,2978815,3329788151135864,,33,1,
2166024,2978824,3329788241135864,,33,1,
2166024,3045442,3330454421135864,,33,1,
2166024,3045443,3330454431135864,,33,1,
2166024,3045444,3330454441135864,,33,1,
2166024,3045445,3330454451135864,,33,1,
2166024,3045446,3330454461135864,,33,1,
2166024,3045447,3330454471135864,,33,1,
2166024,3045448,3330454481135864,,33,1,
2166024,2978811,3429788111135864,,34,1,
2166024,2978813,3429788131135864,,34,1,
2166024,2978815,3429788151135864,,34,1,
2166024,2978824,3429788241135864,,34,1,
2166024,3045442,3430454421135864,,34,1,
2166024,3045443,3430454431135864,,34,1,
2166024,3045444,3430454441135864,,34,1,
2166024,3045445,3430454451135864,,34,1,
2166024,3045446,3430454461135864,,34,1,
2166024,3045447,3430454471135864,,34,1,
2166024,3045448,3430454481135864,,34,1,
2166024,2978811,3529788111135864,,35,1,
2166024,2978813,3529788131135864,,35,1,
2166024,2978815,3529788151135864,,35,1,
2166024,2978824,3529788241135864,,35,1,
2166024,3045442,3530454421135864,,35,1,
2166024,3045443,3530454431135864,,35,1,
2166024,3045444,3530454441135864,,35,1,
2166024,3045445,3530454451135864,,35,1,
2166024,3045446,3530454461135864,,35,1,
2166024,3045447,3530454471135864,,35,1,
2166024,3045448,3530454481135864,,35,1,
2166024,2978811,3629788111135864,,36,1,
2166024,2978813,3629788131135864,,36,1,
2166024,2978815,3629788151135864,,36,1,
2166024,2978824,3629788241135864,,36,1,
2166024,3045442,3630454421135864,,36,1,
2166024,3045443,3630454431135864,,36,1,
2166024,3045444,3630454441135864,,36,1,
2166024,3045445,3630454451135864,,36,1,
2166024,3045446,3630454461135864,,36,1,
2166024,3045447,3630454471135864,,36,1,
2166024,3045448,3630454481135864,,36,1,
2166024,2978811,3729788111135864,,37,1,
2166024,2978813,3729788131135864,,37,1,
2166024,2978815,3729788151135864,,37,1,
2166024,2978824,3729788241135864,,37,1,
2166024,3045442,3730454421135864,,37,1,
2166024,3045443,3730454431135864,,37,1,
2166024,3045444,3730454441135864,,37,1,
2166024,3045445,3730454451135864,,37,1,
2166024,3045446,3730454461135864,,37,1,
2166024,3045447,3730454471135864,,37,1,
2166024,3045448,3730454481135864,,37,1,
2166024,2978811,3829788111135864,,38,1,
2166024,2978813,3829788131135864,,38,1,
2166024,2978815,3829788151135864,,38,1,
2166024,2978824,3829788241135864,,38,1,
2166024,3045442,3830454421135864,,38,1,
2166024,3045443,3830454431135864,,38,1,
2166024,3045444,3830454441135864,,38,1,
2166024,3045445,3830454451135864,,38,1,
2166024,3045446,3830454461135864,,38,1,
2166024,3045447,3830454471135864,,38,1,
2166024,3045448,3830454481135864,,38,1,
2166024,2978811,3929788111135864,,39,1,
2166024,2978813,3929788131135864,,39,1,
2166024,2978815,3929788151135864,,39,1,
2166024,2978824,3929788241135864,,39,1,
2166024,3045442,3930454421135864,,39,1,
2166024,3045443,3930454431135864,,39,1,
2166024,3045444,3930454441135864,,39,1,
2166024,3045445,3930454451135864,,39,1,
2166024,3045446,3930454461135864,,39,1,
2166024,3045447,3930454471135864,,39,1,
2166024,3045448,3930454481135864,,39,1,
2166024,2978811,4029788111135864,,40,1,
2166024,2978813,4029788131135864,,40,1,
2166024,2978815,4029788151135864,,40,1,
2166024,2978824,4029788241135864,,40,1,
2166024,3045442,4030454421135864,,40,1,
2166024,3045443,4030454431135864,,40,1,
2166024,3045444,4030454441135864,,40,1,
2166024,3045445,4030454451135864,,40,1,
2166024,3045446,4030454461135864,,40,1,
2166024,3045447,4030454471135864,,40,1,
2166024,3045448,4030454481135864,,40,1,
2166024,2978811,4129788111135864,,41,1,
2166024,2978813,4129788131135864,,41,1,
2166024,2978815,4129788151135864,,41,1,
2166024,2978824,4129788241135864,,41,1,
2166024,3045442,4130454421135864,,41,1,
2166024,3045443,4130454431135864,,41,1,
2166024,3045444,4130454441135864,,41,1,
2166024,3045445,4130454451135864,,41,1,
2166024,3045446,4130454461135864,,41,1,
2166024,3045447,4130454471135864,,41,1,
2166024,3045448,4130454481135864,,41,1,
2166024,2978811,4229788111135864,,42,1,
2166024,2978813,4229788131135864,,42,1,
2166024,2978815,4229788151135864,,42,1,
2166024,2978824,4229788241135864,,42,1,
2166024,3045442,4230454421135864,,42,1,
2166024,3045443,4230454431135864,,42,1,
2166024,3045444,4230454441135864,,42,1,
2166024,3045445,4230454451135864,,42,1,
2166024,3045446,4230454461135864,,42,1,
2166024,3045447,4230454471135864,,42,1,
2166024,3045448,4230454481135864,,42,1,
2166024,2978811,429788111135864,,4,1,
2166024,2978813,429788131135864,,4,1,
2166024,2978815,429788151135864,,4,1,
2166024,2978824,429788241135864,,4,1,
2166024,3045442,430454421135864,,4,1,
2166024,3045443,430454431135864,,4,1,
2166024,3045444,430454441135864,,4,1,
2166024,3045445,430454451135864,,4,1,
2166024,3045446,430454461135864,,4,1,
2166024,3045447,430454471135864,,4,1,
2166024,3045448,430454481135864,,4,1,
2166024,2978811,4329788111135864,,43,1,
2166024,2978813,4329788131135864,,43,1,
2166024,2978815,4329788151135864,,43,1,
2166024,2978824,4329788241135864,,43,1,
2166024,3045442,4330454421135864,,43,1,
2166024,3045443,4330454431135864,,43,1,
2166024,3045444,4330454441135864,,43,1,
2166024,3045445,4330454451135864,,43,1,
2166024,3045446,4330454461135864,,43,1,
2166024,3045447,4330454471135864,,43,1,
2166024,3045448,4330454481135864,,43,1,
2166024,2978811,4429788111135864,,44,1,
2166024,2978813,4429788131135864,,44,1,
2166024,2978815,4429788151135864,,44,1,
2166024,2978824,4429788241135864,,44,1,
2166024,3045442,4430454421135864,,44,1,
2166024,3045443,4430454431135864,,44,1,
2166024,3045444,4430454441135864,,44,1,
2166024,3045445,4430454451135864,,44,1,
2166024,3045446,4430454461135864,,44,1,
2166024,3045447,4430454471135864,,44,1,
2166024,3045448,4430454481135864,,44,1,
2166024,2978811,4529788111135864,,45,1,
2166024,2978813,4529788131135864,,45,1,
2166024,2978815,4529788151135864,,45,1,
2166024,2978824,4529788241135864,,45,1,
2166024,3045442,4530454421135864,,45,1,
2166024,3045443,4530454431135864,,45,1,
2166024,3045444,4530454441135864,,45,1,
2166024,3045445,4530454451135864,,45,1,
2166024,3045446,4530454461135864,,45,1,
2166024,3045447,4530454471135864,,45,1,
2166024,3045448,4530454481135864,,45,1,
2166024,2978811,4629788111135864,,46,1,
2166024,2978813,4629788131135864,,46,1,
2166024,2978815,4629788151135864,,46,1,
2166024,2978824,4629788241135864,,46,1,
2166024,13045442,4630454421135864,,46,1,
2166024,13045443,4630454431135864,,46,1,
2166024,3045444,4630454441135864,,46,1,
2166024,3045445,4630454451135864,,46,1,
2166024,3045446,4630454461135864,,46,1,
2166024,3045447,4630454471135864,,46,1,
2166024,3045448,4630454481135864,,46,1,
2166024,2978811,4729788111135864,,47,1,
2166024,2978813,4729788131135864,,47,1,
2166024,2978815,4729788151135864,,47,1,
2166024,2978824,4729788241135864,,47,1,
2166024,13045442,4730454421135864,,47,1,
2166024,13045443,4730454431135864,,47,1,
2166024,3045444,4730454441135864,,47,1,
2166024,3045445,4730454451135864,,47,1,
2166024,3045446,4730454461135864,,47,1,
2166024,3045447,4730454471135864,,47,1,
2166024,3045448,4730454481135864,,47,1,
2166024,2978811,4829788111135864,,48,1,
2166024,2978813,4829788131135864,,48,1,
2166024,2978815,4829788151135864,,48,1,
2166024,2978824,4829788241135864,,48,1,
2166024,13045442,4830454421135864,,48,1,
2166024,3045444,4830454441135864,,48,1,
2166024,3045445,4830454451135864,,48,1,
2166024,3045446,4830454461135864,,48,1,
2166024,3045447,4830454471135864,,48,1,
2166024,3045448,4830454481135864,,48,1,
2166024,2978811,4929788111135864,,49,1,
2166024,2978813,4929788131135864,,49,1,
2166024,2978815,4929788151135864,,49,1,
2166024,2978824,4929788241135864,,49,1,
2166024,13045442,4930454421135864,,49,1,
2166024,3045444,4930454441135864,,49,1,
2166024,3045445,4930454451135864,,49,1,
2166024,3045446,4930454461135864,,49,1,
2166024,3045447,4930454471135864,,49,1,
2166024,3045448,4930454481135864,,49,1,
2166024,2978811,5029788111135864,,50,1,
2166024,2978813,5029788131135864,,50,1,
2166024,2978815,5029788151135864,,50,1,
2166024,2978824,5029788241135864,,50,1,
2166024,3045444,5030454441135864,,50,1,
2166024,3045445,5030454451135864,,50,1,
2166024,3045446,5030454461135864,,50,1,
2166024,3045447,5030454471135864,,50,1,
2166024,3045448,5030454481135864,,50,1,
2166024,2978811,5129788111135864,,51,1,
2166024,2978813,5129788131135864,,51,1,
2166024,2978815,5129788151135864,,51,1,
2166024,2978824,5129788241135864,,51,1,
2166024,3045444,5130454441135864,,51,1,
2166024,3045445,5130454451135864,,51,1,
2166024,3045446,5130454461135864,,51,1,
2166024,3045447,5130454471135864,,51,1,
2166024,3045448,5130454481135864,,51,1,
2166024,2978811,5229788111135864,,52,1,
2166024,2978813,5229788131135864,,52,1,
2166024,2978815,5229788151135864,,52,1,
2166024,2978824,5229788241135864,,52,1,
2166024,3045444,5230454441135864,,52,1,
2166024,3045445,5230454451135864,,52,1,
2166024,3045446,5230454461135864,,52,1,
2166024,3045447,5230454471135864,,52,1,
2166024,3045448,5230454481135864,,52,1,
2166024,2978811,529788111135864,,5,1,
2166024,2978813,529788131135864,,5,1,
2166024,2978815,529788151135864,,5,1,
2166024,2978824,529788241135864,,5,1,
2166024,3045442,530454421135864,,5,1,
2166024,3045443,530454431135864,,5,1,
2166024,3045444,530454441135864,,5,1,
2166024,3045445,530454451135864,,5,1,
2166024,3045446,530454461135864,,5,1,
2166024,3045447,530454471135864,,5,1,
2166024,3045448,530454481135864,,5,1,
2166024,2978811,5329788111135864,,53,1,
2166024,2978813,5329788131135864,,53,1,
2166024,2978815,5329788151135864,,53,1,
2166024,2978824,5329788241135864,,53,1,
2166024,3045444,5330454441135864,,53,1,
2166024,3045445,5330454451135864,,53,1,
2166024,3045446,5330454461135864,,53,1,
2166024,3045447,5330454471135864,,53,1,
2166024,3045448,5330454481135864,,53,1,
2166024,2978811,5429788111135864,,54,1,
2166024,2978813,5429788131135864,,54,1,
2166024,2978815,5429788151135864,,54,1,
2166024,2978824,5429788241135864,,54,1,
2166024,3045444,5430454441135864,,54,1,
2166024,3045445,5430454451135864,,54,1,
2166024,3045446,5430454461135864,,54,1,
2166024,3045447,5430454471135864,,54,1,
2166024,3045448,5430454481135864,,54,1,
2166024,2978811,5529788111135864,,55,1,
2166024,2978813,5529788131135864,,55,1,
2166024,2978815,5529788151135864,,55,1,
2166024,2978824,5529788241135864,,55,1,
2166024,3045444,5530454441135864,,55,1,
2166024,3045445,5530454451135864,,55,1,
2166024,3045446,5530454461135864,,55,1,
2166024,3045447,5530454471135864,,55,1,
2166024,3045448,5530454481135864,,55,1,
2166024,2978811,5629788111135864,,56,1,
2166024,2978813,5629788131135864,,56,1,
2166024,2978815,5629788151135864,,56,1,
2166024,2978824,5629788241135864,,56,1,
2166024,3045444,5630454441135864,,56,1,
2166024,3045445,5630454451135864,,56,1,
2166024,3045446,5630454461135864,,56,1,
2166024,3045447,5630454471135864,,56,1,
2166024,3045448,5630454481135864,,56,1,
2166024,2978811,5729788111135864,,57,1,
2166024,2978813,5729788131135864,,57,1,
2166024,2978815,5729788151135864,,57,1,
2166024,2978824,5729788241135864,,57,1,
2166024,3045444,5730454441135864,,57,1,
2166024,3045445,5730454451135864,,57,1,
2166024,3045446,5730454461135864,,57,1,
2166024,3045447,5730454471135864,,57,1,
2166024,3045448,5730454481135864,,57,1,
2166024,2978811,5829788111135864,,58,1,
2166024,2978813,5829788131135864,,58,1,
2166024,2978815,5829788151135864,,58,1,
2166024,2978824,5829788241135864,,58,1,
2166024,3045444,5830454441135864,,58,1,
2166024,3045445,5830454451135864,,58,1,
2166024,3045446,5830454461135864,,58,1,
2166024,3045447,5830454471135864,,58,1,
2166024,3045448,5830454481135864,,58,1,
2166024,2978811,5929788111135864,,59,1,
2166024,2978813,5929788131135864,,59,1,
2166024,2978815,5929788151135864,,59,1,
2166024,2978824,5929788241135864,,59,1,
2166024,3045444,5930454441135864,,59,1,
2166024,3045445,5930454451135864,,59,1,
2166024,3045446,5930454461135864,,59,1,
2166024,3045447,5930454471135864,,59,1,
2166024,3045448,5930454481135864,,59,1,
2166024,2978811,6029788111135864,,60,1,
2166024,2978813,6029788131135864,,60,1,
2166024,2978815,6029788151135864,,60,1,
2166024,2978824,6029788241135864,,60,1,
2166024,3045444,6030454441135864,,60,1,
2166024,3045445,6030454451135864,,60,1,
2166024,3045446,6030454461135864,,60,1,
2166024,3045447,6030454471135864,,60,1,
2166024,3045448,6030454481135864,,60,1,
2166024,2978811,6129788111135864,,61,1,
2166024,2978813,6129788131135864,,61,1,
2166024,2978815,6129788151135864,,61,1,
2166024,2978824,6129788241135864,,61,1,
2166024,3045444,6130454441135864,,61,1,
2166024,3045445,6130454451135864,,61,1,
2166024,3045446,6130454461135864,,61,1,
2166024,3045447,6130454471135864,,61,1,
2166024,3045448,6130454481135864,,61,1,
2166024,2978811,6229788111135864,,62,1,
2166024,2978813,6229788131135864,,62,1,
2166024,2978815,6229788151135864,,62,1,
2166024,2978824,6229788241135864,,62,1,
2166024,3045444,6230454441135864,,62,1,
2166024,3045445,6230454451135864,,62,1,
2166024,3045446,6230454461135864,,62,1,
2166024,3045447,6230454471135864,,62,1,
2166024,3045448,6230454481135864,,62,1,
2166024,2978811,629788111135864,,6,1,
2166024,2978813,629788131135864,,6,1,
2166024,2978815,629788151135864,,6,1,
2166024,2978824,629788241135864,,6,1,
2166024,3045442,630454421135864,,6,1,
2166024,3045443,630454431135864,,6,1,
2166024,3045444,630454441135864,,6,1,
2166024,3045445,630454451135864,,6,1,
2166024,3045446,630454461135864,,6,1,
2166024,3045447,630454471135864,,6,1,
2166024,3045448,630454481135864,,6,1,
2166024,2978811,6329788111135864,,63,1,
2166024,2978813,6329788131135864,,63,1,
2166024,2978815,6329788151135864,,63,1,
2166024,2978824,6329788241135864,,63,1,
2166024,3045444,6330454441135864,,63,1,
2166024,3045445,6330454451135864,,63,1,
2166024,3045446,6330454461135864,,63,1,
2166024,3045447,6330454471135864,,63,1,
2166024,3045448,6330454481135864,,63,1,
2166024,2978811,6429788111135864,,64,1,
2166024,2978813,6429788131135864,,64,1,
2166024,2978815,6429788151135864,,64,1,
2166024,2978824,6429788241135864,,64,1,
2166024,3045444,6430454441135864,,64,1,
2166024,3045445,6430454451135864,,64,1,
2166024,3045446,6430454461135864,,64,1,
2166024,3045447,6430454471135864,,64,1,
2166024,3045448,6430454481135864,,64,1,
2166024,2978811,6529788111135864,,65,1,
2166024,2978813,6529788131135864,,65,1,
2166024,2978815,6529788151135864,,65,1,
2166024,2978824,6529788241135864,,65,1,
2166024,3045444,6530454441135864,,65,1,
2166024,3045445,6530454451135864,,65,1,
2166024,3045446,6530454461135864,,65,1,
2166024,3045447,6530454471135864,,65,1,
2166024,3045448,6530454481135864,,65,1,
2166024,2978811,6629788111135864,,66,1,
2166024,2978813,6629788131135864,,66,1,
2166024,2978815,6629788151135864,,66,1,
2166024,2978824,6629788241135864,,66,1,
2166024,3045444,6630454441135864,,66,1,
2166024,3045445,6630454451135864,,66,1,
2166024,3045446,6630454461135864,,66,1,
2166024,3045447,6630454471135864,,66,1,
2166024,3045448,6630454481135864,,66,1,
2166024,2978811,6729788111135864,,67,1,
2166024,2978813,6729788131135864,,67,1,
2166024,2978815,6729788151135864,,67,1,
2166024,2978824,6729788241135864,,67,1,
2166024,3045444,6730454441135864,,67,1,
2166024,3045445,6730454451135864,,67,1,
2166024,3045446,6730454461135864,,67,1,
2166024,3045447,6730454471135864,,67,1,
2166024,3045448,6730454481135864,,67,1,
2166024,2978811,6829788111135864,,68,1,
2166024,2978813,6829788131135864,,68,1,
2166024,2978815,6829788151135864,,68,1,
2166024,2978824,6829788241135864,,68,1,
2166024,3045444,6830454441135864,,68,1,
2166024,3045445,6830454451135864,,68,1,
2166024,3045446,6830454461135864,,68,1,
2166024,3045447,6830454471135864,,68,1,
2166024,3045448,6830454481135864,,68,1,
2166024,2978811,6929788111135864,,69,1,
2166024,2978813,6929788131135864,,69,1,
2166024,2978815,6929788151135864,,69,1,
2166024,2978824,6929788241135864,,69,1,
2166024,3045444,6930454441135864,,69,1,
2166024,3045445,6930454451135864,,69,1,
2166024,3045446,6930454461135864,,69,1,
2166024,3045447,6930454471135864,,69,1,
2166024,3045448,6930454481135864,,69,1,
2166024,2978811,7029788111135864,,70,1,
2166024,2978813,7029788131135864,,70,1,
2166024,2978815,7029788151135864,,70,1,
2166024,2978824,7029788241135864,,70,1,
2166024,3045444,7030454441135864,,70,1,
2166024,3045445,7030454451135864,,70,1,
2166024,3045446,7030454461135864,,70,1,
2166024,3045447,7030454471135864,,70,1,
2166024,3045448,7030454481135864,,70,1,
2166024,2978811,7129788111135864,,71,1,
2166024,2978813,7129788131135864,,71,1,
2166024,2978815,7129788151135864,,71,1,
2166024,2978824,7129788241135864,,71,1,
2166024,3045444,7130454441135864,,71,1,
2166024,3045445,7130454451135864,,71,1,
2166024,3045446,7130454461135864,,71,1,
2166024,3045447,7130454471135864,,71,1,
2166024,3045448,7130454481135864,,71,1,
2166024,2978811,7229788111135864,,72,1,
2166024,2978813,7229788131135864,,72,1,
2166024,12978815,7229788151135864,,72,1,
2166024,2978824,7229788241135864,,72,1,
2166024,3045444,7230454441135864,,72,1,
2166024,3045445,7230454451135864,,72,1,
2166024,3045446,7230454461135864,,72,1,
2166024,3045447,7230454471135864,,72,1,
2166024,3045448,7230454481135864,,72,1,
2166024,2978811,729788111135864,,7,1,
2166024,2978813,729788131135864,,7,1,
2166024,2978815,729788151135864,,7,1,
2166024,2978824,729788241135864,,7,1,
2166024,3045442,730454421135864,,7,1,
2166024,3045443,730454431135864,,7,1,
2166024,3045444,730454441135864,,7,1,
2166024,3045445,730454451135864,,7,1,
2166024,3045446,730454461135864,,7,1,
2166024,3045447,730454471135864,,7,1,
2166024,3045448,730454481135864,,7,1,
2166024,2978811,7329788111135864,,73,1,
2166024,2978813,7329788131135864,,73,1,
2166024,12978815,7329788151135864,,73,1,
2166024,2978824,7329788241135864,,73,1,
2166024,3045444,7330454441135864,,73,1,
2166024,3045445,7330454451135864,,73,1,
2166024,3045446,7330454461135864,,73,1,
2166024,3045447,7330454471135864,,73,1,
2166024,3045448,7330454481135864,,73,1,
2166024,2978811,7429788111135864,,74,1,
2166024,2978813,7429788131135864,,74,1,
2166024,12978815,7429788151135864,,74,1,
2166024,2978824,7429788241135864,,74,1,
2166024,3045444,7430454441135864,,74,1,
2166024,3045445,7430454451135864,,74,1,
2166024,3045446,7430454461135864,,74,1,
2166024,13045447,7430454471135864,,74,1,
2166024,3045448,7430454481135864,,74,1,
2166024,2978811,7529788111135864,,75,1,
2166024,2978813,7529788131135864,,75,1,
2166024,12978815,7529788151135864,,75,1,
2166024,2978824,7529788241135864,,75,1,
2166024,3045444,7530454441135864,,75,1,
2166024,3045445,7530454451135864,,75,1,
2166024,3045446,7530454461135864,,75,1,
2166024,13045447,7530454471135864,,75,1,
2166024,3045448,7530454481135864,,75,1,
2166024,2978811,7629788111135864,,76,1,
2166024,2978813,7629788131135864,,76,1,
2166024,2978824,7629788241135864,,76,1,
2166024,3045444,7630454441135864,,76,1,
2166024,3045445,7630454451135864,,76,1,
2166024,3045446,7630454461135864,,76,1,
2166024,13045447,7630454471135864,,76,1,
2166024,3045448,7630454481135864,,76,1,
2166024,2978811,7729788111135864,,77,1,
2166024,2978813,7729788131135864,,77,1,
2166024,2978824,7729788241135864,,77,1,
2166024,3045444,7730454441135864,,77,1,
2166024,3045445,7730454451135864,,77,1,
2166024,3045446,7730454461135864,,77,1,
2166024,13045447,7730454471135864,,77,1,
2166024,3045448,7730454481135864,,77,1,
2166024,2978811,7829788111135864,,78,1,
2166024,2978813,7829788131135864,,78,1,
2166024,2978824,7829788241135864,,78,1,
2166024,3045444,7830454441135864,,78,1,
2166024,3045445,7830454451135864,,78,1,
2166024,3045446,7830454461135864,,78,1,
2166024,3045448,7830454481135864,,78,1,
2166024,2978811,7929788111135864,,79,1,
2166024,2978813,7929788131135864,,79,1,
2166024,2978824,7929788241135864,,79,1,
2166024,3045444,7930454441135864,,79,1,
2166024,3045445,7930454451135864,,79,1,
2166024,3045446,7930454461135864,,79,1,
2166024,3045448,7930454481135864,,79,1,
2166024,2978811,8029788111135864,,80,1,
2166024,2978813,8029788131135864,,80,1,
2166024,2978824,8029788241135864,,80,1,
2166024,3045444,8030454441135864,,80,1,
2166024,3045445,8030454451135864,,80,1,
2166024,3045446,8030454461135864,,80,1,
2166024,3045448,8030454481135864,,80,1,
2166024,2978811,8129788111135864,,81,1,
2166024,2978813,8129788131135864,,81,1,
2166024,2978824,8129788241135864,,81,1,
2166024,3045444,8130454441135864,,81,1,
2166024,3045445,8130454451135864,,81,1,
2166024,3045446,8130454461135864,,81,1,
2166024,3045448,8130454481135864,,81,1,
2166024,2978811,8229788111135864,,82,1,
2166024,2978813,8229788131135864,,82,1,
2166024,2978824,8229788241135864,,82,1,
2166024,3045444,8230454441135864,,82,1,
2166024,3045445,8230454451135864,,82,1,
2166024,3045446,8230454461135864,,82,1,
2166024,3045448,8230454481135864,,82,1,
2166024,2978811,829788111135864,,8,1,
2166024,2978813,829788131135864,,8,1,
2166024,2978815,829788151135864,,8,1,
2166024,2978824,829788241135864,,8,1,
2166024,3045442,830454421135864,,8,1,
2166024,3045443,830454431135864,,8,1,
2166024,3045444,830454441135864,,8,1,
2166024,3045445,830454451135864,,8,1,
2166024,3045446,830454461135864,,8,1,
2166024,3045447,830454471135864,,8,1,
2166024,3045448,830454481135864,,8,1,
2166024,2978811,8329788111135864,,83,1,
2166024,2978813,8329788131135864,,83,1,
2166024,2978824,8329788241135864,,83,1,
2166024,3045444,8330454441135864,,83,1,
2166024,3045445,8330454451135864,,83,1,
2166024,3045446,8330454461135864,,83,1,
2166024,3045448,8330454481135864,,83,1,
2166024,2978811,8429788111135864,,84,1,
2166024,2978813,8429788131135864,,84,1,
2166024,2978824,8429788241135864,,84,1,
2166024,13045444,8430454441135864,,84,1,
2166024,3045445,8430454451135864,,84,1,
2166024,3045446,8430454461135864,,84,1,
2166024,13045448,8430454481135864,,84,1,
2166024,2978811,8529788111135864,,85,1,
2166024,2978813,8529788131135864,,85,1,
2166024,2978824,8529788241135864,,85,1,
2166024,13045444,8530454441135864,,85,1,
2166024,3045445,8530454451135864,,85,1,
2166024,3045446,8530454461135864,,85,1,
2166024,13045448,8530454481135864,,85,1,
2166024,2978811,8629788111135864,,86,1,
2166024,2978813,8629788131135864,,86,1,
2166024,2978824,8629788241135864,,86,1,
2166024,3045445,8630454451135864,,86,1,
2166024,3045446,8630454461135864,,86,1,
2166024,13045448,8630454481135864,,86,1,
2166024,2978811,8729788111135864,,87,1,
2166024,2978813,8729788131135864,,87,1,
2166024,2978824,8729788241135864,,87,1,
2166024,3045445,8730454451135864,,87,1,
2166024,3045446,8730454461135864,,87,1,
2166024,13045448,8730454481135864,,87,1,
2166024,2978811,8829788111135864,,88,1,
2166024,2978813,8829788131135864,,88,1,
2166024,2978824,8829788241135864,,88,1,
2166024,3045445,8830454451135864,,88,1,
2166024,3045446,8830454461135864,,88,1,
2166024,2978811,8929788111135864,,89,1,
2166024,2978813,8929788131135864,,89,1,
2166024,2978824,8929788241135864,,89,1,
2166024,3045445,8930454451135864,,89,1,
2166024,3045446,8930454461135864,,89,1,
2166024,2978811,9029788111135864,,90,1,
2166024,2978813,9029788131135864,,90,1,
2166024,2978824,9029788241135864,,90,1,
2166024,3045445,9030454451135864,,90,1,
2166024,3045446,9030454461135864,,90,1,
2166024,2978811,9129788111135864,,91,1,
2166024,2978813,9129788131135864,,91,1,
2166024,2978824,9129788241135864,,91,1,
2166024,3045445,9130454451135864,,91,1,
2166024,3045446,9130454461135864,,91,1,
2166024,12978811,9229788111135864,,92,1,
2166024,12978813,9229788131135864,,92,1,
2166024,2978824,9229788241135864,,92,1,
2166024,3045445,9230454451135864,,92,1,
2166024,3045446,9230454461135864,,92,1,
2166024,2978811,929788111135864,,9,1,
2166024,2978813,929788131135864,,9,1,
2166024,2978815,929788151135864,,9,1,
2166024,2978824,929788241135864,,9,1,
2166024,3045442,930454421135864,,9,1,
2166024,3045443,930454431135864,,9,1,
2166024,3045444,930454441135864,,9,1,
2166024,3045445,930454451135864,,9,1,
2166024,3045446,930454461135864,,9,1,
2166024,3045447,930454471135864,,9,1,
2166024,3045448,930454481135864,,9,1,
2166024,12978811,9329788111135864,,93,1,
2166024,12978813,9329788131135864,,93,1,
2166024,2978824,9329788241135864,,93,1,
2166024,3045445,9330454451135864,,93,1,
2166024,3045446,9330454461135864,,93,1,
2166024,2978824,9429788241135864,,94,1,
2166024,3045445,9430454451135864,,94,1,
2166024,3045446,9430454461135864,,94,1,
2166024,2978824,9529788241135864,,95,1,
2166024,3045445,9530454451135864,,95,1,
2166024,3045446,9530454461135864,,95,1,
2166024,2978824,9629788241135864,,96,1,
2166024,3045445,9630454451135864,,96,1,
2166024,3045446,9630454461135864,,96,1,
2166024,2978824,9729788241135864,,97,1,
2166024,3045445,9730454451135864,,97,1,
2166024,3045446,9730454461135864,,97,1,
2166024,2978824,9829788241135864,,98,1,
2166024,3045445,9830454451135864,,98,1,
2166024,3045446,9830454461135864,,98,1,
2166024,2978824,9929788241135864,,99,1,
2166024,3045445,9930454451135864,,99,1,
2166024,3045446,9930454461135864,,99,1,
2166024,12978824,1029788241135860,,10,1,
2166024,13045445,1030454451135860,,10,1,
2166024,13045446,1030454461135860,,10,1,
2166024,2978811,129788111135860,,1,1,
2166024,2978813,129788131135860,,1,1,
2166024,2978815,129788151135860,,1,1,
2166024,2978824,129788241135860,,1,1,
2166024,3045442,130454421135860,,1,1,
2166024,3045443,130454431135860,,1,1,
2166024,3045444,130454441135860,,1,1,
2166024,3045445,130454451135860,,1,1,
2166024,3045446,130454461135860,,1,1,
2166024,3045447,130454471135860,,1,1,
2166024,3045448,130454481135860,,1,1,
2166024,2978811,229788111135860,,2,1,
2166024,2978813,229788131135860,,2,1,
2166024,12978815,229788151135860,,2,1,
2166024,2978824,229788241135860,,2,1,
2166024,3045442,230454421135860,,2,1,
2166024,3045443,230454431135860,,2,1,
2166024,3045444,230454441135860,,2,1,
2166024,3045445,230454451135860,,2,1,
2166024,3045446,230454461135860,,2,1,
2166024,3045447,230454471135860,,2,1,
2166024,3045448,230454481135860,,2,1,
2166024,2978811,329788111135860,,3,1,
2166024,2978813,329788131135860,,3,1,
2166024,12978815,329788151135860,,3,1,
2166024,2978824,329788241135860,,3,1,
2166024,3045442,330454421135860,,3,1,
2166024,3045443,330454431135860,,3,1,
2166024,3045444,330454441135860,,3,1,
2166024,3045445,330454451135860,,3,1,
2166024,3045446,330454461135860,,3,1,
2166024,13045447,330454471135860,,3,1,
2166024,3045448,330454481135860,,3,1,
2166024,2978811,429788111135860,,4,1,
2166024,2978813,429788131135860,,4,1,
2166024,12978815,429788151135860,,4,1,
2166024,2978824,429788241135860,,4,1,
2166024,3045442,430454421135860,,4,1,
2166024,3045443,430454431135860,,4,1,
2166024,13045444,430454441135860,,4,1,
2166024,3045445,430454451135860,,4,1,
2166024,3045446,430454461135860,,4,1,
2166024,13045447,430454471135860,,4,1,
2166024,13045448,430454481135860,,4,1,
2166024,12978811,529788111135860,,5,1,
2166024,12978813,529788131135860,,5,1,
2166024,2978824,529788241135860,,5,1,
2166024,13045442,530454421135860,,5,1,
2166024,13045443,530454431135860,,5,1,
2166024,13045444,530454441135860,,5,1,
2166024,3045445,530454451135860,,5,1,
2166024,3045446,530454461135860,,5,1,
2166024,13045447,530454471135860,,5,1,
2166024,13045448,530454481135860,,5,1,
2166024,12978811,629788111135860,,6,1,
2166024,12978813,629788131135860,,6,1,
2166024,2978824,629788241135860,,6,1,
2166024,13045442,630454421135860,,6,1,
2166024,13045443,630454431135860,,6,1,
2166024,13045444,630454441135860,,6,1,
2166024,3045445,630454451135860,,6,1,
2166024,3045446,630454461135860,,6,1,
2166024,13045448,630454481135860,,6,1,
2166024,12978811,729788111135860,,7,1,
2166024,12978813,729788131135860,,7,1,
2166024,2978824,729788241135860,,7,1,
2166024,3045445,730454451135860,,7,1,
2166024,3045446,730454461135860,,7,1,
2166024,12978824,829788241135860,,8,1,
2166024,13045445,830454451135860,,8,1,
2166024,13045446,830454461135860,,8,1,
2166024,12978824,929788241135860,,9,1,
2166024,13045445,930454451135860,,9,1,
2166024,13045446,930454461135860,,9,1,
2166024,2978811,129788111135865,,1,1,
2166024,2978813,129788131135865,,1,1,
2166024,2978815,129788151135865,,1,1,
2166024,2978824,129788241135865,,1,1,
2166024,3045442,130454421135865,,1,1,
2166024,3045443,130454431135865,,1,1,
2166024,3045444,130454441135865,,1,1,
2166024,3045445,130454451135865,,1,1,
2166024,3045446,130454461135865,,1,1,
2166024,3045447,130454471135865,,1,1,
2166024,3045448,130454481135865,,1,1,
2166024,2978811,229788111135865,,2,1,
2166024,2978813,229788131135865,,2,1,
2166024,2978815,229788151135865,,2,1,
2166024,2978824,229788241135865,,2,1,
2166024,3045442,230454421135865,,2,1,
2166024,3045443,230454431135865,,2,1,
2166024,3045444,230454441135865,,2,1,
2166024,3045445,230454451135865,,2,1,
2166024,3045446,230454461135865,,2,1,
2166024,3045447,230454471135865,,2,1,
2166024,3045448,230454481135865,,2,1,
2166024,2978811,329788111135865,,3,1,
2166024,2978813,329788131135865,,3,1,
2166024,2978815,329788151135865,,3,1,
2166024,2978824,329788241135865,,3,1,
2166024,3045442,330454421135865,,3,1,
2166024,3045443,330454431135865,,3,1,
2166024,3045444,330454441135865,,3,1,
2166024,3045445,330454451135865,,3,1,
2166024,3045446,330454461135865,,3,1,
2166024,3045447,330454471135865,,3,1,
2166024,3045448,330454481135865,,3,1,
2166024,2978811,429788111135865,,4,1,
2166024,2978813,429788131135865,,4,1,
2166024,2978815,429788151135865,,4,1,
2166024,2978824,429788241135865,,4,1,
2166024,3045442,430454421135865,,4,1,
2166024,3045443,430454431135865,,4,1,
2166024,3045444,430454441135865,,4,1,
2166024,3045445,430454451135865,,4,1,
2166024,3045446,430454461135865,,4,1,
2166024,3045447,430454471135865,,4,1,
2166024,3045448,430454481135865,,4,1,
2166024,2978811,529788111135865,,5,1,
2166024,2978813,529788131135865,,5,1,
2166024,2978815,529788151135865,,5,1,
2166024,2978824,529788241135865,,5,1,
2166024,3045442,530454421135865,,5,1,
2166024,3045443,530454431135865,,5,1,
2166024,3045444,530454441135865,,5,1,
2166024,3045445,530454451135865,,5,1,
2166024,3045446,530454461135865,,5,1,
2166024,3045447,530454471135865,,5,1,
2166024,3045448,530454481135865,,5,1,
2166024,2978811,629788111135865,,6,1,
2166024,2978813,629788131135865,,6,1,
2166024,2978824,629788241135865,,6,1,
2166024,3045442,630454421135865,,6,1,
2166024,3045444,630454441135865,,6,1,
2166024,3045445,630454451135865,,6,1,
2166024,3045446,630454461135865,,6,1,
2166024,3045447,630454471135865,,6,1,
2166024,3045448,630454481135865,,6,1,
2166024,2978824,729788241135865,,7,1,
2166024,3045445,730454451135865,,7,1,
2166024,3045446,730454461135865,,7,1,
2166024,3045447,730454471135865,,7,1,
2166024,2978824,829788241135865,,8,1,
2166024,3045445,830454451135865,,8,1,
2166024,3045446,830454461135865,,8,1,
2166024,2978824,929788241135865,,9,1,
2166024,3045445,930454451135865,,9,1,
2166024,3045446,930454461135865,,9,1,
2166024,2978824,129788241715615,,1,1,
2166024,3045445,130454451715615,,1,1,
2166024,3045446,130454461715615,,1,1,
