route_id,service_id,trip_id,trip_headsign,trip_short_name,direction_id,shape_id
2178513,3107585,10031075851302341,,100,0,
2178513,3107586,10031075861302341,,100,0,
2178513,3107587,10031075871302341,,100,0,
2178513,3107588,10031075881302341,,100,0,
2178513,3107589,10031075891302341,,100,0,
2178513,3107590,10031075901302341,,100,0,
2178513,3107591,10031075911302341,,100,0,
2178513,3107585,10131075851302341,,101,0,
2178513,3107586,10131075861302341,,101,0,
2178513,3107587,10131075871302341,,101,0,
2178513,3107588,10131075881302341,,101,0,
2178513,3107589,10131075891302341,,101,0,
2178513,3107590,10131075901302341,,101,0,
2178513,3107591,10131075911302341,,101,0,
2178513,3107585,10231075851302341,,102,0,
2178513,3107586,10231075861302341,,102,0,
2178513,3107587,10231075871302341,,102,0,
2178513,3107588,10231075881302341,,102,0,
2178513,3107589,10231075891302341,,102,0,
2178513,3107590,10231075901302341,,102,0,
2178513,3107591,10231075911302341,,102,0,
2178513,3107585,1031075851302341,,10,0,
2178513,3107586,1031075861302341,,10,0,
2178513,3107587,1031075871302341,,10,0,
2178513,3107588,1031075881302341,,10,0,
2178513,3107589,1031075891302341,,10,0,
2178513,3107590,1031075901302341,,10,0,
2178513,3107591,1031075911302341,,10,0,
2178513,3107585,10331075851302341,,103,0,
2178513,3107586,10331075861302341,,103,0,
2178513,3107587,10331075871302341,,103,0,
2178513,3107588,10331075881302341,,103,0,
2178513,3107589,10331075891302341,,103,0,
2178513,3107590,10331075901302341,,103,0,
2178513,3107591,10331075911302341,,103,0,
2178513,13107585,10431075851302341,,104,0,
2178513,3107586,10431075861302341,,104,0,
2178513,3107587,10431075871302341,,104,0,
2178513,3107588,10431075881302341,,104,0,
2178513,3107589,10431075891302341,,104,0,
2178513,3107590,10431075901302341,,104,0,
2178513,3107591,10431075911302341,,104,0,
2178513,13107585,10531075851302341,,105,0,
2178513,3107586,10531075861302341,,105,0,
2178513,3107587,10531075871302341,,105,0,
2178513,3107588,10531075881302341,,105,0,
2178513,3107589,10531075891302341,,105,0,
2178513,3107590,10531075901302341,,105,0,
2178513,3107591,10531075911302341,,105,0,
2178513,13107585,10631075851302341,,106,0,
2178513,3107586,10631075861302341,,106,0,
2178513,3107587,10631075871302341,,106,0,
2178513,3107588,10631075881302341,,106,0,
2178513,3107589,10631075891302341,,106,0,
2178513,3107590,10631075901302341,,106,0,
2178513,3107591,10631075911302341,,106,0,
2178513,3107586,10731075861302341,,107,0,
2178513,3107587,10731075871302341,,107,0,
2178513,3107588,10731075881302341,,107,0,
2178513,3107589,10731075891302341,,107,0,
2178513,3107590,10731075901302341,,107,0,
2178513,3107591,10731075911302341,,107,0,
2178513,3107586,10831075861302341,,108,0,
2178513,3107587,10831075871302341,,108,0,
2178513,3107588,10831075881302341,,108,0,
2178513,13107589,10831075891302341,,108,0,
2178513,3107590,10831075901302341,,108,0,
2178513,3107591,10831075911302341,,108,0,
2178513,3107586,10931075861302341,,109,0,
2178513,3107587,10931075871302341,,109,0,
2178513,3107588,10931075881302341,,109,0,
2178513,13107589,10931075891302341,,109,0,
2178513,3107590,10931075901302341,,109,0,
2178513,3107591,10931075911302341,,109,0,
2178513,3107586,11031075861302341,,110,0,
2178513,3107587,11031075871302341,,110,0,
2178513,3107588,11031075881302341,,110,0,
2178513,13107589,11031075891302341,,110,0,
2178513,3107590,11031075901302341,,110,0,
2178513,3107591,11031075911302341,,110,0,
2178513,3107586,11131075861302341,,111,0,
2178513,3107587,11131075871302341,,111,0,
2178513,3107588,11131075881302341,,111,0,
2178513,13107589,11131075891302341,,111,0,
2178513,3107590,11131075901302341,,111,0,
2178513,3107591,11131075911302341,,111,0,
2178513,3107586,11231075861302341,,112,0,
2178513,3107587,11231075871302341,,112,0,
2178513,3107588,11231075881302341,,112,0,
2178513,13107589,11231075891302341,,112,0,
2178513,3107590,11231075901302341,,112,0,
2178513,3107591,11231075911302341,,112,0,
2178513,3107585,1131075851302341,,11,0,
2178513,3107586,1131075861302341,,11,0,
2178513,3107587,1131075871302341,,11,0,
2178513,3107588,1131075881302341,,11,0,
2178513,3107589,1131075891302341,,11,0,
2178513,3107590,1131075901302341,,11,0,
2178513,3107591,1131075911302341,,11,0,
2178513,3107586,11331075861302341,,113,0,
2178513,3107587,11331075871302341,,113,0,
2178513,3107588,11331075881302341,,113,0,
2178513,3107590,11331075901302341,,113,0,
2178513,3107591,11331075911302341,,113,0,
2178513,3107586,11431075861302341,,114,0,
2178513,3107587,11431075871302341,,114,0,
2178513,3107588,11431075881302341,,114,0,
2178513,3107590,11431075901302341,,114,0,
2178513,3107591,11431075911302341,,114,0,
2178513,3107586,11531075861302341,,115,0,
2178513,3107587,11531075871302341,,115,0,
2178513,3107588,11531075881302341,,115,0,
2178513,3107590,11531075901302341,,115,0,
2178513,3107591,11531075911302341,,115,0,
2178513,3107586,11631075861302341,,116,0,
2178513,3107587,11631075871302341,,116,0,
2178513,13107588,11631075881302341,,116,0,
2178513,3107590,11631075901302341,,116,0,
2178513,3107591,11631075911302341,,116,0,
2178513,3107586,11731075861302341,,117,0,
2178513,3107587,11731075871302341,,117,0,
2178513,13107588,11731075881302341,,117,0,
2178513,3107590,11731075901302341,,117,0,
2178513,3107591,11731075911302341,,117,0,
2178513,3107586,11831075861302341,,118,0,
2178513,3107587,11831075871302341,,118,0,
2178513,13107588,11831075881302341,,118,0,
2178513,3107590,11831075901302341,,118,0,
2178513,3107591,11831075911302341,,118,0,
2178513,3107586,11931075861302341,,119,0,
2178513,3107587,11931075871302341,,119,0,
2178513,13107588,11931075881302341,,119,0,
2178513,3107590,11931075901302341,,119,0,
2178513,3107591,11931075911302341,,119,0,
2178513,3107586,12031075861302341,,120,0,
2178513,3107587,12031075871302341,,120,0,
2178513,13107588,12031075881302341,,120,0,
2178513,3107590,12031075901302341,,120,0,
2178513,3107591,12031075911302341,,120,0,
2178513,3107586,12131075861302341,,121,0,
2178513,3107587,12131075871302341,,121,0,
2178513,3107590,12131075901302341,,121,0,
2178513,3107591,12131075911302341,,121,0,
2178513,3107586,12231075861302341,,122,0,
2178513,3107587,12231075871302341,,122,0,
2178513,3107590,12231075901302341,,122,0,
2178513,3107591,12231075911302341,,122,0,
2178513,3107585,1231075851302341,,12,0,
2178513,3107586,1231075861302341,,12,0,
2178513,3107587,1231075871302341,,12,0,
2178513,3107588,1231075881302341,,12,0,
2178513,3107589,1231075891302341,,12,0,
2178513,3107590,1231075901302341,,12,0,
2178513,3107591,1231075911302341,,12,0,
2178513,3107586,12331075861302341,,123,0,
2178513,3107587,12331075871302341,,123,0,
2178513,3107590,12331075901302341,,123,0,
2178513,3107591,12331075911302341,,123,0,
2178513,3107586,12431075861302341,,124,0,
2178513,3107587,12431075871302341,,124,0,
2178513,3107590,12431075901302341,,124,0,
2178513,3107591,12431075911302341,,124,0,
2178513,3107586,12531075861302341,,125,0,
2178513,3107587,12531075871302341,,125,0,
2178513,3107590,12531075901302341,,125,0,
2178513,3107591,12531075911302341,,125,0,
2178513,3107586,12631075861302341,,126,0,
2178513,3107587,12631075871302341,,126,0,
2178513,3107590,12631075901302341,,126,0,
2178513,3107591,12631075911302341,,126,0,
2178513,3107586,12731075861302341,,127,0,
2178513,3107587,12731075871302341,,127,0,
2178513,3107590,12731075901302341,,127,0,
2178513,3107591,12731075911302341,,127,0,
2178513,3107586,12831075861302341,,128,0,
2178513,3107587,12831075871302341,,128,0,
2178513,3107590,12831075901302341,,128,0,
2178513,3107591,12831075911302341,,128,0,
2178513,3107586,12931075861302341,,129,0,
2178513,3107587,12931075871302341,,129,0,
2178513,3107590,12931075901302341,,129,0,
2178513,3107591,12931075911302341,,129,0,
2178513,3107586,13031075861302341,,130,0,
2178513,3107587,13031075871302341,,130,0,
2178513,3107590,13031075901302341,,130,0,
2178513,3107591,13031075911302341,,130,0,
2178513,3107585,131075851302341,,1,0,
2178513,3107586,131075861302341,,1,0,
2178513,3107587,131075871302341,,1,0,
2178513,3107588,131075881302341,,1,0,
2178513,3107589,131075891302341,,1,0,
2178513,3107590,131075901302341,,1,0,
2178513,3107591,131075911302341,,1,0,
2178513,13107586,13131075861302341,,131,0,
2178513,3107587,13131075871302341,,131,0,
2178513,13107590,13131075901302341,,131,0,
2178513,3107591,13131075911302341,,131,0,
2178513,13107586,13231075861302341,,132,0,
2178513,3107587,13231075871302341,,132,0,
2178513,13107590,13231075901302341,,132,0,
2178513,3107591,13231075911302341,,132,0,
2178513,3107585,1331075851302341,,13,0,
2178513,3107586,1331075861302341,,13,0,
2178513,3107587,1331075871302341,,13,0,
2178513,3107588,1331075881302341,,13,0,
2178513,3107589,1331075891302341,,13,0,
2178513,3107590,1331075901302341,,13,0,
2178513,3107591,1331075911302341,,13,0,
2178513,13107586,13331075861302341,,133,0,
2178513,3107587,13331075871302341,,133,0,
2178513,13107590,13331075901302341,,133,0,
2178513,3107591,13331075911302341,,133,0,
2178513,3107587,13431075871302341,,134,0,
2178513,13107590,13431075901302341,,134,0,
2178513,3107591,13431075911302341,,134,0,
2178513,3107587,13531075871302341,,135,0,
2178513,13107590,13531075901302341,,135,0,
2178513,3107591,13531075911302341,,135,0,
2178513,3107587,13631075871302341,,136,0,
2178513,13107590,13631075901302341,,136,0,
2178513,3107591,13631075911302341,,136,0,
2178513,3107587,13731075871302341,,137,0,
2178513,3107591,13731075911302341,,137,0,
2178513,3107587,13831075871302341,,138,0,
2178513,3107591,13831075911302341,,138,0,
2178513,3107587,13931075871302341,,139,0,
2178513,3107591,13931075911302341,,139,0,
2178513,3107587,14031075871302341,,140,0,
2178513,3107591,14031075911302341,,140,0,
2178513,3107587,14131075871302341,,141,0,
2178513,3107591,14131075911302341,,141,0,
2178513,3107587,14231075871302341,,142,0,
2178513,3107591,14231075911302341,,142,0,
2178513,3107585,1431075851302341,,14,0,
2178513,3107586,1431075861302341,,14,0,
2178513,3107587,1431075871302341,,14,0,
2178513,3107588,1431075881302341,,14,0,
2178513,3107589,1431075891302341,,14,0,
2178513,3107590,1431075901302341,,14,0,
2178513,3107591,1431075911302341,,14,0,
2178513,3107587,14331075871302341,,143,0,
2178513,3107591,14331075911302341,,143,0,
2178513,3107587,14431075871302341,,144,0,
2178513,3107591,14431075911302341,,144,0,
2178513,3107587,14531075871302341,,145,0,
2178513,3107591,14531075911302341,,145,0,
2178513,3107587,14631075871302341,,146,0,
2178513,3107591,14631075911302341,,146,0,
2178513,3107587,14731075871302341,,147,0,
2178513,3107591,14731075911302341,,147,0,
2178513,3107587,14831075871302341,,148,0,
2178513,3107591,14831075911302341,,148,0,
2178513,3107587,14931075871302341,,149,0,
2178513,3107591,14931075911302341,,149,0,
2178513,3107587,15031075871302341,,150,0,
2178513,3107591,15031075911302341,,150,0,
2178513,3107587,15131075871302341,,151,0,
2178513,3107591,15131075911302341,,151,0,
2178513,3107587,15231075871302341,,152,0,
2178513,3107591,15231075911302341,,152,0,
2178513,3107585,1531075851302341,,15,0,
2178513,3107586,1531075861302341,,15,0,
2178513,3107587,1531075871302341,,15,0,
2178513,3107588,1531075881302341,,15,0,
2178513,3107589,1531075891302341,,15,0,
2178513,3107590,1531075901302341,,15,0,
2178513,3107591,1531075911302341,,15,0,
2178513,3107587,15331075871302341,,153,0,
2178513,3107591,15331075911302341,,153,0,
2178513,3107587,15431075871302341,,154,0,
2178513,3107591,15431075911302341,,154,0,
2178513,3107587,15531075871302341,,155,0,
2178513,3107591,15531075911302341,,155,0,
2178513,3107587,15631075871302341,,156,0,
2178513,3107591,15631075911302341,,156,0,
2178513,3107587,15731075871302341,,157,0,
2178513,3107591,15731075911302341,,157,0,
2178513,3107587,15831075871302341,,158,0,
2178513,3107591,15831075911302341,,158,0,
2178513,3107587,15931075871302341,,159,0,
2178513,3107591,15931075911302341,,159,0,
2178513,3107587,16031075871302341,,160,0,
2178513,3107591,16031075911302341,,160,0,
2178513,3107587,16131075871302341,,161,0,
2178513,3107591,16131075911302341,,161,0,
2178513,3107587,16231075871302341,,162,0,
2178513,3107591,16231075911302341,,162,0,
2178513,3107585,1631075851302341,,16,0,
2178513,3107586,1631075861302341,,16,0,
2178513,3107587,1631075871302341,,16,0,
2178513,3107588,1631075881302341,,16,0,
2178513,3107589,1631075891302341,,16,0,
2178513,3107590,1631075901302341,,16,0,
2178513,3107591,1631075911302341,,16,0,
2178513,3107587,16331075871302341,,163,0,
2178513,3107591,16331075911302341,,163,0,
2178513,3107587,16431075871302341,,164,0,
2178513,3107591,16431075911302341,,164,0,
2178513,3107587,16531075871302341,,165,0,
2178513,3107591,16531075911302341,,165,0,
2178513,13107587,16631075871302341,,166,0,
2178513,13107591,16631075911302341,,166,0,
2178513,13107587,16731075871302341,,167,0,
2178513,13107591,16731075911302341,,167,0,
2178513,13107587,16831075871302341,,168,0,
2178513,13107591,16831075911302341,,168,0,
2178513,13107591,16931075911302341,,169,0,
2178513,13107591,17031075911302341,,170,0,
2178513,13107591,17131075911302341,,171,0,
2178513,3107585,1731075851302341,,17,0,
2178513,3107586,1731075861302341,,17,0,
2178513,3107587,1731075871302341,,17,0,
2178513,3107588,1731075881302341,,17,0,
2178513,3107589,1731075891302341,,17,0,
2178513,3107590,1731075901302341,,17,0,
2178513,3107591,1731075911302341,,17,0,
2178513,3107585,1831075851302341,,18,0,
2178513,3107586,1831075861302341,,18,0,
2178513,3107587,1831075871302341,,18,0,
2178513,3107588,1831075881302341,,18,0,
2178513,3107589,1831075891302341,,18,0,
2178513,3107590,1831075901302341,,18,0,
2178513,3107591,1831075911302341,,18,0,
2178513,3107585,1931075851302341,,19,0,
2178513,3107586,1931075861302341,,19,0,
2178513,3107587,1931075871302341,,19,0,
2178513,3107588,1931075881302341,,19,0,
2178513,3107589,1931075891302341,,19,0,
2178513,3107590,1931075901302341,,19,0,
2178513,3107591,1931075911302341,,19,0,
2178513,3107585,2031075851302341,,20,0,
2178513,3107586,2031075861302341,,20,0,
2178513,3107587,2031075871302341,,20,0,
2178513,3107588,2031075881302341,,20,0,
2178513,3107589,2031075891302341,,20,0,
2178513,3107590,2031075901302341,,20,0,
2178513,3107591,2031075911302341,,20,0,
2178513,3107585,2131075851302341,,21,0,
2178513,3107586,2131075861302341,,21,0,
2178513,3107587,2131075871302341,,21,0,
2178513,3107588,2131075881302341,,21,0,
2178513,3107589,2131075891302341,,21,0,
2178513,3107590,2131075901302341,,21,0,
2178513,3107591,2131075911302341,,21,0,
2178513,3107585,2231075851302341,,22,0,
2178513,3107586,2231075861302341,,22,0,
2178513,3107587,2231075871302341,,22,0,
2178513,3107588,2231075881302341,,22,0,
2178513,3107589,2231075891302341,,22,0,
2178513,3107590,2231075901302341,,22,0,
2178513,3107591,2231075911302341,,22,0,
2178513,3107585,231075851302341,,2,0,
2178513,3107586,231075861302341,,2,0,
2178513,3107587,231075871302341,,2,0,
2178513,3107588,231075881302341,,2,0,
2178513,3107589,231075891302341,,2,0,
2178513,3107590,231075901302341,,2,0,
2178513,3107591,231075911302341,,2,0,
2178513,3107585,2331075851302341,,23,0,
2178513,3107586,2331075861302341,,23,0,
2178513,3107587,2331075871302341,,23,0,
2178513,3107588,2331075881302341,,23,0,
2178513,3107589,2331075891302341,,23,0,
2178513,3107590,2331075901302341,,23,0,
2178513,3107591,2331075911302341,,23,0,
2178513,3107585,2431075851302341,,24,0,
2178513,3107586,2431075861302341,,24,0,
2178513,3107587,2431075871302341,,24,0,
2178513,3107588,2431075881302341,,24,0,
2178513,3107589,2431075891302341,,24,0,
2178513,3107590,2431075901302341,,24,0,
2178513,3107591,2431075911302341,,24,0,
2178513,3107585,2531075851302341,,25,0,
2178513,3107586,2531075861302341,,25,0,
2178513,3107587,2531075871302341,,25,0,
2178513,3107588,2531075881302341,,25,0,
2178513,3107589,2531075891302341,,25,0,
2178513,3107590,2531075901302341,,25,0,
2178513,3107591,2531075911302341,,25,0,
2178513,3107585,2631075851302341,,26,0,
2178513,3107586,2631075861302341,,26,0,
2178513,3107587,2631075871302341,,26,0,
2178513,3107588,2631075881302341,,26,0,
2178513,3107589,2631075891302341,,26,0,
2178513,3107590,2631075901302341,,26,0,
2178513,3107591,2631075911302341,,26,0,
2178513,3107585,2731075851302341,,27,0,
2178513,3107586,2731075861302341,,27,0,
2178513,3107587,2731075871302341,,27,0,
2178513,3107588,2731075881302341,,27,0,
2178513,3107589,2731075891302341,,27,0,
2178513,3107590,2731075901302341,,27,0,
2178513,3107591,2731075911302341,,27,0,
2178513,3107585,2831075851302341,,28,0,
2178513,3107586,2831075861302341,,28,0,
2178513,3107587,2831075871302341,,28,0,
2178513,3107588,2831075881302341,,28,0,
2178513,3107589,2831075891302341,,28,0,
2178513,3107590,2831075901302341,,28,0,
2178513,3107591,2831075911302341,,28,0,
2178513,3107585,2931075851302341,,29,0,
2178513,3107586,2931075861302341,,29,0,
2178513,3107587,2931075871302341,,29,0,
2178513,3107588,2931075881302341,,29,0,
2178513,3107589,2931075891302341,,29,0,
2178513,3107590,2931075901302341,,29,0,
2178513,3107591,2931075911302341,,29,0,
2178513,3107585,3031075851302341,,30,0,
2178513,3107586,3031075861302341,,30,0,
2178513,3107587,3031075871302341,,30,0,
2178513,3107588,3031075881302341,,30,0,
2178513,3107589,3031075891302341,,30,0,
2178513,3107590,3031075901302341,,30,0,
2178513,3107591,3031075911302341,,30,0,
2178513,3107585,3131075851302341,,31,0,
2178513,3107586,3131075861302341,,31,0,
2178513,3107587,3131075871302341,,31,0,
2178513,3107588,3131075881302341,,31,0,
2178513,3107589,3131075891302341,,31,0,
2178513,3107590,3131075901302341,,31,0,
2178513,3107591,3131075911302341,,31,0,
2178513,3107585,3231075851302341,,32,0,
2178513,3107586,3231075861302341,,32,0,
2178513,3107587,3231075871302341,,32,0,
2178513,3107588,3231075881302341,,32,0,
2178513,3107589,3231075891302341,,32,0,
2178513,3107590,3231075901302341,,32,0,
2178513,3107591,3231075911302341,,32,0,
2178513,3107585,331075851302341,,3,0,
2178513,3107586,331075861302341,,3,0,
2178513,3107587,331075871302341,,3,0,
2178513,3107588,331075881302341,,3,0,
2178513,3107589,331075891302341,,3,0,
2178513,3107590,331075901302341,,3,0,
2178513,3107591,331075911302341,,3,0,
2178513,3107585,3331075851302341,,33,0,
2178513,3107586,3331075861302341,,33,0,
2178513,3107587,3331075871302341,,33,0,
2178513,3107588,3331075881302341,,33,0,
2178513,3107589,3331075891302341,,33,0,
2178513,3107590,3331075901302341,,33,0,
2178513,3107591,3331075911302341,,33,0,
2178513,3107585,3431075851302341,,34,0,
2178513,3107586,3431075861302341,,34,0,
2178513,3107587,3431075871302341,,34,0,
2178513,3107588,3431075881302341,,34,0,
2178513,3107589,3431075891302341,,34,0,
2178513,3107590,3431075901302341,,34,0,
2178513,3107591,3431075911302341,,34,0,
2178513,3107585,3531075851302341,,35,0,
2178513,3107586,3531075861302341,,35,0,
2178513,3107587,3531075871302341,,35,0,
2178513,3107588,3531075881302341,,35,0,
2178513,3107589,3531075891302341,,35,0,
2178513,3107590,3531075901302341,,35,0,
2178513,3107591,3531075911302341,,35,0,
2178513,3107585,3631075851302341,,36,0,
2178513,3107586,3631075861302341,,36,0,
2178513,3107587,3631075871302341,,36,0,
2178513,3107588,3631075881302341,,36,0,
2178513,3107589,3631075891302341,,36,0,
2178513,3107590,3631075901302341,,36,0,
2178513,3107591,3631075911302341,,36,0,
2178513,3107585,3731075851302341,,37,0,
2178513,3107586,3731075861302341,,37,0,
2178513,3107587,3731075871302341,,37,0,
2178513,3107588,3731075881302341,,37,0,
2178513,3107589,3731075891302341,,37,0,
2178513,3107590,3731075901302341,,37,0,
2178513,3107591,3731075911302341,,37,0,
2178513,3107585,3831075851302341,,38,0,
2178513,3107586,3831075861302341,,38,0,
2178513,3107587,3831075871302341,,38,0,
2178513,3107588,3831075881302341,,38,0,
2178513,3107589,3831075891302341,,38,0,
2178513,3107590,3831075901302341,,38,0,
2178513,3107591,3831075911302341,,38,0,
2178513,3107585,3931075851302341,,39,0,
2178513,3107586,3931075861302341,,39,0,
2178513,3107587,3931075871302341,,39,0,
2178513,3107588,3931075881302341,,39,0,
2178513,3107589,3931075891302341,,39,0,
2178513,3107590,3931075901302341,,39,0,
2178513,3107591,3931075911302341,,39,0,
2178513,3107585,4031075851302341,,40,0,
2178513,3107586,4031075861302341,,40,0,
2178513,3107587,4031075871302341,,40,0,
2178513,3107588,4031075881302341,,40,0,
2178513,3107589,4031075891302341,,40,0,
2178513,3107590,4031075901302341,,40,0,
2178513,3107591,4031075911302341,,40,0,
2178513,3107585,4131075851302341,,41,0,
2178513,3107586,4131075861302341,,41,0,
2178513,3107587,4131075871302341,,41,0,
2178513,3107588,4131075881302341,,41,0,
2178513,3107589,4131075891302341,,41,0,
2178513,3107590,4131075901302341,,41,0,
2178513,3107591,4131075911302341,,41,0,
2178513,3107585,4231075851302341,,42,0,
2178513,3107586,4231075861302341,,42,0,
2178513,3107587,4231075871302341,,42,0,
2178513,3107588,4231075881302341,,42,0,
2178513,3107589,4231075891302341,,42,0,
2178513,3107590,4231075901302341,,42,0,
2178513,3107591,4231075911302341,,42,0,
2178513,3107585,431075851302341,,4,0,
2178513,3107586,431075861302341,,4,0,
2178513,3107587,431075871302341,,4,0,
2178513,3107588,431075881302341,,4,0,
2178513,3107589,431075891302341,,4,0,
2178513,3107590,431075901302341,,4,0,
2178513,3107591,431075911302341,,4,0,
2178513,3107585,4331075851302341,,43,0,
2178513,3107586,4331075861302341,,43,0,
2178513,3107587,4331075871302341,,43,0,
2178513,3107588,4331075881302341,,43,0,
2178513,3107589,4331075891302341,,43,0,
2178513,3107590,4331075901302341,,43,0,
2178513,3107591,4331075911302341,,43,0,
2178513,3107585,4431075851302341,,44,0,
2178513,3107586,4431075861302341,,44,0,
2178513,3107587,4431075871302341,,44,0,
2178513,3107588,4431075881302341,,44,0,
2178513,3107589,4431075891302341,,44,0,
2178513,3107590,4431075901302341,,44,0,
2178513,3107591,4431075911302341,,44,0,
2178513,3107585,4531075851302341,,45,0,
2178513,3107586,4531075861302341,,45,0,
2178513,3107587,4531075871302341,,45,0,
2178513,3107588,4531075881302341,,45,0,
2178513,3107589,4531075891302341,,45,0,
2178513,3107590,4531075901302341,,45,0,
2178513,3107591,4531075911302341,,45,0,
2178513,3107585,4631075851302341,,46,0,
2178513,3107586,4631075861302341,,46,0,
2178513,3107587,4631075871302341,,46,0,
2178513,3107588,4631075881302341,,46,0,
2178513,3107589,4631075891302341,,46,0,
2178513,3107590,4631075901302341,,46,0,
2178513,3107591,4631075911302341,,46,0,
2178513,3107585,4731075851302341,,47,0,
2178513,3107586,4731075861302341,,47,0,
2178513,3107587,4731075871302341,,47,0,
2178513,3107588,4731075881302341,,47,0,
2178513,3107589,4731075891302341,,47,0,
2178513,3107590,4731075901302341,,47,0,
2178513,3107591,4731075911302341,,47,0,
2178513,3107585,4831075851302341,,48,0,
2178513,3107586,4831075861302341,,48,0,
2178513,3107587,4831075871302341,,48,0,
2178513,3107588,4831075881302341,,48,0,
2178513,3107589,4831075891302341,,48,0,
2178513,3107590,4831075901302341,,48,0,
2178513,3107591,4831075911302341,,48,0,
2178513,3107585,4931075851302341,,49,0,
2178513,3107586,4931075861302341,,49,0,
2178513,3107587,4931075871302341,,49,0,
2178513,3107588,4931075881302341,,49,0,
2178513,3107589,4931075891302341,,49,0,
2178513,3107590,4931075901302341,,49,0,
2178513,3107591,4931075911302341,,49,0,
2178513,3107585,5031075851302341,,50,0,
2178513,3107586,5031075861302341,,50,0,
2178513,3107587,5031075871302341,,50,0,
2178513,3107588,5031075881302341,,50,0,
2178513,3107589,5031075891302341,,50,0,
2178513,3107590,5031075901302341,,50,0,
2178513,3107591,5031075911302341,,50,0,
2178513,3107585,5131075851302341,,51,0,
2178513,3107586,5131075861302341,,51,0,
2178513,3107587,5131075871302341,,51,0,
2178513,3107588,5131075881302341,,51,0,
2178513,3107589,5131075891302341,,51,0,
2178513,3107590,5131075901302341,,51,0,
2178513,3107591,5131075911302341,,51,0,
2178513,3107585,5231075851302341,,52,0,
2178513,3107586,5231075861302341,,52,0,
2178513,3107587,5231075871302341,,52,0,
2178513,3107588,5231075881302341,,52,0,
2178513,3107589,5231075891302341,,52,0,
2178513,3107590,5231075901302341,,52,0,
2178513,3107591,5231075911302341,,52,0,
2178513,3107585,531075851302341,,5,0,
2178513,3107586,531075861302341,,5,0,
2178513,3107587,531075871302341,,5,0,
2178513,3107588,531075881302341,,5,0,
2178513,3107589,531075891302341,,5,0,
2178513,3107590,531075901302341,,5,0,
2178513,3107591,531075911302341,,5,0,
2178513,3107585,5331075851302341,,53,0,
2178513,3107586,5331075861302341,,53,0,
2178513,3107587,5331075871302341,,53,0,
2178513,3107588,5331075881302341,,53,0,
2178513,3107589,5331075891302341,,53,0,
2178513,3107590,5331075901302341,,53,0,
2178513,3107591,5331075911302341,,53,0,
2178513,3107585,5431075851302341,,54,0,
2178513,3107586,5431075861302341,,54,0,
2178513,3107587,5431075871302341,,54,0,
2178513,3107588,5431075881302341,,54,0,
2178513,3107589,5431075891302341,,54,0,
2178513,3107590,5431075901302341,,54,0,
2178513,3107591,5431075911302341,,54,0,
2178513,3107585,5531075851302341,,55,0,
2178513,3107586,5531075861302341,,55,0,
2178513,3107587,5531075871302341,,55,0,
2178513,3107588,5531075881302341,,55,0,
2178513,3107589,5531075891302341,,55,0,
2178513,3107590,5531075901302341,,55,0,
2178513,3107591,5531075911302341,,55,0,
2178513,3107585,5631075851302341,,56,0,
2178513,3107586,5631075861302341,,56,0,
2178513,3107587,5631075871302341,,56,0,
2178513,3107588,5631075881302341,,56,0,
2178513,3107589,5631075891302341,,56,0,
2178513,3107590,5631075901302341,,56,0,
2178513,3107591,5631075911302341,,56,0,
2178513,3107585,5731075851302341,,57,0,
2178513,3107586,5731075861302341,,57,0,
2178513,3107587,5731075871302341,,57,0,
2178513,3107588,5731075881302341,,57,0,
2178513,3107589,5731075891302341,,57,0,
2178513,3107590,5731075901302341,,57,0,
2178513,3107591,5731075911302341,,57,0,
2178513,3107585,5831075851302341,,58,0,
2178513,3107586,5831075861302341,,58,0,
2178513,3107587,5831075871302341,,58,0,
2178513,3107588,5831075881302341,,58,0,
2178513,3107589,5831075891302341,,58,0,
2178513,3107590,5831075901302341,,58,0,
2178513,3107591,5831075911302341,,58,0,
2178513,3107585,5931075851302341,,59,0,
2178513,3107586,5931075861302341,,59,0,
2178513,3107587,5931075871302341,,59,0,
2178513,3107588,5931075881302341,,59,0,
2178513,3107589,5931075891302341,,59,0,
2178513,3107590,5931075901302341,,59,0,
2178513,3107591,5931075911302341,,59,0,
2178513,3107585,6031075851302341,,60,0,
2178513,3107586,6031075861302341,,60,0,
2178513,3107587,6031075871302341,,60,0,
2178513,3107588,6031075881302341,,60,0,
2178513,3107589,6031075891302341,,60,0,
2178513,3107590,6031075901302341,,60,0,
2178513,3107591,6031075911302341,,60,0,
2178513,3107585,6131075851302341,,61,0,
2178513,3107586,6131075861302341,,61,0,
2178513,3107587,6131075871302341,,61,0,
2178513,3107588,6131075881302341,,61,0,
2178513,3107589,6131075891302341,,61,0,
2178513,3107590,6131075901302341,,61,0,
2178513,3107591,6131075911302341,,61,0,
2178513,3107585,6231075851302341,,62,0,
2178513,3107586,6231075861302341,,62,0,
2178513,3107587,6231075871302341,,62,0,
2178513,3107588,6231075881302341,,62,0,
2178513,3107589,6231075891302341,,62,0,
2178513,3107590,6231075901302341,,62,0,
2178513,3107591,6231075911302341,,62,0,
2178513,3107585,631075851302341,,6,0,
2178513,3107586,631075861302341,,6,0,
2178513,3107587,631075871302341,,6,0,
2178513,3107588,631075881302341,,6,0,
2178513,3107589,631075891302341,,6,0,
2178513,3107590,631075901302341,,6,0,
2178513,3107591,631075911302341,,6,0,
2178513,3107585,6331075851302341,,63,0,
2178513,3107586,6331075861302341,,63,0,
2178513,3107587,6331075871302341,,63,0,
2178513,3107588,6331075881302341,,63,0,
2178513,3107589,6331075891302341,,63,0,
2178513,3107590,6331075901302341,,63,0,
2178513,3107591,6331075911302341,,63,0,
2178513,3107585,6431075851302341,,64,0,
2178513,3107586,6431075861302341,,64,0,
2178513,3107587,6431075871302341,,64,0,
2178513,3107588,6431075881302341,,64,0,
2178513,3107589,6431075891302341,,64,0,
2178513,3107590,6431075901302341,,64,0,
2178513,3107591,6431075911302341,,64,0,
2178513,3107585,6531075851302341,,65,0,
2178513,3107586,6531075861302341,,65,0,
2178513,3107587,6531075871302341,,65,0,
2178513,3107588,6531075881302341,,65,0,
2178513,3107589,6531075891302341,,65,0,
2178513,3107590,6531075901302341,,65,0,
2178513,3107591,6531075911302341,,65,0,
2178513,3107585,6631075851302341,,66,0,
2178513,3107586,6631075861302341,,66,0,
2178513,3107587,6631075871302341,,66,0,
2178513,3107588,6631075881302341,,66,0,
2178513,3107589,6631075891302341,,66,0,
2178513,3107590,6631075901302341,,66,0,
2178513,3107591,6631075911302341,,66,0,
2178513,3107585,6731075851302341,,67,0,
2178513,3107586,6731075861302341,,67,0,
2178513,3107587,6731075871302341,,67,0,
2178513,3107588,6731075881302341,,67,0,
2178513,3107589,6731075891302341,,67,0,
2178513,3107590,6731075901302341,,67,0,
2178513,3107591,6731075911302341,,67,0,
2178513,3107585,6831075851302341,,68,0,
2178513,3107586,6831075861302341,,68,0,
2178513,3107587,6831075871302341,,68,0,
2178513,3107588,6831075881302341,,68,0,
2178513,3107589,6831075891302341,,68,0,
2178513,3107590,6831075901302341,,68,0,
2178513,3107591,6831075911302341,,68,0,
2178513,3107585,6931075851302341,,69,0,
2178513,3107586,6931075861302341,,69,0,
2178513,3107587,6931075871302341,,69,0,
2178513,3107588,6931075881302341,,69,0,
2178513,3107589,6931075891302341,,69,0,
2178513,3107590,6931075901302341,,69,0,
2178513,3107591,6931075911302341,,69,0,
2178513,3107585,7031075851302341,,70,0,
2178513,3107586,7031075861302341,,70,0,
2178513,3107587,7031075871302341,,70,0,
2178513,3107588,7031075881302341,,70,0,
2178513,3107589,7031075891302341,,70,0,
2178513,3107590,7031075901302341,,70,0,
2178513,3107591,7031075911302341,,70,0,
2178513,3107585,7131075851302341,,71,0,
2178513,3107586,7131075861302341,,71,0,
2178513,3107587,7131075871302341,,71,0,
2178513,3107588,7131075881302341,,71,0,
2178513,3107589,7131075891302341,,71,0,
2178513,3107590,7131075901302341,,71,0,
2178513,3107591,7131075911302341,,71,0,
2178513,3107585,7231075851302341,,72,0,
2178513,3107586,7231075861302341,,72,0,
2178513,3107587,7231075871302341,,72,0,
2178513,3107588,7231075881302341,,72,0,
2178513,3107589,7231075891302341,,72,0,
2178513,3107590,7231075901302341,,72,0,
2178513,3107591,7231075911302341,,72,0,
2178513,3107585,731075851302341,,7,0,
2178513,3107586,731075861302341,,7,0,
2178513,3107587,731075871302341,,7,0,
2178513,3107588,731075881302341,,7,0,
2178513,3107589,731075891302341,,7,0,
2178513,3107590,731075901302341,,7,0,
2178513,3107591,731075911302341,,7,0,
2178513,3107585,7331075851302341,,73,0,
2178513,3107586,7331075861302341,,73,0,
2178513,3107587,7331075871302341,,73,0,
2178513,3107588,7331075881302341,,73,0,
2178513,3107589,7331075891302341,,73,0,
2178513,3107590,7331075901302341,,73,0,
2178513,3107591,7331075911302341,,73,0,
2178513,3107585,7431075851302341,,74,0,
2178513,3107586,7431075861302341,,74,0,
2178513,3107587,7431075871302341,,74,0,
2178513,3107588,7431075881302341,,74,0,
2178513,3107589,7431075891302341,,74,0,
2178513,3107590,7431075901302341,,74,0,
2178513,3107591,7431075911302341,,74,0,
2178513,3107585,7531075851302341,,75,0,
2178513,3107586,7531075861302341,,75,0,
2178513,3107587,7531075871302341,,75,0,
2178513,3107588,7531075881302341,,75,0,
2178513,3107589,7531075891302341,,75,0,
2178513,3107590,7531075901302341,,75,0,
2178513,3107591,7531075911302341,,75,0,
2178513,3107585,7631075851302341,,76,0,
2178513,3107586,7631075861302341,,76,0,
2178513,3107587,7631075871302341,,76,0,
2178513,3107588,7631075881302341,,76,0,
2178513,3107589,7631075891302341,,76,0,
2178513,3107590,7631075901302341,,76,0,
2178513,3107591,7631075911302341,,76,0,
2178513,3107585,7731075851302341,,77,0,
2178513,3107586,7731075861302341,,77,0,
2178513,3107587,7731075871302341,,77,0,
2178513,3107588,7731075881302341,,77,0,
2178513,3107589,7731075891302341,,77,0,
2178513,3107590,7731075901302341,,77,0,
2178513,3107591,7731075911302341,,77,0,
2178513,3107585,7831075851302341,,78,0,
2178513,3107586,7831075861302341,,78,0,
2178513,3107587,7831075871302341,,78,0,
2178513,3107588,7831075881302341,,78,0,
2178513,3107589,7831075891302341,,78,0,
2178513,3107590,7831075901302341,,78,0,
2178513,3107591,7831075911302341,,78,0,
2178513,3107585,7931075851302341,,79,0,
2178513,3107586,7931075861302341,,79,0,
2178513,3107587,7931075871302341,,79,0,
2178513,3107588,7931075881302341,,79,0,
2178513,3107589,7931075891302341,,79,0,
2178513,3107590,7931075901302341,,79,0,
2178513,3107591,7931075911302341,,79,0,
2178513,3107585,8031075851302341,,80,0,
2178513,3107586,8031075861302341,,80,0,
2178513,3107587,8031075871302341,,80,0,
2178513,3107588,8031075881302341,,80,0,
2178513,3107589,8031075891302341,,80,0,
2178513,3107590,8031075901302341,,80,0,
2178513,3107591,8031075911302341,,80,0,
2178513,3107585,8131075851302341,,81,0,
2178513,3107586,8131075861302341,,81,0,
2178513,3107587,8131075871302341,,81,0,
2178513,3107588,8131075881302341,,81,0,
2178513,3107589,8131075891302341,,81,0,
2178513,3107590,8131075901302341,,81,0,
2178513,3107591,8131075911302341,,81,0,
2178513,3107585,8231075851302341,,82,0,
2178513,3107586,8231075861302341,,82,0,
2178513,3107587,8231075871302341,,82,0,
2178513,3107588,8231075881302341,,82,0,
2178513,3107589,8231075891302341,,82,0,
2178513,3107590,8231075901302341,,82,0,
2178513,3107591,8231075911302341,,82,0,
2178513,3107585,831075851302341,,8,0,
2178513,3107586,831075861302341,,8,0,
2178513,3107587,831075871302341,,8,0,
2178513,3107588,831075881302341,,8,0,
2178513,3107589,831075891302341,,8,0,
2178513,3107590,831075901302341,,8,0,
2178513,3107591,831075911302341,,8,0,
2178513,3107585,8331075851302341,,83,0,
2178513,3107586,8331075861302341,,83,0,
2178513,3107587,8331075871302341,,83,0,
2178513,3107588,8331075881302341,,83,0,
2178513,3107589,8331075891302341,,83,0,
2178513,3107590,8331075901302341,,83,0,
2178513,3107591,8331075911302341,,83,0,
2178513,3107585,8431075851302341,,84,0,
2178513,3107586,8431075861302341,,84,0,
2178513,3107587,8431075871302341,,84,0,
2178513,3107588,8431075881302341,,84,0,
2178513,3107589,8431075891302341,,84,0,
2178513,3107590,8431075901302341,,84,0,
2178513,3107591,8431075911302341,,84,0,
2178513,3107585,8531075851302341,,85,0,
2178513,3107586,8531075861302341,,85,0,
2178513,3107587,8531075871302341,,85,0,
2178513,3107588,8531075881302341,,85,0,
2178513,3107589,8531075891302341,,85,0,
2178513,3107590,8531075901302341,,85,0,
2178513,3107591,8531075911302341,,85,0,
2178513,3107585,8631075851302341,,86,0,
2178513,3107586,8631075861302341,,86,0,
2178513,3107587,8631075871302341,,86,0,
2178513,3107588,8631075881302341,,86,0,
2178513,3107589,8631075891302341,,86,0,
2178513,3107590,8631075901302341,,86,0,
2178513,3107591,8631075911302341,,86,0,
2178513,3107585,8731075851302341,,87,0,
2178513,3107586,8731075861302341,,87,0,
2178513,3107587,8731075871302341,,87,0,
2178513,3107588,8731075881302341,,87,0,
2178513,3107589,8731075891302341,,87,0,
2178513,3107590,8731075901302341,,87,0,
2178513,3107591,8731075911302341,,87,0,
2178513,3107585,8831075851302341,,88,0,
2178513,3107586,8831075861302341,,88,0,
2178513,3107587,8831075871302341,,88,0,
2178513,3107588,8831075881302341,,88,0,
2178513,3107589,8831075891302341,,88,0,
2178513,3107590,8831075901302341,,88,0,
2178513,3107591,8831075911302341,,88,0,
2178513,3107585,8931075851302341,,89,0,
2178513,3107586,8931075861302341,,89,0,
2178513,3107587,8931075871302341,,89,0,
2178513,3107588,8931075881302341,,89,0,
2178513,3107589,8931075891302341,,89,0,
2178513,3107590,8931075901302341,,89,0,
2178513,3107591,8931075911302341,,89,0,
2178513,3107585,9031075851302341,,90,0,
2178513,3107586,9031075861302341,,90,0,
2178513,3107587,9031075871302341,,90,0,
2178513,3107588,9031075881302341,,90,0,
2178513,3107589,9031075891302341,,90,0,
2178513,3107590,9031075901302341,,90,0,
2178513,3107591,9031075911302341,,90,0,
2178513,3107585,9131075851302341,,91,0,
2178513,3107586,9131075861302341,,91,0,
2178513,3107587,9131075871302341,,91,0,
2178513,3107588,9131075881302341,,91,0,
2178513,3107589,9131075891302341,,91,0,
2178513,3107590,9131075901302341,,91,0,
2178513,3107591,9131075911302341,,91,0,
2178513,3107585,9231075851302341,,92,0,
2178513,3107586,9231075861302341,,92,0,
2178513,3107587,9231075871302341,,92,0,
2178513,3107588,9231075881302341,,92,0,
2178513,3107589,9231075891302341,,92,0,
2178513,3107590,9231075901302341,,92,0,
2178513,3107591,9231075911302341,,92,0,
2178513,3107585,931075851302341,,9,0,
2178513,3107586,931075861302341,,9,0,
2178513,3107587,931075871302341,,9,0,
2178513,3107588,931075881302341,,9,0,
2178513,3107589,931075891302341,,9,0,
2178513,3107590,931075901302341,,9,0,
2178513,3107591,931075911302341,,9,0,
2178513,3107585,9331075851302341,,93,0,
2178513,3107586,9331075861302341,,93,0,
2178513,3107587,9331075871302341,,93,0,
2178513,3107588,9331075881302341,,93,0,
2178513,3107589,9331075891302341,,93,0,
2178513,3107590,9331075901302341,,93,0,
2178513,3107591,9331075911302341,,93,0,
2178513,3107585,9431075851302341,,94,0,
2178513,3107586,9431075861302341,,94,0,
2178513,3107587,9431075871302341,,94,0,
2178513,3107588,9431075881302341,,94,0,
2178513,3107589,9431075891302341,,94,0,
2178513,3107590,9431075901302341,,94,0,
2178513,3107591,9431075911302341,,94,0,
2178513,3107585,9531075851302341,,95,0,
2178513,3107586,9531075861302341,,95,0,
2178513,3107587,9531075871302341,,95,0,
2178513,3107588,9531075881302341,,95,0,
2178513,3107589,9531075891302341,,95,0,
2178513,3107590,9531075901302341,,95,0,
2178513,3107591,9531075911302341,,95,0,
2178513,3107585,9631075851302341,,96,0,
2178513,3107586,9631075861302341,,96,0,
2178513,3107587,9631075871302341,,96,0,
2178513,3107588,9631075881302341,,96,0,
2178513,3107589,9631075891302341,,96,0,
2178513,3107590,9631075901302341,,96,0,
2178513,3107591,9631075911302341,,96,0,
2178513,3107585,9731075851302341,,97,0,
2178513,3107586,9731075861302341,,97,0,
2178513,3107587,9731075871302341,,97,0,
2178513,3107588,9731075881302341,,97,0,
2178513,3107589,9731075891302341,,97,0,
2178513,3107590,9731075901302341,,97,0,
2178513,3107591,9731075911302341,,97,0,
2178513,3107585,9831075851302341,,98,0,
2178513,3107586,9831075861302341,,98,0,
2178513,3107587,9831075871302341,,98,0,
2178513,3107588,9831075881302341,,98,0,
2178513,3107589,9831075891302341,,98,0,
2178513,3107590,9831075901302341,,98,0,
2178513,3107591,9831075911302341,,98,0,
2178513,3107585,9931075851302341,,99,0,
2178513,3107586,9931075861302341,,99,0,
2178513,3107587,9931075871302341,,99,0,
2178513,3107588,9931075881302341,,99,0,
2178513,3107589,9931075891302341,,99,0,
2178513,3107590,9931075901302341,,99,0,
2178513,3107591,9931075911302341,,99,0,
2178514,3107585,10031075851302342,,100,1,
2178514,3107586,10031075861302342,,100,1,
2178514,3107587,10031075871302342,,100,1,
2178514,3107588,10031075881302342,,100,1,
2178514,3107589,10031075891302342,,100,1,
2178514,3107590,10031075901302342,,100,1,
2178514,3107591,10031075911302342,,100,1,
2178514,3107585,10131075851302342,,101,1,
2178514,3107586,10131075861302342,,101,1,
2178514,3107587,10131075871302342,,101,1,
2178514,3107588,10131075881302342,,101,1,
2178514,3107589,10131075891302342,,101,1,
2178514,3107590,10131075901302342,,101,1,
2178514,3107591,10131075911302342,,101,1,
2178514,3107585,10231075851302342,,102,1,
2178514,3107586,10231075861302342,,102,1,
2178514,3107587,10231075871302342,,102,1,
2178514,3107588,10231075881302342,,102,1,
2178514,3107589,10231075891302342,,102,1,
2178514,3107590,10231075901302342,,102,1,
2178514,3107591,10231075911302342,,102,1,
2178514,3107585,1031075851302342,,10,1,
2178514,3107586,1031075861302342,,10,1,
2178514,3107587,1031075871302342,,10,1,
2178514,3107588,1031075881302342,,10,1,
2178514,3107589,1031075891302342,,10,1,
2178514,3107590,1031075901302342,,10,1,
2178514,3107591,1031075911302342,,10,1,
2178514,3107585,10331075851302342,,103,1,
2178514,3107586,10331075861302342,,103,1,
2178514,3107587,10331075871302342,,103,1,
2178514,3107588,10331075881302342,,103,1,
2178514,13107589,10331075891302342,,103,1,
2178514,3107590,10331075901302342,,103,1,
2178514,3107591,10331075911302342,,103,1,
2178514,13107585,10431075851302342,,104,1,
2178514,3107586,10431075861302342,,104,1,
2178514,3107587,10431075871302342,,104,1,
2178514,3107588,10431075881302342,,104,1,
2178514,13107589,10431075891302342,,104,1,
2178514,3107590,10431075901302342,,104,1,
2178514,3107591,10431075911302342,,104,1,
2178514,13107585,10531075851302342,,105,1,
2178514,3107586,10531075861302342,,105,1,
2178514,3107587,10531075871302342,,105,1,
2178514,3107588,10531075881302342,,105,1,
2178514,13107589,10531075891302342,,105,1,
2178514,3107590,10531075901302342,,105,1,
2178514,3107591,10531075911302342,,105,1,
2178514,3107586,10631075861302342,,106,1,
2178514,3107587,10631075871302342,,106,1,
2178514,3107588,10631075881302342,,106,1,
2178514,13107589,10631075891302342,,106,1,
2178514,3107590,10631075901302342,,106,1,
2178514,3107591,10631075911302342,,106,1,
2178514,3107586,10731075861302342,,107,1,
2178514,3107587,10731075871302342,,107,1,
2178514,3107588,10731075881302342,,107,1,
2178514,13107589,10731075891302342,,107,1,
2178514,3107590,10731075901302342,,107,1,
2178514,3107591,10731075911302342,,107,1,
2178514,3107586,10831075861302342,,108,1,
2178514,3107587,10831075871302342,,108,1,
2178514,3107588,10831075881302342,,108,1,
2178514,3107590,10831075901302342,,108,1,
2178514,3107591,10831075911302342,,108,1,
2178514,3107586,10931075861302342,,109,1,
2178514,3107587,10931075871302342,,109,1,
2178514,3107588,10931075881302342,,109,1,
2178514,3107590,10931075901302342,,109,1,
2178514,3107591,10931075911302342,,109,1,
2178514,3107586,11031075861302342,,110,1,
2178514,3107587,11031075871302342,,110,1,
2178514,3107588,11031075881302342,,110,1,
2178514,3107590,11031075901302342,,110,1,
2178514,3107591,11031075911302342,,110,1,
2178514,3107586,11131075861302342,,111,1,
2178514,3107587,11131075871302342,,111,1,
2178514,13107588,11131075881302342,,111,1,
2178514,3107590,11131075901302342,,111,1,
2178514,3107591,11131075911302342,,111,1,
2178514,3107586,11231075861302342,,112,1,
2178514,3107587,11231075871302342,,112,1,
2178514,13107588,11231075881302342,,112,1,
2178514,3107590,11231075901302342,,112,1,
2178514,3107591,11231075911302342,,112,1,
2178514,3107585,1131075851302342,,11,1,
2178514,3107586,1131075861302342,,11,1,
2178514,3107587,1131075871302342,,11,1,
2178514,3107588,1131075881302342,,11,1,
2178514,3107589,1131075891302342,,11,1,
2178514,3107590,1131075901302342,,11,1,
2178514,3107591,1131075911302342,,11,1,
2178514,3107586,11331075861302342,,113,1,
2178514,3107587,11331075871302342,,113,1,
2178514,13107588,11331075881302342,,113,1,
2178514,3107590,11331075901302342,,113,1,
2178514,3107591,11331075911302342,,113,1,
2178514,3107586,11431075861302342,,114,1,
2178514,3107587,11431075871302342,,114,1,
2178514,13107588,11431075881302342,,114,1,
2178514,3107590,11431075901302342,,114,1,
2178514,3107591,11431075911302342,,114,1,
2178514,3107586,11531075861302342,,115,1,
2178514,3107587,11531075871302342,,115,1,
2178514,13107588,11531075881302342,,115,1,
2178514,3107590,11531075901302342,,115,1,
2178514,3107591,11531075911302342,,115,1,
2178514,3107586,11631075861302342,,116,1,
2178514,3107587,11631075871302342,,116,1,
2178514,3107590,11631075901302342,,116,1,
2178514,3107591,11631075911302342,,116,1,
2178514,3107586,11731075861302342,,117,1,
2178514,3107587,11731075871302342,,117,1,
2178514,3107590,11731075901302342,,117,1,
2178514,3107591,11731075911302342,,117,1,
2178514,3107586,11831075861302342,,118,1,
2178514,3107587,11831075871302342,,118,1,
2178514,3107590,11831075901302342,,118,1,
2178514,3107591,11831075911302342,,118,1,
2178514,3107586,11931075861302342,,119,1,
2178514,3107587,11931075871302342,,119,1,
2178514,3107590,11931075901302342,,119,1,
2178514,3107591,11931075911302342,,119,1,
2178514,3107586,12031075861302342,,120,1,
2178514,3107587,12031075871302342,,120,1,
2178514,3107590,12031075901302342,,120,1,
2178514,3107591,12031075911302342,,120,1,
2178514,3107586,12131075861302342,,121,1,
2178514,3107587,12131075871302342,,121,1,
2178514,3107590,12131075901302342,,121,1,
2178514,3107591,12131075911302342,,121,1,
2178514,3107586,12231075861302342,,122,1,
2178514,3107587,12231075871302342,,122,1,
2178514,3107590,12231075901302342,,122,1,
2178514,3107591,12231075911302342,,122,1,
2178514,3107585,1231075851302342,,12,1,
2178514,3107586,1231075861302342,,12,1,
2178514,3107587,1231075871302342,,12,1,
2178514,3107588,1231075881302342,,12,1,
2178514,3107589,1231075891302342,,12,1,
2178514,3107590,1231075901302342,,12,1,
2178514,3107591,1231075911302342,,12,1,
2178514,3107586,12331075861302342,,123,1,
2178514,3107587,12331075871302342,,123,1,
2178514,3107590,12331075901302342,,123,1,
2178514,3107591,12331075911302342,,123,1,
2178514,13107586,12431075861302342,,124,1,
2178514,3107587,12431075871302342,,124,1,
2178514,13107590,12431075901302342,,124,1,
2178514,3107591,12431075911302342,,124,1,
2178514,13107586,12531075861302342,,125,1,
2178514,3107587,12531075871302342,,125,1,
2178514,13107590,12531075901302342,,125,1,
2178514,3107591,12531075911302342,,125,1,
2178514,13107586,12631075861302342,,126,1,
2178514,3107587,12631075871302342,,126,1,
2178514,13107590,12631075901302342,,126,1,
2178514,3107591,12631075911302342,,126,1,
2178514,3107587,12731075871302342,,127,1,
2178514,13107590,12731075901302342,,127,1,
2178514,3107591,12731075911302342,,127,1,
2178514,3107587,12831075871302342,,128,1,
2178514,13107590,12831075901302342,,128,1,
2178514,3107591,12831075911302342,,128,1,
2178514,3107587,12931075871302342,,129,1,
2178514,13107590,12931075901302342,,129,1,
2178514,3107591,12931075911302342,,129,1,
2178514,3107587,13031075871302342,,130,1,
2178514,3107591,13031075911302342,,130,1,
2178514,3107585,131075851302342,,1,1,
2178514,3107586,131075861302342,,1,1,
2178514,3107587,131075871302342,,1,1,
2178514,3107588,131075881302342,,1,1,
2178514,3107589,131075891302342,,1,1,
2178514,3107590,131075901302342,,1,1,
2178514,3107591,131075911302342,,1,1,
2178514,3107587,13131075871302342,,131,1,
2178514,3107591,13131075911302342,,131,1,
2178514,3107587,13231075871302342,,132,1,
2178514,3107591,13231075911302342,,132,1,
2178514,3107585,1331075851302342,,13,1,
2178514,3107586,1331075861302342,,13,1,
2178514,3107587,1331075871302342,,13,1,
2178514,3107588,1331075881302342,,13,1,
2178514,3107589,1331075891302342,,13,1,
2178514,3107590,1331075901302342,,13,1,
2178514,3107591,1331075911302342,,13,1,
2178514,3107587,13331075871302342,,133,1,
2178514,3107591,13331075911302342,,133,1,
2178514,3107587,13431075871302342,,134,1,
2178514,3107591,13431075911302342,,134,1,
2178514,3107587,13531075871302342,,135,1,
2178514,3107591,13531075911302342,,135,1,
2178514,3107587,13631075871302342,,136,1,
2178514,3107591,13631075911302342,,136,1,
2178514,3107587,13731075871302342,,137,1,
2178514,3107591,13731075911302342,,137,1,
2178514,3107587,13831075871302342,,138,1,
2178514,3107591,13831075911302342,,138,1,
2178514,3107587,13931075871302342,,139,1,
2178514,3107591,13931075911302342,,139,1,
2178514,3107587,14031075871302342,,140,1,
2178514,3107591,14031075911302342,,140,1,
2178514,3107587,14131075871302342,,141,1,
2178514,3107591,14131075911302342,,141,1,
2178514,3107587,14231075871302342,,142,1,
2178514,3107591,14231075911302342,,142,1,
2178514,3107585,1431075851302342,,14,1,
2178514,3107586,1431075861302342,,14,1,
2178514,3107587,1431075871302342,,14,1,
2178514,3107588,1431075881302342,,14,1,
2178514,3107589,1431075891302342,,14,1,
2178514,3107590,1431075901302342,,14,1,
2178514,3107591,1431075911302342,,14,1,
2178514,3107587,14331075871302342,,143,1,
2178514,3107591,14331075911302342,,143,1,
2178514,3107587,14431075871302342,,144,1,
2178514,3107591,14431075911302342,,144,1,
2178514,3107587,14531075871302342,,145,1,
2178514,3107591,14531075911302342,,145,1,
2178514,3107587,14631075871302342,,146,1,
2178514,3107591,14631075911302342,,146,1,
2178514,3107587,14731075871302342,,147,1,
2178514,3107591,14731075911302342,,147,1,
2178514,3107587,14831075871302342,,148,1,
2178514,3107591,14831075911302342,,148,1,
2178514,3107587,14931075871302342,,149,1,
2178514,3107591,14931075911302342,,149,1,
2178514,3107587,15031075871302342,,150,1,
2178514,3107591,15031075911302342,,150,1,
2178514,3107587,15131075871302342,,151,1,
2178514,3107591,15131075911302342,,151,1,
2178514,3107587,15231075871302342,,152,1,
2178514,3107591,15231075911302342,,152,1,
2178514,3107585,1531075851302342,,15,1,
2178514,3107586,1531075861302342,,15,1,
2178514,3107587,1531075871302342,,15,1,
2178514,3107588,1531075881302342,,15,1,
2178514,3107589,1531075891302342,,15,1,
2178514,3107590,1531075901302342,,15,1,
2178514,3107591,1531075911302342,,15,1,
2178514,3107587,15331075871302342,,153,1,
2178514,3107591,15331075911302342,,153,1,
2178514,3107587,15431075871302342,,154,1,
2178514,3107591,15431075911302342,,154,1,
2178514,3107587,15531075871302342,,155,1,
2178514,3107591,15531075911302342,,155,1,
2178514,3107587,15631075871302342,,156,1,
2178514,3107591,15631075911302342,,156,1,
2178514,3107587,15731075871302342,,157,1,
2178514,3107591,15731075911302342,,157,1,
2178514,13107587,15831075871302342,,158,1,
2178514,13107591,15831075911302342,,158,1,
2178514,13107587,15931075871302342,,159,1,
2178514,13107591,15931075911302342,,159,1,
2178514,13107587,16031075871302342,,160,1,
2178514,13107591,16031075911302342,,160,1,
2178514,13107591,16131075911302342,,161,1,
2178514,13107591,16231075911302342,,162,1,
2178514,3107585,1631075851302342,,16,1,
2178514,3107586,1631075861302342,,16,1,
2178514,3107587,1631075871302342,,16,1,
2178514,3107588,1631075881302342,,16,1,
2178514,3107589,1631075891302342,,16,1,
2178514,3107590,1631075901302342,,16,1,
2178514,3107591,1631075911302342,,16,1,
2178514,13107591,16331075911302342,,163,1,
2178514,3107585,1731075851302342,,17,1,
2178514,3107586,1731075861302342,,17,1,
2178514,3107587,1731075871302342,,17,1,
2178514,3107588,1731075881302342,,17,1,
2178514,3107589,1731075891302342,,17,1,
2178514,3107590,1731075901302342,,17,1,
2178514,3107591,1731075911302342,,17,1,
2178514,3107585,1831075851302342,,18,1,
2178514,3107586,1831075861302342,,18,1,
2178514,3107587,1831075871302342,,18,1,
2178514,3107588,1831075881302342,,18,1,
2178514,3107589,1831075891302342,,18,1,
2178514,3107590,1831075901302342,,18,1,
2178514,3107591,1831075911302342,,18,1,
2178514,3107585,1931075851302342,,19,1,
2178514,3107586,1931075861302342,,19,1,
2178514,3107587,1931075871302342,,19,1,
2178514,3107588,1931075881302342,,19,1,
2178514,3107589,1931075891302342,,19,1,
2178514,3107590,1931075901302342,,19,1,
2178514,3107591,1931075911302342,,19,1,
2178514,3107585,2031075851302342,,20,1,
2178514,3107586,2031075861302342,,20,1,
2178514,3107587,2031075871302342,,20,1,
2178514,3107588,2031075881302342,,20,1,
2178514,3107589,2031075891302342,,20,1,
2178514,3107590,2031075901302342,,20,1,
2178514,3107591,2031075911302342,,20,1,
2178514,3107585,2131075851302342,,21,1,
2178514,3107586,2131075861302342,,21,1,
2178514,3107587,2131075871302342,,21,1,
2178514,3107588,2131075881302342,,21,1,
2178514,3107589,2131075891302342,,21,1,
2178514,3107590,2131075901302342,,21,1,
2178514,3107591,2131075911302342,,21,1,
2178514,3107585,2231075851302342,,22,1,
2178514,3107586,2231075861302342,,22,1,
2178514,3107587,2231075871302342,,22,1,
2178514,3107588,2231075881302342,,22,1,
2178514,3107589,2231075891302342,,22,1,
2178514,3107590,2231075901302342,,22,1,
2178514,3107591,2231075911302342,,22,1,
2178514,3107585,231075851302342,,2,1,
2178514,3107586,231075861302342,,2,1,
2178514,3107587,231075871302342,,2,1,
2178514,3107588,231075881302342,,2,1,
2178514,3107589,231075891302342,,2,1,
2178514,3107590,231075901302342,,2,1,
2178514,3107591,231075911302342,,2,1,
2178514,3107585,2331075851302342,,23,1,
2178514,3107586,2331075861302342,,23,1,
2178514,3107587,2331075871302342,,23,1,
2178514,3107588,2331075881302342,,23,1,
2178514,3107589,2331075891302342,,23,1,
2178514,3107590,2331075901302342,,23,1,
2178514,3107591,2331075911302342,,23,1,
2178514,3107585,2431075851302342,,24,1,
2178514,3107586,2431075861302342,,24,1,
2178514,3107587,2431075871302342,,24,1,
2178514,3107588,2431075881302342,,24,1,
2178514,3107589,2431075891302342,,24,1,
2178514,3107590,2431075901302342,,24,1,
2178514,3107591,2431075911302342,,24,1,
2178514,3107585,2531075851302342,,25,1,
2178514,3107586,2531075861302342,,25,1,
2178514,3107587,2531075871302342,,25,1,
2178514,3107588,2531075881302342,,25,1,
2178514,3107589,2531075891302342,,25,1,
2178514,3107590,2531075901302342,,25,1,
2178514,3107591,2531075911302342,,25,1,
2178514,3107585,2631075851302342,,26,1,
2178514,3107586,2631075861302342,,26,1,
2178514,3107587,2631075871302342,,26,1,
2178514,3107588,2631075881302342,,26,1,
2178514,3107589,2631075891302342,,26,1,
2178514,3107590,2631075901302342,,26,1,
2178514,3107591,2631075911302342,,26,1,
2178514,3107585,2731075851302342,,27,1,
2178514,3107586,2731075861302342,,27,1,
2178514,3107587,2731075871302342,,27,1,
2178514,3107588,2731075881302342,,27,1,
2178514,3107589,2731075891302342,,27,1,
2178514,3107590,2731075901302342,,27,1,
2178514,3107591,2731075911302342,,27,1,
2178514,3107585,2831075851302342,,28,1,
2178514,3107586,2831075861302342,,28,1,
2178514,3107587,2831075871302342,,28,1,
2178514,3107588,2831075881302342,,28,1,
2178514,3107589,2831075891302342,,28,1,
2178514,3107590,2831075901302342,,28,1,
2178514,3107591,2831075911302342,,28,1,
2178514,3107585,2931075851302342,,29,1,
2178514,3107586,2931075861302342,,29,1,
2178514,3107587,2931075871302342,,29,1,
2178514,3107588,2931075881302342,,29,1,
2178514,3107589,2931075891302342,,29,1,
2178514,3107590,2931075901302342,,29,1,
2178514,3107591,2931075911302342,,29,1,
2178514,3107585,3031075851302342,,30,1,
2178514,3107586,3031075861302342,,30,1,
2178514,3107587,3031075871302342,,30,1,
2178514,3107588,3031075881302342,,30,1,
2178514,3107589,3031075891302342,,30,1,
2178514,3107590,3031075901302342,,30,1,
2178514,3107591,3031075911302342,,30,1,
2178514,3107585,3131075851302342,,31,1,
2178514,3107586,3131075861302342,,31,1,
2178514,3107587,3131075871302342,,31,1,
2178514,3107588,3131075881302342,,31,1,
2178514,3107589,3131075891302342,,31,1,
2178514,3107590,3131075901302342,,31,1,
2178514,3107591,3131075911302342,,31,1,
2178514,3107585,3231075851302342,,32,1,
2178514,3107586,3231075861302342,,32,1,
2178514,3107587,3231075871302342,,32,1,
2178514,3107588,3231075881302342,,32,1,
2178514,3107589,3231075891302342,,32,1,
2178514,3107590,3231075901302342,,32,1,
2178514,3107591,3231075911302342,,32,1,
2178514,3107585,331075851302342,,3,1,
2178514,3107586,331075861302342,,3,1,
2178514,3107587,331075871302342,,3,1,
2178514,3107588,331075881302342,,3,1,
2178514,3107589,331075891302342,,3,1,
2178514,3107590,331075901302342,,3,1,
2178514,3107591,331075911302342,,3,1,
2178514,3107585,3331075851302342,,33,1,
2178514,3107586,3331075861302342,,33,1,
2178514,3107587,3331075871302342,,33,1,
2178514,3107588,3331075881302342,,33,1,
2178514,3107589,3331075891302342,,33,1,
2178514,3107590,3331075901302342,,33,1,
2178514,3107591,3331075911302342,,33,1,
2178514,3107585,3431075851302342,,34,1,
2178514,3107586,3431075861302342,,34,1,
2178514,3107587,3431075871302342,,34,1,
2178514,3107588,3431075881302342,,34,1,
2178514,3107589,3431075891302342,,34,1,
2178514,3107590,3431075901302342,,34,1,
2178514,3107591,3431075911302342,,34,1,
2178514,3107585,3531075851302342,,35,1,
2178514,3107586,3531075861302342,,35,1,
2178514,3107587,3531075871302342,,35,1,
2178514,3107588,3531075881302342,,35,1,
2178514,3107589,3531075891302342,,35,1,
2178514,3107590,3531075901302342,,35,1,
2178514,3107591,3531075911302342,,35,1,
2178514,3107585,3631075851302342,,36,1,
2178514,3107586,3631075861302342,,36,1,
2178514,3107587,3631075871302342,,36,1,
2178514,3107588,3631075881302342,,36,1,
2178514,3107589,3631075891302342,,36,1,
2178514,3107590,3631075901302342,,36,1,
2178514,3107591,3631075911302342,,36,1,
2178514,3107585,3731075851302342,,37,1,
2178514,3107586,3731075861302342,,37,1,
2178514,3107587,3731075871302342,,37,1,
2178514,3107588,3731075881302342,,37,1,
2178514,3107589,3731075891302342,,37,1,
2178514,3107590,3731075901302342,,37,1,
2178514,3107591,3731075911302342,,37,1,
2178514,3107585,3831075851302342,,38,1,
2178514,3107586,3831075861302342,,38,1,
2178514,3107587,3831075871302342,,38,1,
2178514,3107588,3831075881302342,,38,1,
2178514,3107589,3831075891302342,,38,1,
2178514,3107590,3831075901302342,,38,1,
2178514,3107591,3831075911302342,,38,1,
2178514,3107585,3931075851302342,,39,1,
2178514,3107586,3931075861302342,,39,1,
2178514,3107587,3931075871302342,,39,1,
2178514,3107588,3931075881302342,,39,1,
2178514,3107589,3931075891302342,,39,1,
2178514,3107590,3931075901302342,,39,1,
2178514,3107591,3931075911302342,,39,1,
2178514,3107585,4031075851302342,,40,1,
2178514,3107586,4031075861302342,,40,1,
2178514,3107587,4031075871302342,,40,1,
2178514,3107588,4031075881302342,,40,1,
2178514,3107589,4031075891302342,,40,1,
2178514,3107590,4031075901302342,,40,1,
2178514,3107591,4031075911302342,,40,1,
2178514,3107585,4131075851302342,,41,1,
2178514,3107586,4131075861302342,,41,1,
2178514,3107587,4131075871302342,,41,1,
2178514,3107588,4131075881302342,,41,1,
2178514,3107589,4131075891302342,,41,1,
2178514,3107590,4131075901302342,,41,1,
2178514,3107591,4131075911302342,,41,1,
2178514,3107585,4231075851302342,,42,1,
2178514,3107586,4231075861302342,,42,1,
2178514,3107587,4231075871302342,,42,1,
2178514,3107588,4231075881302342,,42,1,
2178514,3107589,4231075891302342,,42,1,
2178514,3107590,4231075901302342,,42,1,
2178514,3107591,4231075911302342,,42,1,
2178514,3107585,431075851302342,,4,1,
2178514,3107586,431075861302342,,4,1,
2178514,3107587,431075871302342,,4,1,
2178514,3107588,431075881302342,,4,1,
2178514,3107589,431075891302342,,4,1,
2178514,3107590,431075901302342,,4,1,
2178514,3107591,431075911302342,,4,1,
2178514,3107585,4331075851302342,,43,1,
2178514,3107586,4331075861302342,,43,1,
2178514,3107587,4331075871302342,,43,1,
2178514,3107588,4331075881302342,,43,1,
2178514,3107589,4331075891302342,,43,1,
2178514,3107590,4331075901302342,,43,1,
2178514,3107591,4331075911302342,,43,1,
2178514,3107585,4431075851302342,,44,1,
2178514,3107586,4431075861302342,,44,1,
2178514,3107587,4431075871302342,,44,1,
2178514,3107588,4431075881302342,,44,1,
2178514,3107589,4431075891302342,,44,1,
2178514,3107590,4431075901302342,,44,1,
2178514,3107591,4431075911302342,,44,1,
2178514,3107585,4531075851302342,,45,1,
2178514,3107586,4531075861302342,,45,1,
2178514,3107587,4531075871302342,,45,1,
2178514,3107588,4531075881302342,,45,1,
2178514,3107589,4531075891302342,,45,1,
2178514,3107590,4531075901302342,,45,1,
2178514,3107591,4531075911302342,,45,1,
2178514,3107585,4631075851302342,,46,1,
2178514,3107586,4631075861302342,,46,1,
2178514,3107587,4631075871302342,,46,1,
2178514,3107588,4631075881302342,,46,1,
2178514,3107589,4631075891302342,,46,1,
2178514,3107590,4631075901302342,,46,1,
2178514,3107591,4631075911302342,,46,1,
2178514,3107585,4731075851302342,,47,1,
2178514,3107586,4731075861302342,,47,1,
2178514,3107587,4731075871302342,,47,1,
2178514,3107588,4731075881302342,,47,1,
2178514,3107589,4731075891302342,,47,1,
2178514,3107590,4731075901302342,,47,1,
2178514,3107591,4731075911302342,,47,1,
2178514,3107585,4831075851302342,,48,1,
2178514,3107586,4831075861302342,,48,1,
2178514,3107587,4831075871302342,,48,1,
2178514,3107588,4831075881302342,,48,1,
2178514,3107589,4831075891302342,,48,1,
2178514,3107590,4831075901302342,,48,1,
2178514,3107591,4831075911302342,,48,1,
2178514,3107585,4931075851302342,,49,1,
2178514,3107586,4931075861302342,,49,1,
2178514,3107587,4931075871302342,,49,1,
2178514,3107588,4931075881302342,,49,1,
2178514,3107589,4931075891302342,,49,1,
2178514,3107590,4931075901302342,,49,1,
2178514,3107591,4931075911302342,,49,1,
2178514,3107585,5031075851302342,,50,1,
2178514,3107586,5031075861302342,,50,1,
2178514,3107587,5031075871302342,,50,1,
2178514,3107588,5031075881302342,,50,1,
2178514,3107589,5031075891302342,,50,1,
2178514,3107590,5031075901302342,,50,1,
2178514,3107591,5031075911302342,,50,1,
2178514,3107585,5131075851302342,,51,1,
2178514,3107586,5131075861302342,,51,1,
2178514,3107587,5131075871302342,,51,1,
2178514,3107588,5131075881302342,,51,1,
2178514,3107589,5131075891302342,,51,1,
2178514,3107590,5131075901302342,,51,1,
2178514,3107591,5131075911302342,,51,1,
2178514,3107585,5231075851302342,,52,1,
2178514,3107586,5231075861302342,,52,1,
2178514,3107587,5231075871302342,,52,1,
2178514,3107588,5231075881302342,,52,1,
2178514,3107589,5231075891302342,,52,1,
2178514,3107590,5231075901302342,,52,1,
2178514,3107591,5231075911302342,,52,1,
2178514,3107585,531075851302342,,5,1,
2178514,3107586,531075861302342,,5,1,
2178514,3107587,531075871302342,,5,1,
2178514,3107588,531075881302342,,5,1,
2178514,3107589,531075891302342,,5,1,
2178514,3107590,531075901302342,,5,1,
2178514,3107591,531075911302342,,5,1,
2178514,3107585,5331075851302342,,53,1,
2178514,3107586,5331075861302342,,53,1,
2178514,3107587,5331075871302342,,53,1,
2178514,3107588,5331075881302342,,53,1,
2178514,3107589,5331075891302342,,53,1,
2178514,3107590,5331075901302342,,53,1,
2178514,3107591,5331075911302342,,53,1,
2178514,3107585,5431075851302342,,54,1,
2178514,3107586,5431075861302342,,54,1,
2178514,3107587,5431075871302342,,54,1,
2178514,3107588,5431075881302342,,54,1,
2178514,3107589,5431075891302342,,54,1,
2178514,3107590,5431075901302342,,54,1,
2178514,3107591,5431075911302342,,54,1,
2178514,3107585,5531075851302342,,55,1,
2178514,3107586,5531075861302342,,55,1,
2178514,3107587,5531075871302342,,55,1,
2178514,3107588,5531075881302342,,55,1,
2178514,3107589,5531075891302342,,55,1,
2178514,3107590,5531075901302342,,55,1,
2178514,3107591,5531075911302342,,55,1,
2178514,3107585,5631075851302342,,56,1,
2178514,3107586,5631075861302342,,56,1,
2178514,3107587,5631075871302342,,56,1,
2178514,3107588,5631075881302342,,56,1,
2178514,3107589,5631075891302342,,56,1,
2178514,3107590,5631075901302342,,56,1,
2178514,3107591,5631075911302342,,56,1,
2178514,3107585,5731075851302342,,57,1,
2178514,3107586,5731075861302342,,57,1,
2178514,3107587,5731075871302342,,57,1,
2178514,3107588,5731075881302342,,57,1,
2178514,3107589,5731075891302342,,57,1,
2178514,3107590,5731075901302342,,57,1,
2178514,3107591,5731075911302342,,57,1,
2178514,3107585,5831075851302342,,58,1,
2178514,3107586,5831075861302342,,58,1,
2178514,3107587,5831075871302342,,58,1,
2178514,3107588,5831075881302342,,58,1,
2178514,3107589,5831075891302342,,58,1,
2178514,3107590,5831075901302342,,58,1,
2178514,3107591,5831075911302342,,58,1,
2178514,3107585,5931075851302342,,59,1,
2178514,3107586,5931075861302342,,59,1,
2178514,3107587,5931075871302342,,59,1,
2178514,3107588,5931075881302342,,59,1,
2178514,3107589,5931075891302342,,59,1,
2178514,3107590,5931075901302342,,59,1,
2178514,3107591,5931075911302342,,59,1,
2178514,3107585,6031075851302342,,60,1,
2178514,3107586,6031075861302342,,60,1,
2178514,3107587,6031075871302342,,60,1,
2178514,3107588,6031075881302342,,60,1,
2178514,3107589,6031075891302342,,60,1,
2178514,3107590,6031075901302342,,60,1,
2178514,3107591,6031075911302342,,60,1,
2178514,3107585,6131075851302342,,61,1,
2178514,3107586,6131075861302342,,61,1,
2178514,3107587,6131075871302342,,61,1,
2178514,3107588,6131075881302342,,61,1,
2178514,3107589,6131075891302342,,61,1,
2178514,3107590,6131075901302342,,61,1,
2178514,3107591,6131075911302342,,61,1,
2178514,3107585,6231075851302342,,62,1,
2178514,3107586,6231075861302342,,62,1,
2178514,3107587,6231075871302342,,62,1,
2178514,3107588,6231075881302342,,62,1,
2178514,3107589,6231075891302342,,62,1,
2178514,3107590,6231075901302342,,62,1,
2178514,3107591,6231075911302342,,62,1,
2178514,3107585,631075851302342,,6,1,
2178514,3107586,631075861302342,,6,1,
2178514,3107587,631075871302342,,6,1,
2178514,3107588,631075881302342,,6,1,
2178514,3107589,631075891302342,,6,1,
2178514,3107590,631075901302342,,6,1,
2178514,3107591,631075911302342,,6,1,
2178514,3107585,6331075851302342,,63,1,
2178514,3107586,6331075861302342,,63,1,
2178514,3107587,6331075871302342,,63,1,
2178514,3107588,6331075881302342,,63,1,
2178514,3107589,6331075891302342,,63,1,
2178514,3107590,6331075901302342,,63,1,
2178514,3107591,6331075911302342,,63,1,
2178514,3107585,6431075851302342,,64,1,
2178514,3107586,6431075861302342,,64,1,
2178514,3107587,6431075871302342,,64,1,
2178514,3107588,6431075881302342,,64,1,
2178514,3107589,6431075891302342,,64,1,
2178514,3107590,6431075901302342,,64,1,
2178514,3107591,6431075911302342,,64,1,
2178514,3107585,6531075851302342,,65,1,
2178514,3107586,6531075861302342,,65,1,
2178514,3107587,6531075871302342,,65,1,
2178514,3107588,6531075881302342,,65,1,
2178514,3107589,6531075891302342,,65,1,
2178514,3107590,6531075901302342,,65,1,
2178514,3107591,6531075911302342,,65,1,
2178514,3107585,6631075851302342,,66,1,
2178514,3107586,6631075861302342,,66,1,
2178514,3107587,6631075871302342,,66,1,
2178514,3107588,6631075881302342,,66,1,
2178514,3107589,6631075891302342,,66,1,
2178514,3107590,6631075901302342,,66,1,
2178514,3107591,6631075911302342,,66,1,
2178514,3107585,6731075851302342,,67,1,
2178514,3107586,6731075861302342,,67,1,
2178514,3107587,6731075871302342,,67,1,
2178514,3107588,6731075881302342,,67,1,
2178514,3107589,6731075891302342,,67,1,
2178514,3107590,6731075901302342,,67,1,
2178514,3107591,6731075911302342,,67,1,
2178514,3107585,6831075851302342,,68,1,
2178514,3107586,6831075861302342,,68,1,
2178514,3107587,6831075871302342,,68,1,
2178514,3107588,6831075881302342,,68,1,
2178514,3107589,6831075891302342,,68,1,
2178514,3107590,6831075901302342,,68,1,
2178514,3107591,6831075911302342,,68,1,
2178514,3107585,6931075851302342,,69,1,
2178514,3107586,6931075861302342,,69,1,
2178514,3107587,6931075871302342,,69,1,
2178514,3107588,6931075881302342,,69,1,
2178514,3107589,6931075891302342,,69,1,
2178514,3107590,6931075901302342,,69,1,
2178514,3107591,6931075911302342,,69,1,
2178514,3107585,7031075851302342,,70,1,
2178514,3107586,7031075861302342,,70,1,
2178514,3107587,7031075871302342,,70,1,
2178514,3107588,7031075881302342,,70,1,
2178514,3107589,7031075891302342,,70,1,
2178514,3107590,7031075901302342,,70,1,
2178514,3107591,7031075911302342,,70,1,
2178514,3107585,7131075851302342,,71,1,
2178514,3107586,7131075861302342,,71,1,
2178514,3107587,7131075871302342,,71,1,
2178514,3107588,7131075881302342,,71,1,
2178514,3107589,7131075891302342,,71,1,
2178514,3107590,7131075901302342,,71,1,
2178514,3107591,7131075911302342,,71,1,
2178514,3107585,7231075851302342,,72,1,
2178514,3107586,7231075861302342,,72,1,
2178514,3107587,7231075871302342,,72,1,
2178514,3107588,7231075881302342,,72,1,
2178514,3107589,7231075891302342,,72,1,
2178514,3107590,7231075901302342,,72,1,
2178514,3107591,7231075911302342,,72,1,
2178514,3107585,731075851302342,,7,1,
2178514,3107586,731075861302342,,7,1,
2178514,3107587,731075871302342,,7,1,
2178514,3107588,731075881302342,,7,1,
2178514,3107589,731075891302342,,7,1,
2178514,3107590,731075901302342,,7,1,
2178514,3107591,731075911302342,,7,1,
2178514,3107585,7331075851302342,,73,1,
2178514,3107586,7331075861302342,,73,1,
2178514,3107587,7331075871302342,,73,1,
2178514,3107588,7331075881302342,,73,1,
2178514,3107589,7331075891302342,,73,1,
2178514,3107590,7331075901302342,,73,1,
2178514,3107591,7331075911302342,,73,1,
2178514,3107585,7431075851302342,,74,1,
2178514,3107586,7431075861302342,,74,1,
2178514,3107587,7431075871302342,,74,1,
2178514,3107588,7431075881302342,,74,1,
2178514,3107589,7431075891302342,,74,1,
2178514,3107590,7431075901302342,,74,1,
2178514,3107591,7431075911302342,,74,1,
2178514,3107585,7531075851302342,,75,1,
2178514,3107586,7531075861302342,,75,1,
2178514,3107587,7531075871302342,,75,1,
2178514,3107588,7531075881302342,,75,1,
2178514,3107589,7531075891302342,,75,1,
2178514,3107590,7531075901302342,,75,1,
2178514,3107591,7531075911302342,,75,1,
2178514,3107585,7631075851302342,,76,1,
2178514,3107586,7631075861302342,,76,1,
2178514,3107587,7631075871302342,,76,1,
2178514,3107588,7631075881302342,,76,1,
2178514,3107589,7631075891302342,,76,1,
2178514,3107590,7631075901302342,,76,1,
2178514,3107591,7631075911302342,,76,1,
2178514,3107585,7731075851302342,,77,1,
2178514,3107586,7731075861302342,,77,1,
2178514,3107587,7731075871302342,,77,1,
2178514,3107588,7731075881302342,,77,1,
2178514,3107589,7731075891302342,,77,1,
2178514,3107590,7731075901302342,,77,1,
2178514,3107591,7731075911302342,,77,1,
2178514,3107585,7831075851302342,,78,1,
2178514,3107586,7831075861302342,,78,1,
2178514,3107587,7831075871302342,,78,1,
2178514,3107588,7831075881302342,,78,1,
2178514,3107589,7831075891302342,,78,1,
2178514,3107590,7831075901302342,,78,1,
2178514,3107591,7831075911302342,,78,1,
2178514,3107585,7931075851302342,,79,1,
2178514,3107586,7931075861302342,,79,1,
2178514,3107587,7931075871302342,,79,1,
2178514,3107588,7931075881302342,,79,1,
2178514,3107589,7931075891302342,,79,1,
2178514,3107590,7931075901302342,,79,1,
2178514,3107591,7931075911302342,,79,1,
2178514,3107585,8031075851302342,,80,1,
2178514,3107586,8031075861302342,,80,1,
2178514,3107587,8031075871302342,,80,1,
2178514,3107588,8031075881302342,,80,1,
2178514,3107589,8031075891302342,,80,1,
2178514,3107590,8031075901302342,,80,1,
2178514,3107591,8031075911302342,,80,1,
2178514,3107585,8131075851302342,,81,1,
2178514,3107586,8131075861302342,,81,1,
2178514,3107587,8131075871302342,,81,1,
2178514,3107588,8131075881302342,,81,1,
2178514,3107589,8131075891302342,,81,1,
2178514,3107590,8131075901302342,,81,1,
2178514,3107591,8131075911302342,,81,1,
2178514,3107585,8231075851302342,,82,1,
2178514,3107586,8231075861302342,,82,1,
2178514,3107587,8231075871302342,,82,1,
2178514,3107588,8231075881302342,,82,1,
2178514,3107589,8231075891302342,,82,1,
2178514,3107590,8231075901302342,,82,1,
2178514,3107591,8231075911302342,,82,1,
2178514,3107585,831075851302342,,8,1,
2178514,3107586,831075861302342,,8,1,
2178514,3107587,831075871302342,,8,1,
2178514,3107588,831075881302342,,8,1,
2178514,3107589,831075891302342,,8,1,
2178514,3107590,831075901302342,,8,1,
2178514,3107591,831075911302342,,8,1,
2178514,3107585,8331075851302342,,83,1,
2178514,3107586,8331075861302342,,83,1,
2178514,3107587,8331075871302342,,83,1,
2178514,3107588,8331075881302342,,83,1,
2178514,3107589,8331075891302342,,83,1,
2178514,3107590,8331075901302342,,83,1,
2178514,3107591,8331075911302342,,83,1,
2178514,3107585,8431075851302342,,84,1,
2178514,3107586,8431075861302342,,84,1,
2178514,3107587,8431075871302342,,84,1,
2178514,3107588,8431075881302342,,84,1,
2178514,3107589,8431075891302342,,84,1,
2178514,3107590,8431075901302342,,84,1,
2178514,3107591,8431075911302342,,84,1,
2178514,3107585,8531075851302342,,85,1,
2178514,3107586,8531075861302342,,85,1,
2178514,3107587,8531075871302342,,85,1,
2178514,3107588,8531075881302342,,85,1,
2178514,3107589,8531075891302342,,85,1,
2178514,3107590,8531075901302342,,85,1,
2178514,3107591,8531075911302342,,85,1,
2178514,3107585,8631075851302342,,86,1,
2178514,3107586,8631075861302342,,86,1,
2178514,3107587,8631075871302342,,86,1,
2178514,3107588,8631075881302342,,86,1,
2178514,3107589,8631075891302342,,86,1,
2178514,3107590,8631075901302342,,86,1,
2178514,3107591,8631075911302342,,86,1,
2178514,3107585,8731075851302342,,87,1,
2178514,3107586,8731075861302342,,87,1,
2178514,3107587,8731075871302342,,87,1,
2178514,3107588,8731075881302342,,87,1,
2178514,3107589,8731075891302342,,87,1,
2178514,3107590,8731075901302342,,87,1,
2178514,3107591,8731075911302342,,87,1,
2178514,3107585,8831075851302342,,88,1,
2178514,3107586,8831075861302342,,88,1,
2178514,3107587,8831075871302342,,88,1,
2178514,3107588,8831075881302342,,88,1,
2178514,3107589,8831075891302342,,88,1,
2178514,3107590,8831075901302342,,88,1,
2178514,3107591,8831075911302342,,88,1,
2178514,3107585,8931075851302342,,89,1,
2178514,3107586,8931075861302342,,89,1,
2178514,3107587,8931075871302342,,89,1,
2178514,3107588,8931075881302342,,89,1,
2178514,3107589,8931075891302342,,89,1,
2178514,3107590,8931075901302342,,89,1,
2178514,3107591,8931075911302342,,89,1,
2178514,3107585,9031075851302342,,90,1,
2178514,3107586,9031075861302342,,90,1,
2178514,3107587,9031075871302342,,90,1,
2178514,3107588,9031075881302342,,90,1,
2178514,3107589,9031075891302342,,90,1,
2178514,3107590,9031075901302342,,90,1,
2178514,3107591,9031075911302342,,90,1,
2178514,3107585,9131075851302342,,91,1,
2178514,3107586,9131075861302342,,91,1,
2178514,3107587,9131075871302342,,91,1,
2178514,3107588,9131075881302342,,91,1,
2178514,3107589,9131075891302342,,91,1,
2178514,3107590,9131075901302342,,91,1,
2178514,3107591,9131075911302342,,91,1,
2178514,3107585,9231075851302342,,92,1,
2178514,3107586,9231075861302342,,92,1,
2178514,3107587,9231075871302342,,92,1,
2178514,3107588,9231075881302342,,92,1,
2178514,3107589,9231075891302342,,92,1,
2178514,3107590,9231075901302342,,92,1,
2178514,3107591,9231075911302342,,92,1,
2178514,3107585,931075851302342,,9,1,
2178514,3107586,931075861302342,,9,1,
2178514,3107587,931075871302342,,9,1,
2178514,3107588,931075881302342,,9,1,
2178514,3107589,931075891302342,,9,1,
2178514,3107590,931075901302342,,9,1,
2178514,3107591,931075911302342,,9,1,
2178514,3107585,9331075851302342,,93,1,
2178514,3107586,9331075861302342,,93,1,
2178514,3107587,9331075871302342,,93,1,
2178514,3107588,9331075881302342,,93,1,
2178514,3107589,9331075891302342,,93,1,
2178514,3107590,9331075901302342,,93,1,
2178514,3107591,9331075911302342,,93,1,
2178514,3107585,9431075851302342,,94,1,
2178514,3107586,9431075861302342,,94,1,
2178514,3107587,9431075871302342,,94,1,
2178514,3107588,9431075881302342,,94,1,
2178514,3107589,9431075891302342,,94,1,
2178514,3107590,9431075901302342,,94,1,
2178514,3107591,9431075911302342,,94,1,
2178514,3107585,9531075851302342,,95,1,
2178514,3107586,9531075861302342,,95,1,
2178514,3107587,9531075871302342,,95,1,
2178514,3107588,9531075881302342,,95,1,
2178514,3107589,9531075891302342,,95,1,
2178514,3107590,9531075901302342,,95,1,
2178514,3107591,9531075911302342,,95,1,
2178514,3107585,9631075851302342,,96,1,
2178514,3107586,9631075861302342,,96,1,
2178514,3107587,9631075871302342,,96,1,
2178514,3107588,9631075881302342,,96,1,
2178514,3107589,9631075891302342,,96,1,
2178514,3107590,9631075901302342,,96,1,
2178514,3107591,9631075911302342,,96,1,
2178514,3107585,9731075851302342,,97,1,
2178514,3107586,9731075861302342,,97,1,
2178514,3107587,9731075871302342,,97,1,
2178514,3107588,9731075881302342,,97,1,
2178514,3107589,9731075891302342,,97,1,
2178514,3107590,9731075901302342,,97,1,
2178514,3107591,9731075911302342,,97,1,
2178514,3107585,9831075851302342,,98,1,
2178514,3107586,9831075861302342,,98,1,
2178514,3107587,9831075871302342,,98,1,
2178514,3107588,9831075881302342,,98,1,
2178514,3107589,9831075891302342,,98,1,
2178514,3107590,9831075901302342,,98,1,
2178514,3107591,9831075911302342,,98,1,
2178514,3107585,9931075851302342,,99,1,
2178514,3107586,9931075861302342,,99,1,
2178514,3107587,9931075871302342,,99,1,
2178514,3107588,9931075881302342,,99,1,
2178514,3107589,9931075891302342,,99,1,
2178514,3107590,9931075901302342,,99,1,
2178514,3107591,9931075911302342,,99,1,
2178514,3107587,1031075871302343,,10,1,
2178514,3107591,1031075911302343,,10,1,
2178514,3107587,1131075871302343,,11,1,
2178514,3107591,1131075911302343,,11,1,
2178514,3107585,131075851302343,,1,1,
2178514,3107586,131075861302343,,1,1,
2178514,3107587,131075871302343,,1,1,
2178514,3107588,131075881302343,,1,1,
2178514,3107589,131075891302343,,1,1,
2178514,3107590,131075901302343,,1,1,
2178514,3107591,131075911302343,,1,1,
2178514,3107586,231075861302343,,2,1,
2178514,3107587,231075871302343,,2,1,
2178514,3107588,231075881302343,,2,1,
2178514,3107589,231075891302343,,2,1,
2178514,3107590,231075901302343,,2,1,
2178514,3107591,231075911302343,,2,1,
2178514,3107586,331075861302343,,3,1,
2178514,3107587,331075871302343,,3,1,
2178514,3107590,331075901302343,,3,1,
2178514,3107591,331075911302343,,3,1,
2178514,3107586,431075861302343,,4,1,
2178514,3107587,431075871302343,,4,1,
2178514,3107590,431075901302343,,4,1,
2178514,3107591,431075911302343,,4,1,
2178514,3107586,531075861302343,,5,1,
2178514,3107587,531075871302343,,5,1,
2178514,3107590,531075901302343,,5,1,
2178514,3107591,531075911302343,,5,1,
2178514,3107586,631075861302343,,6,1,
2178514,3107587,631075871302343,,6,1,
2178514,3107590,631075901302343,,6,1,
2178514,3107591,631075911302343,,6,1,
2178514,3107586,731075861302343,,7,1,
2178514,3107587,731075871302343,,7,1,
2178514,3107590,731075901302343,,7,1,
2178514,3107591,731075911302343,,7,1,
2178514,3107586,831075861302343,,8,1,
2178514,3107587,831075871302343,,8,1,
2178514,3107590,831075901302343,,8,1,
2178514,3107591,831075911302343,,8,1,
2178514,3107587,931075871302343,,9,1,
2178514,3107591,931075911302343,,9,1,
2178514,3107586,131075861302344,,1,1,
2178514,3107587,131075871302344,,1,1,
2178514,3107588,131075881302344,,1,1,
2178514,3107589,131075891302344,,1,1,
2178514,3107590,131075901302344,,1,1,
2178514,3107591,131075911302344,,1,1,
2178514,3107587,231075871302344,,2,1,
2178514,3107588,231075881302344,,2,1,
2178514,3107589,231075891302344,,2,1,
2178514,3107591,231075911302344,,2,1,
