route_id,service_id,trip_id,trip_headsign,trip_short_name,direction_id,shape_id
2178914,3107149,10031071491949055,,100,0,
2178914,3107150,10031071501949055,,100,0,
2178914,3107151,10031071511949055,,100,0,
2178914,3107154,10031071541949055,,100,0,
2178914,3107155,10031071551949055,,100,0,
2178914,3107156,10031071561949055,,100,0,
2178914,3107157,10031071571949055,,100,0,
2178914,3107149,10131071491949055,,101,0,
2178914,3107150,10131071501949055,,101,0,
2178914,3107151,10131071511949055,,101,0,
2178914,3107154,10131071541949055,,101,0,
2178914,3107155,10131071551949055,,101,0,
2178914,3107156,10131071561949055,,101,0,
2178914,3107157,10131071571949055,,101,0,
2178914,3107149,10231071491949055,,102,0,
2178914,3107150,10231071501949055,,102,0,
2178914,3107151,10231071511949055,,102,0,
2178914,3107154,10231071541949055,,102,0,
2178914,3107155,10231071551949055,,102,0,
2178914,3107156,10231071561949055,,102,0,
2178914,3107157,10231071571949055,,102,0,
2178914,3107149,1031071491949055,,10,0,
2178914,3107150,1031071501949055,,10,0,
2178914,3107151,1031071511949055,,10,0,
2178914,3107153,1031071531949055,,10,0,
2178914,3107154,1031071541949055,,10,0,
2178914,3107155,1031071551949055,,10,0,
2178914,3107156,1031071561949055,,10,0,
2178914,3107157,1031071571949055,,10,0,
2178914,3107149,10331071491949055,,103,0,
2178914,3107150,10331071501949055,,103,0,
2178914,3107151,10331071511949055,,103,0,
2178914,3107154,10331071541949055,,103,0,
2178914,3107155,10331071551949055,,103,0,
2178914,3107156,10331071561949055,,103,0,
2178914,3107157,10331071571949055,,103,0,
2178914,3107149,10431071491949055,,104,0,
2178914,3107150,10431071501949055,,104,0,
2178914,3107151,10431071511949055,,104,0,
2178914,3107154,10431071541949055,,104,0,
2178914,13107155,10431071551949055,,104,0,
2178914,3107156,10431071561949055,,104,0,
2178914,3107157,10431071571949055,,104,0,
2178914,3107149,10531071491949055,,105,0,
2178914,3107150,10531071501949055,,105,0,
2178914,3107151,10531071511949055,,105,0,
2178914,3107154,10531071541949055,,105,0,
2178914,13107155,10531071551949055,,105,0,
2178914,3107156,10531071561949055,,105,0,
2178914,3107157,10531071571949055,,105,0,
2178914,3107149,10631071491949055,,106,0,
2178914,3107150,10631071501949055,,106,0,
2178914,3107151,10631071511949055,,106,0,
2178914,3107154,10631071541949055,,106,0,
2178914,13107155,10631071551949055,,106,0,
2178914,3107156,10631071561949055,,106,0,
2178914,3107157,10631071571949055,,106,0,
2178914,3107149,10731071491949055,,107,0,
2178914,3107150,10731071501949055,,107,0,
2178914,3107151,10731071511949055,,107,0,
2178914,3107154,10731071541949055,,107,0,
2178914,13107155,10731071551949055,,107,0,
2178914,3107156,10731071561949055,,107,0,
2178914,3107157,10731071571949055,,107,0,
2178914,3107149,10831071491949055,,108,0,
2178914,3107150,10831071501949055,,108,0,
2178914,3107151,10831071511949055,,108,0,
2178914,3107154,10831071541949055,,108,0,
2178914,13107155,10831071551949055,,108,0,
2178914,3107156,10831071561949055,,108,0,
2178914,3107157,10831071571949055,,108,0,
2178914,3107149,10931071491949055,,109,0,
2178914,3107150,10931071501949055,,109,0,
2178914,3107151,10931071511949055,,109,0,
2178914,3107154,10931071541949055,,109,0,
2178914,13107155,10931071551949055,,109,0,
2178914,3107156,10931071561949055,,109,0,
2178914,3107157,10931071571949055,,109,0,
2178914,3107149,11031071491949055,,110,0,
2178914,3107150,11031071501949055,,110,0,
2178914,3107151,11031071511949055,,110,0,
2178914,3107154,11031071541949055,,110,0,
2178914,3107156,11031071561949055,,110,0,
2178914,3107157,11031071571949055,,110,0,
2178914,3107149,11131071491949055,,111,0,
2178914,3107150,11131071501949055,,111,0,
2178914,3107151,11131071511949055,,111,0,
2178914,3107154,11131071541949055,,111,0,
2178914,3107156,11131071561949055,,111,0,
2178914,3107157,11131071571949055,,111,0,
2178914,3107149,11231071491949055,,112,0,
2178914,3107150,11231071501949055,,112,0,
2178914,3107151,11231071511949055,,112,0,
2178914,3107154,11231071541949055,,112,0,
2178914,3107156,11231071561949055,,112,0,
2178914,3107157,11231071571949055,,112,0,
2178914,3107149,1131071491949055,,11,0,
2178914,3107150,1131071501949055,,11,0,
2178914,3107151,1131071511949055,,11,0,
2178914,3107153,1131071531949055,,11,0,
2178914,3107154,1131071541949055,,11,0,
2178914,3107155,1131071551949055,,11,0,
2178914,3107156,1131071561949055,,11,0,
2178914,3107157,1131071571949055,,11,0,
2178914,3107149,11331071491949055,,113,0,
2178914,3107150,11331071501949055,,113,0,
2178914,3107151,11331071511949055,,113,0,
2178914,3107154,11331071541949055,,113,0,
2178914,3107156,11331071561949055,,113,0,
2178914,3107157,11331071571949055,,113,0,
2178914,3107149,11431071491949055,,114,0,
2178914,3107150,11431071501949055,,114,0,
2178914,3107151,11431071511949055,,114,0,
2178914,3107154,11431071541949055,,114,0,
2178914,3107156,11431071561949055,,114,0,
2178914,3107157,11431071571949055,,114,0,
2178914,3107149,11531071491949055,,115,0,
2178914,3107150,11531071501949055,,115,0,
2178914,3107151,11531071511949055,,115,0,
2178914,3107154,11531071541949055,,115,0,
2178914,3107156,11531071561949055,,115,0,
2178914,3107157,11531071571949055,,115,0,
2178914,3107149,11631071491949055,,116,0,
2178914,3107150,11631071501949055,,116,0,
2178914,3107151,11631071511949055,,116,0,
2178914,3107154,11631071541949055,,116,0,
2178914,3107156,11631071561949055,,116,0,
2178914,3107157,11631071571949055,,116,0,
2178914,3107149,11731071491949055,,117,0,
2178914,3107150,11731071501949055,,117,0,
2178914,3107151,11731071511949055,,117,0,
2178914,3107154,11731071541949055,,117,0,
2178914,3107156,11731071561949055,,117,0,
2178914,3107157,11731071571949055,,117,0,
2178914,3107149,11831071491949055,,118,0,
2178914,3107150,11831071501949055,,118,0,
2178914,3107151,11831071511949055,,118,0,
2178914,3107154,11831071541949055,,118,0,
2178914,3107156,11831071561949055,,118,0,
2178914,3107157,11831071571949055,,118,0,
2178914,3107149,11931071491949055,,119,0,
2178914,3107150,11931071501949055,,119,0,
2178914,3107151,11931071511949055,,119,0,
2178914,3107154,11931071541949055,,119,0,
2178914,3107156,11931071561949055,,119,0,
2178914,3107157,11931071571949055,,119,0,
2178914,3107149,12031071491949055,,120,0,
2178914,3107150,12031071501949055,,120,0,
2178914,3107151,12031071511949055,,120,0,
2178914,3107154,12031071541949055,,120,0,
2178914,3107156,12031071561949055,,120,0,
2178914,3107157,12031071571949055,,120,0,
2178914,3107149,12131071491949055,,121,0,
2178914,3107150,12131071501949055,,121,0,
2178914,3107151,12131071511949055,,121,0,
2178914,3107154,12131071541949055,,121,0,
2178914,3107156,12131071561949055,,121,0,
2178914,3107157,12131071571949055,,121,0,
2178914,3107149,12231071491949055,,122,0,
2178914,3107150,12231071501949055,,122,0,
2178914,3107151,12231071511949055,,122,0,
2178914,3107154,12231071541949055,,122,0,
2178914,3107156,12231071561949055,,122,0,
2178914,3107157,12231071571949055,,122,0,
2178914,3107149,1231071491949055,,12,0,
2178914,3107150,1231071501949055,,12,0,
2178914,3107151,1231071511949055,,12,0,
2178914,3107153,1231071531949055,,12,0,
2178914,3107154,1231071541949055,,12,0,
2178914,3107155,1231071551949055,,12,0,
2178914,3107156,1231071561949055,,12,0,
2178914,3107157,1231071571949055,,12,0,
2178914,3107149,12331071491949055,,123,0,
2178914,3107150,12331071501949055,,123,0,
2178914,3107151,12331071511949055,,123,0,
2178914,3107154,12331071541949055,,123,0,
2178914,3107156,12331071561949055,,123,0,
2178914,3107157,12331071571949055,,123,0,
2178914,3107149,12431071491949055,,124,0,
2178914,3107150,12431071501949055,,124,0,
2178914,3107151,12431071511949055,,124,0,
2178914,3107154,12431071541949055,,124,0,
2178914,3107156,12431071561949055,,124,0,
2178914,3107157,12431071571949055,,124,0,
2178914,3107149,12531071491949055,,125,0,
2178914,3107150,12531071501949055,,125,0,
2178914,3107151,12531071511949055,,125,0,
2178914,3107154,12531071541949055,,125,0,
2178914,3107156,12531071561949055,,125,0,
2178914,3107157,12531071571949055,,125,0,
2178914,13107149,12631071491949055,,126,0,
2178914,3107150,12631071501949055,,126,0,
2178914,3107151,12631071511949055,,126,0,
2178914,13107154,12631071541949055,,126,0,
2178914,3107156,12631071561949055,,126,0,
2178914,13107157,12631071571949055,,126,0,
2178914,13107149,12731071491949055,,127,0,
2178914,3107150,12731071501949055,,127,0,
2178914,3107151,12731071511949055,,127,0,
2178914,13107154,12731071541949055,,127,0,
2178914,3107156,12731071561949055,,127,0,
2178914,13107157,12731071571949055,,127,0,
2178914,13107149,12831071491949055,,128,0,
2178914,3107150,12831071501949055,,128,0,
2178914,3107151,12831071511949055,,128,0,
2178914,13107154,12831071541949055,,128,0,
2178914,3107156,12831071561949055,,128,0,
2178914,13107157,12831071571949055,,128,0,
2178914,3107150,12931071501949055,,129,0,
2178914,3107151,12931071511949055,,129,0,
2178914,13107154,12931071541949055,,129,0,
2178914,3107156,12931071561949055,,129,0,
2178914,13107157,12931071571949055,,129,0,
2178914,3107150,13031071501949055,,130,0,
2178914,3107151,13031071511949055,,130,0,
2178914,3107156,13031071561949055,,130,0,
2178914,13107157,13031071571949055,,130,0,
2178914,3107149,131071491949055,,1,0,
2178914,3107150,131071501949055,,1,0,
2178914,3107151,131071511949055,,1,0,
2178914,3107153,131071531949055,,1,0,
2178914,3107154,131071541949055,,1,0,
2178914,3107155,131071551949055,,1,0,
2178914,3107156,131071561949055,,1,0,
2178914,3107157,131071571949055,,1,0,
2178914,3107150,13131071501949055,,131,0,
2178914,3107151,13131071511949055,,131,0,
2178914,3107156,13131071561949055,,131,0,
2178914,13107157,13131071571949055,,131,0,
2178914,3107150,13231071501949055,,132,0,
2178914,3107151,13231071511949055,,132,0,
2178914,3107156,13231071561949055,,132,0,
2178914,13107157,13231071571949055,,132,0,
2178914,3107149,1331071491949055,,13,0,
2178914,3107150,1331071501949055,,13,0,
2178914,3107151,1331071511949055,,13,0,
2178914,3107153,1331071531949055,,13,0,
2178914,3107154,1331071541949055,,13,0,
2178914,3107155,1331071551949055,,13,0,
2178914,3107156,1331071561949055,,13,0,
2178914,3107157,1331071571949055,,13,0,
2178914,3107150,13331071501949055,,133,0,
2178914,3107151,13331071511949055,,133,0,
2178914,3107156,13331071561949055,,133,0,
2178914,13107157,13331071571949055,,133,0,
2178914,3107150,13431071501949055,,134,0,
2178914,3107151,13431071511949055,,134,0,
2178914,3107156,13431071561949055,,134,0,
2178914,3107150,13531071501949055,,135,0,
2178914,3107151,13531071511949055,,135,0,
2178914,3107156,13531071561949055,,135,0,
2178914,13107150,13631071501949055,,136,0,
2178914,3107151,13631071511949055,,136,0,
2178914,3107156,13631071561949055,,136,0,
2178914,13107150,13731071501949055,,137,0,
2178914,3107151,13731071511949055,,137,0,
2178914,3107156,13731071561949055,,137,0,
2178914,13107150,13831071501949055,,138,0,
2178914,3107151,13831071511949055,,138,0,
2178914,3107156,13831071561949055,,138,0,
2178914,13107150,13931071501949055,,139,0,
2178914,3107151,13931071511949055,,139,0,
2178914,3107156,13931071561949055,,139,0,
2178914,13107150,14031071501949055,,140,0,
2178914,3107151,14031071511949055,,140,0,
2178914,3107156,14031071561949055,,140,0,
2178914,13107150,14131071501949055,,141,0,
2178914,3107151,14131071511949055,,141,0,
2178914,3107156,14131071561949055,,141,0,
2178914,13107150,14231071501949055,,142,0,
2178914,3107151,14231071511949055,,142,0,
2178914,3107156,14231071561949055,,142,0,
2178914,3107149,1431071491949055,,14,0,
2178914,3107150,1431071501949055,,14,0,
2178914,3107151,1431071511949055,,14,0,
2178914,3107153,1431071531949055,,14,0,
2178914,3107154,1431071541949055,,14,0,
2178914,3107155,1431071551949055,,14,0,
2178914,3107156,1431071561949055,,14,0,
2178914,3107157,1431071571949055,,14,0,
2178914,13107150,14331071501949055,,143,0,
2178914,3107151,14331071511949055,,143,0,
2178914,3107156,14331071561949055,,143,0,
2178914,3107151,14431071511949055,,144,0,
2178914,3107156,14431071561949055,,144,0,
2178914,3107151,14531071511949055,,145,0,
2178914,3107156,14531071561949055,,145,0,
2178914,3107151,14631071511949055,,146,0,
2178914,3107156,14631071561949055,,146,0,
2178914,3107151,14731071511949055,,147,0,
2178914,3107156,14731071561949055,,147,0,
2178914,3107151,14831071511949055,,148,0,
2178914,3107156,14831071561949055,,148,0,
2178914,3107151,14931071511949055,,149,0,
2178914,3107156,14931071561949055,,149,0,
2178914,3107151,15031071511949055,,150,0,
2178914,3107156,15031071561949055,,150,0,
2178914,3107151,15131071511949055,,151,0,
2178914,3107156,15131071561949055,,151,0,
2178914,3107151,15231071511949055,,152,0,
2178914,3107156,15231071561949055,,152,0,
2178914,3107149,1531071491949055,,15,0,
2178914,3107150,1531071501949055,,15,0,
2178914,3107151,1531071511949055,,15,0,
2178914,3107153,1531071531949055,,15,0,
2178914,3107154,1531071541949055,,15,0,
2178914,3107155,1531071551949055,,15,0,
2178914,3107156,1531071561949055,,15,0,
2178914,3107157,1531071571949055,,15,0,
2178914,3107151,15331071511949055,,153,0,
2178914,3107156,15331071561949055,,153,0,
2178914,3107151,15431071511949055,,154,0,
2178914,3107156,15431071561949055,,154,0,
2178914,3107151,15531071511949055,,155,0,
2178914,3107156,15531071561949055,,155,0,
2178914,3107151,15631071511949055,,156,0,
2178914,3107156,15631071561949055,,156,0,
2178914,13107151,15731071511949055,,157,0,
2178914,13107156,15731071561949055,,157,0,
2178914,13107151,15831071511949055,,158,0,
2178914,13107156,15831071561949055,,158,0,
2178914,13107151,15931071511949055,,159,0,
2178914,13107156,15931071561949055,,159,0,
2178914,13107151,16031071511949055,,160,0,
2178914,13107156,16031071561949055,,160,0,
2178914,13107156,16131071561949055,,161,0,
2178914,13107156,16231071561949055,,162,0,
2178914,3107149,1631071491949055,,16,0,
2178914,3107150,1631071501949055,,16,0,
2178914,3107151,1631071511949055,,16,0,
2178914,3107153,1631071531949055,,16,0,
2178914,3107154,1631071541949055,,16,0,
2178914,3107155,1631071551949055,,16,0,
2178914,3107156,1631071561949055,,16,0,
2178914,3107157,1631071571949055,,16,0,
2178914,13107156,16331071561949055,,163,0,
2178914,13107156,16431071561949055,,164,0,
2178914,3107149,1731071491949055,,17,0,
2178914,3107150,1731071501949055,,17,0,
2178914,3107151,1731071511949055,,17,0,
2178914,3107153,1731071531949055,,17,0,
2178914,3107154,1731071541949055,,17,0,
2178914,3107155,1731071551949055,,17,0,
2178914,3107156,1731071561949055,,17,0,
2178914,3107157,1731071571949055,,17,0,
2178914,3107149,1831071491949055,,18,0,
2178914,3107150,1831071501949055,,18,0,
2178914,3107151,1831071511949055,,18,0,
2178914,3107153,1831071531949055,,18,0,
2178914,3107154,1831071541949055,,18,0,
2178914,3107155,1831071551949055,,18,0,
2178914,3107156,1831071561949055,,18,0,
2178914,3107157,1831071571949055,,18,0,
2178914,3107149,1931071491949055,,19,0,
2178914,3107150,1931071501949055,,19,0,
2178914,3107151,1931071511949055,,19,0,
2178914,3107153,1931071531949055,,19,0,
2178914,3107154,1931071541949055,,19,0,
2178914,3107155,1931071551949055,,19,0,
2178914,3107156,1931071561949055,,19,0,
2178914,3107157,1931071571949055,,19,0,
2178914,3107149,2031071491949055,,20,0,
2178914,3107150,2031071501949055,,20,0,
2178914,3107151,2031071511949055,,20,0,
2178914,3107153,2031071531949055,,20,0,
2178914,3107154,2031071541949055,,20,0,
2178914,3107155,2031071551949055,,20,0,
2178914,3107156,2031071561949055,,20,0,
2178914,3107157,2031071571949055,,20,0,
2178914,3107149,2131071491949055,,21,0,
2178914,3107150,2131071501949055,,21,0,
2178914,3107151,2131071511949055,,21,0,
2178914,3107153,2131071531949055,,21,0,
2178914,3107154,2131071541949055,,21,0,
2178914,3107155,2131071551949055,,21,0,
2178914,3107156,2131071561949055,,21,0,
2178914,3107157,2131071571949055,,21,0,
2178914,3107149,2231071491949055,,22,0,
2178914,3107150,2231071501949055,,22,0,
2178914,3107151,2231071511949055,,22,0,
2178914,3107153,2231071531949055,,22,0,
2178914,3107154,2231071541949055,,22,0,
2178914,3107155,2231071551949055,,22,0,
2178914,3107156,2231071561949055,,22,0,
2178914,3107157,2231071571949055,,22,0,
2178914,3107149,231071491949055,,2,0,
2178914,3107150,231071501949055,,2,0,
2178914,3107151,231071511949055,,2,0,
2178914,3107153,231071531949055,,2,0,
2178914,3107154,231071541949055,,2,0,
2178914,3107155,231071551949055,,2,0,
2178914,3107156,231071561949055,,2,0,
2178914,3107157,231071571949055,,2,0,
2178914,3107149,2331071491949055,,23,0,
2178914,3107150,2331071501949055,,23,0,
2178914,3107151,2331071511949055,,23,0,
2178914,3107153,2331071531949055,,23,0,
2178914,3107154,2331071541949055,,23,0,
2178914,3107155,2331071551949055,,23,0,
2178914,3107156,2331071561949055,,23,0,
2178914,3107157,2331071571949055,,23,0,
2178914,3107149,2431071491949055,,24,0,
2178914,3107150,2431071501949055,,24,0,
2178914,3107151,2431071511949055,,24,0,
2178914,3107153,2431071531949055,,24,0,
2178914,3107154,2431071541949055,,24,0,
2178914,3107155,2431071551949055,,24,0,
2178914,3107156,2431071561949055,,24,0,
2178914,3107157,2431071571949055,,24,0,
2178914,3107149,2531071491949055,,25,0,
2178914,3107150,2531071501949055,,25,0,
2178914,3107151,2531071511949055,,25,0,
2178914,3107153,2531071531949055,,25,0,
2178914,3107154,2531071541949055,,25,0,
2178914,3107155,2531071551949055,,25,0,
2178914,3107156,2531071561949055,,25,0,
2178914,3107157,2531071571949055,,25,0,
2178914,3107149,2631071491949055,,26,0,
2178914,3107150,2631071501949055,,26,0,
2178914,3107151,2631071511949055,,26,0,
2178914,3107153,2631071531949055,,26,0,
2178914,3107154,2631071541949055,,26,0,
2178914,3107155,2631071551949055,,26,0,
2178914,3107156,2631071561949055,,26,0,
2178914,3107157,2631071571949055,,26,0,
2178914,3107149,2731071491949055,,27,0,
2178914,3107150,2731071501949055,,27,0,
2178914,3107151,2731071511949055,,27,0,
2178914,3107153,2731071531949055,,27,0,
2178914,3107154,2731071541949055,,27,0,
2178914,3107155,2731071551949055,,27,0,
2178914,3107156,2731071561949055,,27,0,
2178914,3107157,2731071571949055,,27,0,
2178914,3107149,2831071491949055,,28,0,
2178914,3107150,2831071501949055,,28,0,
2178914,3107151,2831071511949055,,28,0,
2178914,3107153,2831071531949055,,28,0,
2178914,3107154,2831071541949055,,28,0,
2178914,3107155,2831071551949055,,28,0,
2178914,3107156,2831071561949055,,28,0,
2178914,3107157,2831071571949055,,28,0,
2178914,3107149,2931071491949055,,29,0,
2178914,3107150,2931071501949055,,29,0,
2178914,3107151,2931071511949055,,29,0,
2178914,3107153,2931071531949055,,29,0,
2178914,3107154,2931071541949055,,29,0,
2178914,3107155,2931071551949055,,29,0,
2178914,3107156,2931071561949055,,29,0,
2178914,3107157,2931071571949055,,29,0,
2178914,3107149,3031071491949055,,30,0,
2178914,3107150,3031071501949055,,30,0,
2178914,3107151,3031071511949055,,30,0,
2178914,3107153,3031071531949055,,30,0,
2178914,3107154,3031071541949055,,30,0,
2178914,3107155,3031071551949055,,30,0,
2178914,3107156,3031071561949055,,30,0,
2178914,3107157,3031071571949055,,30,0,
2178914,3107149,3131071491949055,,31,0,
2178914,3107150,3131071501949055,,31,0,
2178914,3107151,3131071511949055,,31,0,
2178914,3107153,3131071531949055,,31,0,
2178914,3107154,3131071541949055,,31,0,
2178914,3107155,3131071551949055,,31,0,
2178914,3107156,3131071561949055,,31,0,
2178914,3107157,3131071571949055,,31,0,
2178914,3107149,3231071491949055,,32,0,
2178914,3107150,3231071501949055,,32,0,
2178914,3107151,3231071511949055,,32,0,
2178914,3107153,3231071531949055,,32,0,
2178914,3107154,3231071541949055,,32,0,
2178914,3107155,3231071551949055,,32,0,
2178914,3107156,3231071561949055,,32,0,
2178914,3107157,3231071571949055,,32,0,
2178914,3107149,331071491949055,,3,0,
2178914,3107150,331071501949055,,3,0,
2178914,3107151,331071511949055,,3,0,
2178914,3107153,331071531949055,,3,0,
2178914,3107154,331071541949055,,3,0,
2178914,3107155,331071551949055,,3,0,
2178914,3107156,331071561949055,,3,0,
2178914,3107157,331071571949055,,3,0,
2178914,3107149,3331071491949055,,33,0,
2178914,3107150,3331071501949055,,33,0,
2178914,3107151,3331071511949055,,33,0,
2178914,3107153,3331071531949055,,33,0,
2178914,3107154,3331071541949055,,33,0,
2178914,3107155,3331071551949055,,33,0,
2178914,3107156,3331071561949055,,33,0,
2178914,3107157,3331071571949055,,33,0,
2178914,3107149,3431071491949055,,34,0,
2178914,3107150,3431071501949055,,34,0,
2178914,3107151,3431071511949055,,34,0,
2178914,3107153,3431071531949055,,34,0,
2178914,3107154,3431071541949055,,34,0,
2178914,3107155,3431071551949055,,34,0,
2178914,3107156,3431071561949055,,34,0,
2178914,3107157,3431071571949055,,34,0,
2178914,3107149,3531071491949055,,35,0,
2178914,3107150,3531071501949055,,35,0,
2178914,3107151,3531071511949055,,35,0,
2178914,3107153,3531071531949055,,35,0,
2178914,3107154,3531071541949055,,35,0,
2178914,3107155,3531071551949055,,35,0,
2178914,3107156,3531071561949055,,35,0,
2178914,3107157,3531071571949055,,35,0,
2178914,3107149,3631071491949055,,36,0,
2178914,3107150,3631071501949055,,36,0,
2178914,3107151,3631071511949055,,36,0,
2178914,3107153,3631071531949055,,36,0,
2178914,3107154,3631071541949055,,36,0,
2178914,3107155,3631071551949055,,36,0,
2178914,3107156,3631071561949055,,36,0,
2178914,3107157,3631071571949055,,36,0,
2178914,3107149,3731071491949055,,37,0,
2178914,3107150,3731071501949055,,37,0,
2178914,3107151,3731071511949055,,37,0,
2178914,3107153,3731071531949055,,37,0,
2178914,3107154,3731071541949055,,37,0,
2178914,3107155,3731071551949055,,37,0,
2178914,3107156,3731071561949055,,37,0,
2178914,3107157,3731071571949055,,37,0,
2178914,3107149,3831071491949055,,38,0,
2178914,3107150,3831071501949055,,38,0,
2178914,3107151,3831071511949055,,38,0,
2178914,3107153,3831071531949055,,38,0,
2178914,3107154,3831071541949055,,38,0,
2178914,3107155,3831071551949055,,38,0,
2178914,3107156,3831071561949055,,38,0,
2178914,3107157,3831071571949055,,38,0,
2178914,3107149,3931071491949055,,39,0,
2178914,3107150,3931071501949055,,39,0,
2178914,3107151,3931071511949055,,39,0,
2178914,3107153,3931071531949055,,39,0,
2178914,3107154,3931071541949055,,39,0,
2178914,3107155,3931071551949055,,39,0,
2178914,3107156,3931071561949055,,39,0,
2178914,3107157,3931071571949055,,39,0,
2178914,3107149,4031071491949055,,40,0,
2178914,3107150,4031071501949055,,40,0,
2178914,3107151,4031071511949055,,40,0,
2178914,3107153,4031071531949055,,40,0,
2178914,3107154,4031071541949055,,40,0,
2178914,3107155,4031071551949055,,40,0,
2178914,3107156,4031071561949055,,40,0,
2178914,3107157,4031071571949055,,40,0,
2178914,3107149,4131071491949055,,41,0,
2178914,3107150,4131071501949055,,41,0,
2178914,3107151,4131071511949055,,41,0,
2178914,3107153,4131071531949055,,41,0,
2178914,3107154,4131071541949055,,41,0,
2178914,3107155,4131071551949055,,41,0,
2178914,3107156,4131071561949055,,41,0,
2178914,3107157,4131071571949055,,41,0,
2178914,3107149,4231071491949055,,42,0,
2178914,3107150,4231071501949055,,42,0,
2178914,3107151,4231071511949055,,42,0,
2178914,3107153,4231071531949055,,42,0,
2178914,3107154,4231071541949055,,42,0,
2178914,3107155,4231071551949055,,42,0,
2178914,3107156,4231071561949055,,42,0,
2178914,3107157,4231071571949055,,42,0,
2178914,3107149,431071491949055,,4,0,
2178914,3107150,431071501949055,,4,0,
2178914,3107151,431071511949055,,4,0,
2178914,3107153,431071531949055,,4,0,
2178914,3107154,431071541949055,,4,0,
2178914,3107155,431071551949055,,4,0,
2178914,3107156,431071561949055,,4,0,
2178914,3107157,431071571949055,,4,0,
2178914,3107149,4331071491949055,,43,0,
2178914,3107150,4331071501949055,,43,0,
2178914,3107151,4331071511949055,,43,0,
2178914,3107153,4331071531949055,,43,0,
2178914,3107154,4331071541949055,,43,0,
2178914,3107155,4331071551949055,,43,0,
2178914,3107156,4331071561949055,,43,0,
2178914,3107157,4331071571949055,,43,0,
2178914,3107149,4431071491949055,,44,0,
2178914,3107150,4431071501949055,,44,0,
2178914,3107151,4431071511949055,,44,0,
2178914,3107153,4431071531949055,,44,0,
2178914,3107154,4431071541949055,,44,0,
2178914,3107155,4431071551949055,,44,0,
2178914,3107156,4431071561949055,,44,0,
2178914,3107157,4431071571949055,,44,0,
2178914,3107149,4531071491949055,,45,0,
2178914,3107150,4531071501949055,,45,0,
2178914,3107151,4531071511949055,,45,0,
2178914,3107153,4531071531949055,,45,0,
2178914,3107154,4531071541949055,,45,0,
2178914,3107155,4531071551949055,,45,0,
2178914,3107156,4531071561949055,,45,0,
2178914,3107157,4531071571949055,,45,0,
2178914,3107149,4631071491949055,,46,0,
2178914,3107150,4631071501949055,,46,0,
2178914,3107151,4631071511949055,,46,0,
2178914,3107153,4631071531949055,,46,0,
2178914,3107154,4631071541949055,,46,0,
2178914,3107155,4631071551949055,,46,0,
2178914,3107156,4631071561949055,,46,0,
2178914,3107157,4631071571949055,,46,0,
2178914,3107149,4731071491949055,,47,0,
2178914,3107150,4731071501949055,,47,0,
2178914,3107151,4731071511949055,,47,0,
2178914,3107153,4731071531949055,,47,0,
2178914,3107154,4731071541949055,,47,0,
2178914,3107155,4731071551949055,,47,0,
2178914,3107156,4731071561949055,,47,0,
2178914,3107157,4731071571949055,,47,0,
2178914,3107149,4831071491949055,,48,0,
2178914,3107150,4831071501949055,,48,0,
2178914,3107151,4831071511949055,,48,0,
2178914,3107153,4831071531949055,,48,0,
2178914,3107154,4831071541949055,,48,0,
2178914,3107155,4831071551949055,,48,0,
2178914,3107156,4831071561949055,,48,0,
2178914,3107157,4831071571949055,,48,0,
2178914,3107149,4931071491949055,,49,0,
2178914,3107150,4931071501949055,,49,0,
2178914,3107151,4931071511949055,,49,0,
2178914,3107153,4931071531949055,,49,0,
2178914,3107154,4931071541949055,,49,0,
2178914,3107155,4931071551949055,,49,0,
2178914,3107156,4931071561949055,,49,0,
2178914,3107157,4931071571949055,,49,0,
2178914,3107149,5031071491949055,,50,0,
2178914,3107150,5031071501949055,,50,0,
2178914,3107151,5031071511949055,,50,0,
2178914,3107153,5031071531949055,,50,0,
2178914,3107154,5031071541949055,,50,0,
2178914,3107155,5031071551949055,,50,0,
2178914,3107156,5031071561949055,,50,0,
2178914,3107157,5031071571949055,,50,0,
2178914,3107149,5131071491949055,,51,0,
2178914,3107150,5131071501949055,,51,0,
2178914,3107151,5131071511949055,,51,0,
2178914,3107153,5131071531949055,,51,0,
2178914,3107154,5131071541949055,,51,0,
2178914,3107155,5131071551949055,,51,0,
2178914,3107156,5131071561949055,,51,0,
2178914,3107157,5131071571949055,,51,0,
2178914,3107149,5231071491949055,,52,0,
2178914,3107150,5231071501949055,,52,0,
2178914,3107151,5231071511949055,,52,0,
2178914,3107153,5231071531949055,,52,0,
2178914,3107154,5231071541949055,,52,0,
2178914,3107155,5231071551949055,,52,0,
2178914,3107156,5231071561949055,,52,0,
2178914,3107157,5231071571949055,,52,0,
2178914,3107149,531071491949055,,5,0,
2178914,3107150,531071501949055,,5,0,
2178914,3107151,531071511949055,,5,0,
2178914,3107153,531071531949055,,5,0,
2178914,3107154,531071541949055,,5,0,
2178914,3107155,531071551949055,,5,0,
2178914,3107156,531071561949055,,5,0,
2178914,3107157,531071571949055,,5,0,
2178914,3107149,5331071491949055,,53,0,
2178914,3107150,5331071501949055,,53,0,
2178914,3107151,5331071511949055,,53,0,
2178914,3107153,5331071531949055,,53,0,
2178914,3107154,5331071541949055,,53,0,
2178914,3107155,5331071551949055,,53,0,
2178914,3107156,5331071561949055,,53,0,
2178914,3107157,5331071571949055,,53,0,
2178914,3107149,5431071491949055,,54,0,
2178914,3107150,5431071501949055,,54,0,
2178914,3107151,5431071511949055,,54,0,
2178914,3107153,5431071531949055,,54,0,
2178914,3107154,5431071541949055,,54,0,
2178914,3107155,5431071551949055,,54,0,
2178914,3107156,5431071561949055,,54,0,
2178914,3107157,5431071571949055,,54,0,
2178914,3107149,5531071491949055,,55,0,
2178914,3107150,5531071501949055,,55,0,
2178914,3107151,5531071511949055,,55,0,
2178914,3107153,5531071531949055,,55,0,
2178914,3107154,5531071541949055,,55,0,
2178914,3107155,5531071551949055,,55,0,
2178914,3107156,5531071561949055,,55,0,
2178914,3107157,5531071571949055,,55,0,
2178914,3107149,5631071491949055,,56,0,
2178914,3107150,5631071501949055,,56,0,
2178914,3107151,5631071511949055,,56,0,
2178914,3107153,5631071531949055,,56,0,
2178914,3107154,5631071541949055,,56,0,
2178914,3107155,5631071551949055,,56,0,
2178914,3107156,5631071561949055,,56,0,
2178914,3107157,5631071571949055,,56,0,
2178914,3107149,5731071491949055,,57,0,
2178914,3107150,5731071501949055,,57,0,
2178914,3107151,5731071511949055,,57,0,
2178914,3107153,5731071531949055,,57,0,
2178914,3107154,5731071541949055,,57,0,
2178914,3107155,5731071551949055,,57,0,
2178914,3107156,5731071561949055,,57,0,
2178914,3107157,5731071571949055,,57,0,
2178914,3107149,5831071491949055,,58,0,
2178914,3107150,5831071501949055,,58,0,
2178914,3107151,5831071511949055,,58,0,
2178914,3107153,5831071531949055,,58,0,
2178914,3107154,5831071541949055,,58,0,
2178914,3107155,5831071551949055,,58,0,
2178914,3107156,5831071561949055,,58,0,
2178914,3107157,5831071571949055,,58,0,
2178914,3107149,5931071491949055,,59,0,
2178914,3107150,5931071501949055,,59,0,
2178914,3107151,5931071511949055,,59,0,
2178914,3107153,5931071531949055,,59,0,
2178914,3107154,5931071541949055,,59,0,
2178914,3107155,5931071551949055,,59,0,
2178914,3107156,5931071561949055,,59,0,
2178914,3107157,5931071571949055,,59,0,
2178914,3107149,6031071491949055,,60,0,
2178914,3107150,6031071501949055,,60,0,
2178914,3107151,6031071511949055,,60,0,
2178914,3107153,6031071531949055,,60,0,
2178914,3107154,6031071541949055,,60,0,
2178914,3107155,6031071551949055,,60,0,
2178914,3107156,6031071561949055,,60,0,
2178914,3107157,6031071571949055,,60,0,
2178914,3107149,6131071491949055,,61,0,
2178914,3107150,6131071501949055,,61,0,
2178914,3107151,6131071511949055,,61,0,
2178914,3107153,6131071531949055,,61,0,
2178914,3107154,6131071541949055,,61,0,
2178914,3107155,6131071551949055,,61,0,
2178914,3107156,6131071561949055,,61,0,
2178914,3107157,6131071571949055,,61,0,
2178914,3107149,6231071491949055,,62,0,
2178914,3107150,6231071501949055,,62,0,
2178914,3107151,6231071511949055,,62,0,
2178914,3107153,6231071531949055,,62,0,
2178914,3107154,6231071541949055,,62,0,
2178914,3107155,6231071551949055,,62,0,
2178914,3107156,6231071561949055,,62,0,
2178914,3107157,6231071571949055,,62,0,
2178914,3107149,631071491949055,,6,0,
2178914,3107150,631071501949055,,6,0,
2178914,3107151,631071511949055,,6,0,
2178914,3107153,631071531949055,,6,0,
2178914,3107154,631071541949055,,6,0,
2178914,3107155,631071551949055,,6,0,
2178914,3107156,631071561949055,,6,0,
2178914,3107157,631071571949055,,6,0,
2178914,3107149,6331071491949055,,63,0,
2178914,3107150,6331071501949055,,63,0,
2178914,3107151,6331071511949055,,63,0,
2178914,3107153,6331071531949055,,63,0,
2178914,3107154,6331071541949055,,63,0,
2178914,3107155,6331071551949055,,63,0,
2178914,3107156,6331071561949055,,63,0,
2178914,3107157,6331071571949055,,63,0,
2178914,3107149,6431071491949055,,64,0,
2178914,3107150,6431071501949055,,64,0,
2178914,3107151,6431071511949055,,64,0,
2178914,3107153,6431071531949055,,64,0,
2178914,3107154,6431071541949055,,64,0,
2178914,3107155,6431071551949055,,64,0,
2178914,3107156,6431071561949055,,64,0,
2178914,3107157,6431071571949055,,64,0,
2178914,3107149,6531071491949055,,65,0,
2178914,3107150,6531071501949055,,65,0,
2178914,3107151,6531071511949055,,65,0,
2178914,3107153,6531071531949055,,65,0,
2178914,3107154,6531071541949055,,65,0,
2178914,3107155,6531071551949055,,65,0,
2178914,3107156,6531071561949055,,65,0,
2178914,3107157,6531071571949055,,65,0,
2178914,3107149,6631071491949055,,66,0,
2178914,3107150,6631071501949055,,66,0,
2178914,3107151,6631071511949055,,66,0,
2178914,3107153,6631071531949055,,66,0,
2178914,3107154,6631071541949055,,66,0,
2178914,3107155,6631071551949055,,66,0,
2178914,3107156,6631071561949055,,66,0,
2178914,3107157,6631071571949055,,66,0,
2178914,3107149,6731071491949055,,67,0,
2178914,3107150,6731071501949055,,67,0,
2178914,3107151,6731071511949055,,67,0,
2178914,3107153,6731071531949055,,67,0,
2178914,3107154,6731071541949055,,67,0,
2178914,3107155,6731071551949055,,67,0,
2178914,3107156,6731071561949055,,67,0,
2178914,3107157,6731071571949055,,67,0,
2178914,3107149,6831071491949055,,68,0,
2178914,3107150,6831071501949055,,68,0,
2178914,3107151,6831071511949055,,68,0,
2178914,3107153,6831071531949055,,68,0,
2178914,3107154,6831071541949055,,68,0,
2178914,3107155,6831071551949055,,68,0,
2178914,3107156,6831071561949055,,68,0,
2178914,3107157,6831071571949055,,68,0,
2178914,3107149,6931071491949055,,69,0,
2178914,3107150,6931071501949055,,69,0,
2178914,3107151,6931071511949055,,69,0,
2178914,3107153,6931071531949055,,69,0,
2178914,3107154,6931071541949055,,69,0,
2178914,3107155,6931071551949055,,69,0,
2178914,3107156,6931071561949055,,69,0,
2178914,3107157,6931071571949055,,69,0,
2178914,3107149,7031071491949055,,70,0,
2178914,3107150,7031071501949055,,70,0,
2178914,3107151,7031071511949055,,70,0,
2178914,3107153,7031071531949055,,70,0,
2178914,3107154,7031071541949055,,70,0,
2178914,3107155,7031071551949055,,70,0,
2178914,3107156,7031071561949055,,70,0,
2178914,3107157,7031071571949055,,70,0,
2178914,3107149,7131071491949055,,71,0,
2178914,3107150,7131071501949055,,71,0,
2178914,3107151,7131071511949055,,71,0,
2178914,3107153,7131071531949055,,71,0,
2178914,3107154,7131071541949055,,71,0,
2178914,3107155,7131071551949055,,71,0,
2178914,3107156,7131071561949055,,71,0,
2178914,3107157,7131071571949055,,71,0,
2178914,3107149,7231071491949055,,72,0,
2178914,3107150,7231071501949055,,72,0,
2178914,3107151,7231071511949055,,72,0,
2178914,3107153,7231071531949055,,72,0,
2178914,3107154,7231071541949055,,72,0,
2178914,3107155,7231071551949055,,72,0,
2178914,3107156,7231071561949055,,72,0,
2178914,3107157,7231071571949055,,72,0,
2178914,3107149,731071491949055,,7,0,
2178914,3107150,731071501949055,,7,0,
2178914,3107151,731071511949055,,7,0,
2178914,3107153,731071531949055,,7,0,
2178914,3107154,731071541949055,,7,0,
2178914,3107155,731071551949055,,7,0,
2178914,3107156,731071561949055,,7,0,
2178914,3107157,731071571949055,,7,0,
2178914,3107149,7331071491949055,,73,0,
2178914,3107150,7331071501949055,,73,0,
2178914,3107151,7331071511949055,,73,0,
2178914,3107153,7331071531949055,,73,0,
2178914,3107154,7331071541949055,,73,0,
2178914,3107155,7331071551949055,,73,0,
2178914,3107156,7331071561949055,,73,0,
2178914,3107157,7331071571949055,,73,0,
2178914,3107149,7431071491949055,,74,0,
2178914,3107150,7431071501949055,,74,0,
2178914,3107151,7431071511949055,,74,0,
2178914,3107153,7431071531949055,,74,0,
2178914,3107154,7431071541949055,,74,0,
2178914,3107155,7431071551949055,,74,0,
2178914,3107156,7431071561949055,,74,0,
2178914,3107157,7431071571949055,,74,0,
2178914,3107149,7531071491949055,,75,0,
2178914,3107150,7531071501949055,,75,0,
2178914,3107151,7531071511949055,,75,0,
2178914,3107153,7531071531949055,,75,0,
2178914,3107154,7531071541949055,,75,0,
2178914,3107155,7531071551949055,,75,0,
2178914,3107156,7531071561949055,,75,0,
2178914,3107157,7531071571949055,,75,0,
2178914,3107149,7631071491949055,,76,0,
2178914,3107150,7631071501949055,,76,0,
2178914,3107151,7631071511949055,,76,0,
2178914,3107153,7631071531949055,,76,0,
2178914,3107154,7631071541949055,,76,0,
2178914,3107155,7631071551949055,,76,0,
2178914,3107156,7631071561949055,,76,0,
2178914,3107157,7631071571949055,,76,0,
2178914,3107149,7731071491949055,,77,0,
2178914,3107150,7731071501949055,,77,0,
2178914,3107151,7731071511949055,,77,0,
2178914,3107153,7731071531949055,,77,0,
2178914,3107154,7731071541949055,,77,0,
2178914,3107155,7731071551949055,,77,0,
2178914,3107156,7731071561949055,,77,0,
2178914,3107157,7731071571949055,,77,0,
2178914,3107149,7831071491949055,,78,0,
2178914,3107150,7831071501949055,,78,0,
2178914,3107151,7831071511949055,,78,0,
2178914,3107153,7831071531949055,,78,0,
2178914,3107154,7831071541949055,,78,0,
2178914,3107155,7831071551949055,,78,0,
2178914,3107156,7831071561949055,,78,0,
2178914,3107157,7831071571949055,,78,0,
2178914,3107149,7931071491949055,,79,0,
2178914,3107150,7931071501949055,,79,0,
2178914,3107151,7931071511949055,,79,0,
2178914,3107153,7931071531949055,,79,0,
2178914,3107154,7931071541949055,,79,0,
2178914,3107155,7931071551949055,,79,0,
2178914,3107156,7931071561949055,,79,0,
2178914,3107157,7931071571949055,,79,0,
2178914,3107149,8031071491949055,,80,0,
2178914,3107150,8031071501949055,,80,0,
2178914,3107151,8031071511949055,,80,0,
2178914,3107153,8031071531949055,,80,0,
2178914,3107154,8031071541949055,,80,0,
2178914,3107155,8031071551949055,,80,0,
2178914,3107156,8031071561949055,,80,0,
2178914,3107157,8031071571949055,,80,0,
2178914,3107149,8131071491949055,,81,0,
2178914,3107150,8131071501949055,,81,0,
2178914,3107151,8131071511949055,,81,0,
2178914,3107153,8131071531949055,,81,0,
2178914,3107154,8131071541949055,,81,0,
2178914,3107155,8131071551949055,,81,0,
2178914,3107156,8131071561949055,,81,0,
2178914,3107157,8131071571949055,,81,0,
2178914,3107149,8231071491949055,,82,0,
2178914,3107150,8231071501949055,,82,0,
2178914,3107151,8231071511949055,,82,0,
2178914,3107153,8231071531949055,,82,0,
2178914,3107154,8231071541949055,,82,0,
2178914,3107155,8231071551949055,,82,0,
2178914,3107156,8231071561949055,,82,0,
2178914,3107157,8231071571949055,,82,0,
2178914,3107149,831071491949055,,8,0,
2178914,3107150,831071501949055,,8,0,
2178914,3107151,831071511949055,,8,0,
2178914,3107153,831071531949055,,8,0,
2178914,3107154,831071541949055,,8,0,
2178914,3107155,831071551949055,,8,0,
2178914,3107156,831071561949055,,8,0,
2178914,3107157,831071571949055,,8,0,
2178914,3107149,8331071491949055,,83,0,
2178914,3107150,8331071501949055,,83,0,
2178914,3107151,8331071511949055,,83,0,
2178914,3107153,8331071531949055,,83,0,
2178914,3107154,8331071541949055,,83,0,
2178914,3107155,8331071551949055,,83,0,
2178914,3107156,8331071561949055,,83,0,
2178914,3107157,8331071571949055,,83,0,
2178914,3107149,8431071491949055,,84,0,
2178914,3107150,8431071501949055,,84,0,
2178914,3107151,8431071511949055,,84,0,
2178914,3107153,8431071531949055,,84,0,
2178914,3107154,8431071541949055,,84,0,
2178914,3107155,8431071551949055,,84,0,
2178914,3107156,8431071561949055,,84,0,
2178914,3107157,8431071571949055,,84,0,
2178914,3107149,8531071491949055,,85,0,
2178914,3107150,8531071501949055,,85,0,
2178914,3107151,8531071511949055,,85,0,
2178914,3107153,8531071531949055,,85,0,
2178914,3107154,8531071541949055,,85,0,
2178914,3107155,8531071551949055,,85,0,
2178914,3107156,8531071561949055,,85,0,
2178914,3107157,8531071571949055,,85,0,
2178914,3107149,8631071491949055,,86,0,
2178914,3107150,8631071501949055,,86,0,
2178914,3107151,8631071511949055,,86,0,
2178914,3107153,8631071531949055,,86,0,
2178914,3107154,8631071541949055,,86,0,
2178914,3107155,8631071551949055,,86,0,
2178914,3107156,8631071561949055,,86,0,
2178914,3107157,8631071571949055,,86,0,
2178914,3107149,8731071491949055,,87,0,
2178914,3107150,8731071501949055,,87,0,
2178914,3107151,8731071511949055,,87,0,
2178914,3107153,8731071531949055,,87,0,
2178914,3107154,8731071541949055,,87,0,
2178914,3107155,8731071551949055,,87,0,
2178914,3107156,8731071561949055,,87,0,
2178914,3107157,8731071571949055,,87,0,
2178914,3107149,8831071491949055,,88,0,
2178914,3107150,8831071501949055,,88,0,
2178914,3107151,8831071511949055,,88,0,
2178914,3107153,8831071531949055,,88,0,
2178914,3107154,8831071541949055,,88,0,
2178914,3107155,8831071551949055,,88,0,
2178914,3107156,8831071561949055,,88,0,
2178914,3107157,8831071571949055,,88,0,
2178914,3107149,8931071491949055,,89,0,
2178914,3107150,8931071501949055,,89,0,
2178914,3107151,8931071511949055,,89,0,
2178914,3107153,8931071531949055,,89,0,
2178914,3107154,8931071541949055,,89,0,
2178914,3107155,8931071551949055,,89,0,
2178914,3107156,8931071561949055,,89,0,
2178914,3107157,8931071571949055,,89,0,
2178914,3107149,9031071491949055,,90,0,
2178914,3107150,9031071501949055,,90,0,
2178914,3107151,9031071511949055,,90,0,
2178914,3107153,9031071531949055,,90,0,
2178914,3107154,9031071541949055,,90,0,
2178914,3107155,9031071551949055,,90,0,
2178914,3107156,9031071561949055,,90,0,
2178914,3107157,9031071571949055,,90,0,
2178914,3107149,9131071491949055,,91,0,
2178914,3107150,9131071501949055,,91,0,
2178914,3107151,9131071511949055,,91,0,
2178914,3107153,9131071531949055,,91,0,
2178914,3107154,9131071541949055,,91,0,
2178914,3107155,9131071551949055,,91,0,
2178914,3107156,9131071561949055,,91,0,
2178914,3107157,9131071571949055,,91,0,
2178914,3107149,9231071491949055,,92,0,
2178914,3107150,9231071501949055,,92,0,
2178914,3107151,9231071511949055,,92,0,
2178914,3107153,9231071531949055,,92,0,
2178914,3107154,9231071541949055,,92,0,
2178914,3107155,9231071551949055,,92,0,
2178914,3107156,9231071561949055,,92,0,
2178914,3107157,9231071571949055,,92,0,
2178914,3107149,931071491949055,,9,0,
2178914,3107150,931071501949055,,9,0,
2178914,3107151,931071511949055,,9,0,
2178914,3107153,931071531949055,,9,0,
2178914,3107154,931071541949055,,9,0,
2178914,3107155,931071551949055,,9,0,
2178914,3107156,931071561949055,,9,0,
2178914,3107157,931071571949055,,9,0,
2178914,3107149,9331071491949055,,93,0,
2178914,3107150,9331071501949055,,93,0,
2178914,3107151,9331071511949055,,93,0,
2178914,3107153,9331071531949055,,93,0,
2178914,3107154,9331071541949055,,93,0,
2178914,3107155,9331071551949055,,93,0,
2178914,3107156,9331071561949055,,93,0,
2178914,3107157,9331071571949055,,93,0,
2178914,3107149,9431071491949055,,94,0,
2178914,3107150,9431071501949055,,94,0,
2178914,3107151,9431071511949055,,94,0,
2178914,3107153,9431071531949055,,94,0,
2178914,3107154,9431071541949055,,94,0,
2178914,3107155,9431071551949055,,94,0,
2178914,3107156,9431071561949055,,94,0,
2178914,3107157,9431071571949055,,94,0,
2178914,3107149,9531071491949055,,95,0,
2178914,3107150,9531071501949055,,95,0,
2178914,3107151,9531071511949055,,95,0,
2178914,3107153,9531071531949055,,95,0,
2178914,3107154,9531071541949055,,95,0,
2178914,3107155,9531071551949055,,95,0,
2178914,3107156,9531071561949055,,95,0,
2178914,3107157,9531071571949055,,95,0,
2178914,3107149,9631071491949055,,96,0,
2178914,3107150,9631071501949055,,96,0,
2178914,3107151,9631071511949055,,96,0,
2178914,3107153,9631071531949055,,96,0,
2178914,3107154,9631071541949055,,96,0,
2178914,3107155,9631071551949055,,96,0,
2178914,3107156,9631071561949055,,96,0,
2178914,3107157,9631071571949055,,96,0,
2178914,3107149,9731071491949055,,97,0,
2178914,3107150,9731071501949055,,97,0,
2178914,3107151,9731071511949055,,97,0,
2178914,13107153,9731071531949055,,97,0,
2178914,3107154,9731071541949055,,97,0,
2178914,3107155,9731071551949055,,97,0,
2178914,3107156,9731071561949055,,97,0,
2178914,3107157,9731071571949055,,97,0,
2178914,3107149,9831071491949055,,98,0,
2178914,3107150,9831071501949055,,98,0,
2178914,3107151,9831071511949055,,98,0,
2178914,13107153,9831071531949055,,98,0,
2178914,3107154,9831071541949055,,98,0,
2178914,3107155,9831071551949055,,98,0,
2178914,3107156,9831071561949055,,98,0,
2178914,3107157,9831071571949055,,98,0,
2178914,3107149,9931071491949055,,99,0,
2178914,3107150,9931071501949055,,99,0,
2178914,3107151,9931071511949055,,99,0,
2178914,13107153,9931071531949055,,99,0,
2178914,3107154,9931071541949055,,99,0,
2178914,3107155,9931071551949055,,99,0,
2178914,3107156,9931071561949055,,99,0,
2178914,3107157,9931071571949055,,99,0,
2178914,3107150,1031071501949057,,10,0,
2178914,3107151,1031071511949057,,10,0,
2178914,3107154,1031071541949057,,10,0,
2178914,3107155,1031071551949057,,10,0,
2178914,3107156,1031071561949057,,10,0,
2178914,3107157,1031071571949057,,10,0,
2178914,3107150,1131071501949057,,11,0,
2178914,3107151,1131071511949057,,11,0,
2178914,3107154,1131071541949057,,11,0,
2178914,3107155,1131071551949057,,11,0,
2178914,3107156,1131071561949057,,11,0,
2178914,3107157,1131071571949057,,11,0,
2178914,3107150,1231071501949057,,12,0,
2178914,3107151,1231071511949057,,12,0,
2178914,3107154,1231071541949057,,12,0,
2178914,3107155,1231071551949057,,12,0,
2178914,3107156,1231071561949057,,12,0,
2178914,3107157,1231071571949057,,12,0,
2178914,3107150,131071501949057,,1,0,
2178914,3107151,131071511949057,,1,0,
2178914,3107154,131071541949057,,1,0,
2178914,3107155,131071551949057,,1,0,
2178914,3107156,131071561949057,,1,0,
2178914,3107157,131071571949057,,1,0,
2178914,3107150,1331071501949057,,13,0,
2178914,3107151,1331071511949057,,13,0,
2178914,3107154,1331071541949057,,13,0,
2178914,3107155,1331071551949057,,13,0,
2178914,3107156,1331071561949057,,13,0,
2178914,3107157,1331071571949057,,13,0,
2178914,3107150,1431071501949057,,14,0,
2178914,3107151,1431071511949057,,14,0,
2178914,3107154,1431071541949057,,14,0,
2178914,3107155,1431071551949057,,14,0,
2178914,3107156,1431071561949057,,14,0,
2178914,3107157,1431071571949057,,14,0,
2178914,3107150,1531071501949057,,15,0,
2178914,3107151,1531071511949057,,15,0,
2178914,3107154,1531071541949057,,15,0,
2178914,3107155,1531071551949057,,15,0,
2178914,3107156,1531071561949057,,15,0,
2178914,3107157,1531071571949057,,15,0,
2178914,3107150,1631071501949057,,16,0,
2178914,3107151,1631071511949057,,16,0,
2178914,3107154,1631071541949057,,16,0,
2178914,3107155,1631071551949057,,16,0,
2178914,3107156,1631071561949057,,16,0,
2178914,3107157,1631071571949057,,16,0,
2178914,3107150,1731071501949057,,17,0,
2178914,3107151,1731071511949057,,17,0,
2178914,3107154,1731071541949057,,17,0,
2178914,3107155,1731071551949057,,17,0,
2178914,3107156,1731071561949057,,17,0,
2178914,3107157,1731071571949057,,17,0,
2178914,3107150,1831071501949057,,18,0,
2178914,3107151,1831071511949057,,18,0,
2178914,3107154,1831071541949057,,18,0,
2178914,3107155,1831071551949057,,18,0,
2178914,3107156,1831071561949057,,18,0,
2178914,3107157,1831071571949057,,18,0,
2178914,3107150,1931071501949057,,19,0,
2178914,3107151,1931071511949057,,19,0,
2178914,3107154,1931071541949057,,19,0,
2178914,3107155,1931071551949057,,19,0,
2178914,3107156,1931071561949057,,19,0,
2178914,3107157,1931071571949057,,19,0,
2178914,3107150,2031071501949057,,20,0,
2178914,3107151,2031071511949057,,20,0,
2178914,3107155,2031071551949057,,20,0,
2178914,3107156,2031071561949057,,20,0,
2178914,3107150,2131071501949057,,21,0,
2178914,3107151,2131071511949057,,21,0,
2178914,3107155,2131071551949057,,21,0,
2178914,3107156,2131071561949057,,21,0,
2178914,3107150,2231071501949057,,22,0,
2178914,3107151,2231071511949057,,22,0,
2178914,3107155,2231071551949057,,22,0,
2178914,3107156,2231071561949057,,22,0,
2178914,3107150,231071501949057,,2,0,
2178914,3107151,231071511949057,,2,0,
2178914,3107154,231071541949057,,2,0,
2178914,3107155,231071551949057,,2,0,
2178914,3107156,231071561949057,,2,0,
2178914,3107157,231071571949057,,2,0,
2178914,3107150,2331071501949057,,23,0,
2178914,3107151,2331071511949057,,23,0,
2178914,3107155,2331071551949057,,23,0,
2178914,3107156,2331071561949057,,23,0,
2178914,3107150,2431071501949057,,24,0,
2178914,3107151,2431071511949057,,24,0,
2178914,3107155,2431071551949057,,24,0,
2178914,3107156,2431071561949057,,24,0,
2178914,3107150,2531071501949057,,25,0,
2178914,3107151,2531071511949057,,25,0,
2178914,3107155,2531071551949057,,25,0,
2178914,3107156,2531071561949057,,25,0,
2178914,3107150,2631071501949057,,26,0,
2178914,3107151,2631071511949057,,26,0,
2178914,3107155,2631071551949057,,26,0,
2178914,3107156,2631071561949057,,26,0,
2178914,3107155,2731071551949057,,27,0,
2178914,3107155,2831071551949057,,28,0,
2178914,3107155,2931071551949057,,29,0,
2178914,3107155,3031071551949057,,30,0,
2178914,3107155,3131071551949057,,31,0,
2178914,3107155,3231071551949057,,32,0,
2178914,3107150,331071501949057,,3,0,
2178914,3107151,331071511949057,,3,0,
2178914,3107154,331071541949057,,3,0,
2178914,3107155,331071551949057,,3,0,
2178914,3107156,331071561949057,,3,0,
2178914,3107157,331071571949057,,3,0,
2178914,3107155,3331071551949057,,33,0,
2178914,3107155,3431071551949057,,34,0,
2178914,3107155,3531071551949057,,35,0,
2178914,3107150,431071501949057,,4,0,
2178914,3107151,431071511949057,,4,0,
2178914,3107154,431071541949057,,4,0,
2178914,3107155,431071551949057,,4,0,
2178914,3107156,431071561949057,,4,0,
2178914,3107157,431071571949057,,4,0,
2178914,3107150,531071501949057,,5,0,
2178914,3107151,531071511949057,,5,0,
2178914,3107154,531071541949057,,5,0,
2178914,3107155,531071551949057,,5,0,
2178914,3107156,531071561949057,,5,0,
2178914,3107157,531071571949057,,5,0,
2178914,3107150,631071501949057,,6,0,
2178914,3107151,631071511949057,,6,0,
2178914,3107154,631071541949057,,6,0,
2178914,3107155,631071551949057,,6,0,
2178914,3107156,631071561949057,,6,0,
2178914,3107157,631071571949057,,6,0,
2178914,3107150,731071501949057,,7,0,
2178914,3107151,731071511949057,,7,0,
2178914,3107154,731071541949057,,7,0,
2178914,3107155,731071551949057,,7,0,
2178914,3107156,731071561949057,,7,0,
2178914,3107157,731071571949057,,7,0,
2178914,3107150,831071501949057,,8,0,
2178914,3107151,831071511949057,,8,0,
2178914,3107154,831071541949057,,8,0,
2178914,3107155,831071551949057,,8,0,
2178914,3107156,831071561949057,,8,0,
2178914,3107157,831071571949057,,8,0,
2178914,3107150,931071501949057,,9,0,
2178914,3107151,931071511949057,,9,0,
2178914,3107154,931071541949057,,9,0,
2178914,3107155,931071551949057,,9,0,
2178914,3107156,931071561949057,,9,0,
2178914,3107157,931071571949057,,9,0,
2178915,3107149,10031071491949056,,100,1,
2178915,3107150,10031071501949056,,100,1,
2178915,3107151,10031071511949056,,100,1,
2178915,3107154,10031071541949056,,100,1,
2178915,3107155,10031071551949056,,100,1,
2178915,3107156,10031071561949056,,100,1,
2178915,3107157,10031071571949056,,100,1,
2178915,3107149,10131071491949056,,101,1,
2178915,3107150,10131071501949056,,101,1,
2178915,3107151,10131071511949056,,101,1,
2178915,3107154,10131071541949056,,101,1,
2178915,3107155,10131071551949056,,101,1,
2178915,3107156,10131071561949056,,101,1,
2178915,3107157,10131071571949056,,101,1,
2178915,3107149,10231071491949056,,102,1,
2178915,3107150,10231071501949056,,102,1,
2178915,3107151,10231071511949056,,102,1,
2178915,3107154,10231071541949056,,102,1,
2178915,3107155,10231071551949056,,102,1,
2178915,3107156,10231071561949056,,102,1,
2178915,3107157,10231071571949056,,102,1,
2178915,3107149,1031071491949056,,10,1,
2178915,3107150,1031071501949056,,10,1,
2178915,3107151,1031071511949056,,10,1,
2178915,3107153,1031071531949056,,10,1,
2178915,3107154,1031071541949056,,10,1,
2178915,3107155,1031071551949056,,10,1,
2178915,3107156,1031071561949056,,10,1,
2178915,3107157,1031071571949056,,10,1,
2178915,3107149,10331071491949056,,103,1,
2178915,3107150,10331071501949056,,103,1,
2178915,3107151,10331071511949056,,103,1,
2178915,3107154,10331071541949056,,103,1,
2178915,3107155,10331071551949056,,103,1,
2178915,3107156,10331071561949056,,103,1,
2178915,3107157,10331071571949056,,103,1,
2178915,3107149,10431071491949056,,104,1,
2178915,3107150,10431071501949056,,104,1,
2178915,3107151,10431071511949056,,104,1,
2178915,3107154,10431071541949056,,104,1,
2178915,13107155,10431071551949056,,104,1,
2178915,3107156,10431071561949056,,104,1,
2178915,3107157,10431071571949056,,104,1,
2178915,3107149,10531071491949056,,105,1,
2178915,3107150,10531071501949056,,105,1,
2178915,3107151,10531071511949056,,105,1,
2178915,3107154,10531071541949056,,105,1,
2178915,13107155,10531071551949056,,105,1,
2178915,3107156,10531071561949056,,105,1,
2178915,3107157,10531071571949056,,105,1,
2178915,3107149,10631071491949056,,106,1,
2178915,3107150,10631071501949056,,106,1,
2178915,3107151,10631071511949056,,106,1,
2178915,3107154,10631071541949056,,106,1,
2178915,13107155,10631071551949056,,106,1,
2178915,3107156,10631071561949056,,106,1,
2178915,3107157,10631071571949056,,106,1,
2178915,3107149,10731071491949056,,107,1,
2178915,3107150,10731071501949056,,107,1,
2178915,3107151,10731071511949056,,107,1,
2178915,3107154,10731071541949056,,107,1,
2178915,13107155,10731071551949056,,107,1,
2178915,3107156,10731071561949056,,107,1,
2178915,3107157,10731071571949056,,107,1,
2178915,3107149,10831071491949056,,108,1,
2178915,3107150,10831071501949056,,108,1,
2178915,3107151,10831071511949056,,108,1,
2178915,3107154,10831071541949056,,108,1,
2178915,13107155,10831071551949056,,108,1,
2178915,3107156,10831071561949056,,108,1,
2178915,3107157,10831071571949056,,108,1,
2178915,3107149,10931071491949056,,109,1,
2178915,3107150,10931071501949056,,109,1,
2178915,3107151,10931071511949056,,109,1,
2178915,3107154,10931071541949056,,109,1,
2178915,13107155,10931071551949056,,109,1,
2178915,3107156,10931071561949056,,109,1,
2178915,3107157,10931071571949056,,109,1,
2178915,3107149,11031071491949056,,110,1,
2178915,3107150,11031071501949056,,110,1,
2178915,3107151,11031071511949056,,110,1,
2178915,3107154,11031071541949056,,110,1,
2178915,13107155,11031071551949056,,110,1,
2178915,3107156,11031071561949056,,110,1,
2178915,3107157,11031071571949056,,110,1,
2178915,3107149,11131071491949056,,111,1,
2178915,3107150,11131071501949056,,111,1,
2178915,3107151,11131071511949056,,111,1,
2178915,3107154,11131071541949056,,111,1,
2178915,13107155,11131071551949056,,111,1,
2178915,3107156,11131071561949056,,111,1,
2178915,3107157,11131071571949056,,111,1,
2178915,3107149,11231071491949056,,112,1,
2178915,3107150,11231071501949056,,112,1,
2178915,3107151,11231071511949056,,112,1,
2178915,3107154,11231071541949056,,112,1,
2178915,3107156,11231071561949056,,112,1,
2178915,3107157,11231071571949056,,112,1,
2178915,3107149,1131071491949056,,11,1,
2178915,3107150,1131071501949056,,11,1,
2178915,3107151,1131071511949056,,11,1,
2178915,3107153,1131071531949056,,11,1,
2178915,3107154,1131071541949056,,11,1,
2178915,3107155,1131071551949056,,11,1,
2178915,3107156,1131071561949056,,11,1,
2178915,3107157,1131071571949056,,11,1,
2178915,3107149,11331071491949056,,113,1,
2178915,3107150,11331071501949056,,113,1,
2178915,3107151,11331071511949056,,113,1,
2178915,3107154,11331071541949056,,113,1,
2178915,3107156,11331071561949056,,113,1,
2178915,3107157,11331071571949056,,113,1,
2178915,3107149,11431071491949056,,114,1,
2178915,3107150,11431071501949056,,114,1,
2178915,3107151,11431071511949056,,114,1,
2178915,3107154,11431071541949056,,114,1,
2178915,3107156,11431071561949056,,114,1,
2178915,3107157,11431071571949056,,114,1,
2178915,3107149,11531071491949056,,115,1,
2178915,3107150,11531071501949056,,115,1,
2178915,3107151,11531071511949056,,115,1,
2178915,3107154,11531071541949056,,115,1,
2178915,3107156,11531071561949056,,115,1,
2178915,3107157,11531071571949056,,115,1,
2178915,3107149,11631071491949056,,116,1,
2178915,3107150,11631071501949056,,116,1,
2178915,3107151,11631071511949056,,116,1,
2178915,3107154,11631071541949056,,116,1,
2178915,3107156,11631071561949056,,116,1,
2178915,3107157,11631071571949056,,116,1,
2178915,3107149,11731071491949056,,117,1,
2178915,3107150,11731071501949056,,117,1,
2178915,3107151,11731071511949056,,117,1,
2178915,3107154,11731071541949056,,117,1,
2178915,3107156,11731071561949056,,117,1,
2178915,3107157,11731071571949056,,117,1,
2178915,3107149,11831071491949056,,118,1,
2178915,3107150,11831071501949056,,118,1,
2178915,3107151,11831071511949056,,118,1,
2178915,3107154,11831071541949056,,118,1,
2178915,3107156,11831071561949056,,118,1,
2178915,3107157,11831071571949056,,118,1,
2178915,3107149,11931071491949056,,119,1,
2178915,3107150,11931071501949056,,119,1,
2178915,3107151,11931071511949056,,119,1,
2178915,3107154,11931071541949056,,119,1,
2178915,3107156,11931071561949056,,119,1,
2178915,3107157,11931071571949056,,119,1,
2178915,3107149,12031071491949056,,120,1,
2178915,3107150,12031071501949056,,120,1,
2178915,3107151,12031071511949056,,120,1,
2178915,3107154,12031071541949056,,120,1,
2178915,3107156,12031071561949056,,120,1,
2178915,3107157,12031071571949056,,120,1,
2178915,3107149,12131071491949056,,121,1,
2178915,3107150,12131071501949056,,121,1,
2178915,3107151,12131071511949056,,121,1,
2178915,3107154,12131071541949056,,121,1,
2178915,3107156,12131071561949056,,121,1,
2178915,3107157,12131071571949056,,121,1,
2178915,3107149,12231071491949056,,122,1,
2178915,3107150,12231071501949056,,122,1,
2178915,3107151,12231071511949056,,122,1,
2178915,3107154,12231071541949056,,122,1,
2178915,3107156,12231071561949056,,122,1,
2178915,3107157,12231071571949056,,122,1,
2178915,3107149,1231071491949056,,12,1,
2178915,3107150,1231071501949056,,12,1,
2178915,3107151,1231071511949056,,12,1,
2178915,3107153,1231071531949056,,12,1,
2178915,3107154,1231071541949056,,12,1,
2178915,3107155,1231071551949056,,12,1,
2178915,3107156,1231071561949056,,12,1,
2178915,3107157,1231071571949056,,12,1,
2178915,3107149,12331071491949056,,123,1,
2178915,3107150,12331071501949056,,123,1,
2178915,3107151,12331071511949056,,123,1,
2178915,3107154,12331071541949056,,123,1,
2178915,3107156,12331071561949056,,123,1,
2178915,3107157,12331071571949056,,123,1,
2178915,13107149,12431071491949056,,124,1,
2178915,3107150,12431071501949056,,124,1,
2178915,3107151,12431071511949056,,124,1,
2178915,3107154,12431071541949056,,124,1,
2178915,3107156,12431071561949056,,124,1,
2178915,3107157,12431071571949056,,124,1,
2178915,13107149,12531071491949056,,125,1,
2178915,3107150,12531071501949056,,125,1,
2178915,3107151,12531071511949056,,125,1,
2178915,13107154,12531071541949056,,125,1,
2178915,3107156,12531071561949056,,125,1,
2178915,13107157,12531071571949056,,125,1,
2178915,13107149,12631071491949056,,126,1,
2178915,3107150,12631071501949056,,126,1,
2178915,3107151,12631071511949056,,126,1,
2178915,13107154,12631071541949056,,126,1,
2178915,3107156,12631071561949056,,126,1,
2178915,13107157,12631071571949056,,126,1,
2178915,3107150,12731071501949056,,127,1,
2178915,3107151,12731071511949056,,127,1,
2178915,13107154,12731071541949056,,127,1,
2178915,3107156,12731071561949056,,127,1,
2178915,13107157,12731071571949056,,127,1,
2178915,3107150,12831071501949056,,128,1,
2178915,3107151,12831071511949056,,128,1,
2178915,3107156,12831071561949056,,128,1,
2178915,13107157,12831071571949056,,128,1,
2178915,3107150,12931071501949056,,129,1,
2178915,3107151,12931071511949056,,129,1,
2178915,3107156,12931071561949056,,129,1,
2178915,13107157,12931071571949056,,129,1,
2178915,3107150,13031071501949056,,130,1,
2178915,3107151,13031071511949056,,130,1,
2178915,3107156,13031071561949056,,130,1,
2178915,13107157,13031071571949056,,130,1,
2178915,3107149,131071491949056,,1,1,
2178915,3107150,131071501949056,,1,1,
2178915,3107151,131071511949056,,1,1,
2178915,3107153,131071531949056,,1,1,
2178915,3107154,131071541949056,,1,1,
2178915,3107155,131071551949056,,1,1,
2178915,3107156,131071561949056,,1,1,
2178915,3107157,131071571949056,,1,1,
2178915,3107150,13131071501949056,,131,1,
2178915,3107151,13131071511949056,,131,1,
2178915,3107156,13131071561949056,,131,1,
2178915,13107157,13131071571949056,,131,1,
2178915,3107150,13231071501949056,,132,1,
2178915,3107151,13231071511949056,,132,1,
2178915,3107156,13231071561949056,,132,1,
2178915,3107149,1331071491949056,,13,1,
2178915,3107150,1331071501949056,,13,1,
2178915,3107151,1331071511949056,,13,1,
2178915,3107153,1331071531949056,,13,1,
2178915,3107154,1331071541949056,,13,1,
2178915,3107155,1331071551949056,,13,1,
2178915,3107156,1331071561949056,,13,1,
2178915,3107157,1331071571949056,,13,1,
2178915,3107150,13331071501949056,,133,1,
2178915,3107151,13331071511949056,,133,1,
2178915,3107156,13331071561949056,,133,1,
2178915,3107150,13431071501949056,,134,1,
2178915,3107151,13431071511949056,,134,1,
2178915,3107156,13431071561949056,,134,1,
2178915,3107150,13531071501949056,,135,1,
2178915,3107151,13531071511949056,,135,1,
2178915,3107156,13531071561949056,,135,1,
2178915,13107150,13631071501949056,,136,1,
2178915,3107151,13631071511949056,,136,1,
2178915,3107156,13631071561949056,,136,1,
2178915,13107150,13731071501949056,,137,1,
2178915,3107151,13731071511949056,,137,1,
2178915,3107156,13731071561949056,,137,1,
2178915,13107150,13831071501949056,,138,1,
2178915,3107151,13831071511949056,,138,1,
2178915,3107156,13831071561949056,,138,1,
2178915,13107150,13931071501949056,,139,1,
2178915,3107151,13931071511949056,,139,1,
2178915,3107156,13931071561949056,,139,1,
2178915,13107150,14031071501949056,,140,1,
2178915,3107151,14031071511949056,,140,1,
2178915,3107156,14031071561949056,,140,1,
2178915,13107150,14131071501949056,,141,1,
2178915,3107151,14131071511949056,,141,1,
2178915,3107156,14131071561949056,,141,1,
2178915,13107150,14231071501949056,,142,1,
2178915,3107151,14231071511949056,,142,1,
2178915,3107156,14231071561949056,,142,1,
2178915,3107149,1431071491949056,,14,1,
2178915,3107150,1431071501949056,,14,1,
2178915,3107151,1431071511949056,,14,1,
2178915,3107153,1431071531949056,,14,1,
2178915,3107154,1431071541949056,,14,1,
2178915,3107155,1431071551949056,,14,1,
2178915,3107156,1431071561949056,,14,1,
2178915,3107157,1431071571949056,,14,1,
2178915,3107151,14331071511949056,,143,1,
2178915,3107156,14331071561949056,,143,1,
2178915,3107151,14431071511949056,,144,1,
2178915,3107156,14431071561949056,,144,1,
2178915,3107151,14531071511949056,,145,1,
2178915,3107156,14531071561949056,,145,1,
2178915,3107151,14631071511949056,,146,1,
2178915,3107156,14631071561949056,,146,1,
2178915,3107151,14731071511949056,,147,1,
2178915,3107156,14731071561949056,,147,1,
2178915,3107151,14831071511949056,,148,1,
2178915,3107156,14831071561949056,,148,1,
2178915,3107151,14931071511949056,,149,1,
2178915,3107156,14931071561949056,,149,1,
2178915,3107151,15031071511949056,,150,1,
2178915,3107156,15031071561949056,,150,1,
2178915,3107151,15131071511949056,,151,1,
2178915,3107156,15131071561949056,,151,1,
2178915,3107151,15231071511949056,,152,1,
2178915,3107156,15231071561949056,,152,1,
2178915,3107149,1531071491949056,,15,1,
2178915,3107150,1531071501949056,,15,1,
2178915,3107151,1531071511949056,,15,1,
2178915,3107153,1531071531949056,,15,1,
2178915,3107154,1531071541949056,,15,1,
2178915,3107155,1531071551949056,,15,1,
2178915,3107156,1531071561949056,,15,1,
2178915,3107157,1531071571949056,,15,1,
2178915,3107151,15331071511949056,,153,1,
2178915,3107156,15331071561949056,,153,1,
2178915,3107151,15431071511949056,,154,1,
2178915,3107156,15431071561949056,,154,1,
2178915,3107151,15531071511949056,,155,1,
2178915,3107156,15531071561949056,,155,1,
2178915,3107151,15631071511949056,,156,1,
2178915,3107156,15631071561949056,,156,1,
2178915,13107151,15731071511949056,,157,1,
2178915,13107156,15731071561949056,,157,1,
2178915,13107151,15831071511949056,,158,1,
2178915,13107156,15831071561949056,,158,1,
2178915,13107151,15931071511949056,,159,1,
2178915,13107156,15931071561949056,,159,1,
2178915,13107151,16031071511949056,,160,1,
2178915,13107156,16031071561949056,,160,1,
2178915,13107156,16131071561949056,,161,1,
2178915,13107156,16231071561949056,,162,1,
2178915,3107149,1631071491949056,,16,1,
2178915,3107150,1631071501949056,,16,1,
2178915,3107151,1631071511949056,,16,1,
2178915,3107153,1631071531949056,,16,1,
2178915,3107154,1631071541949056,,16,1,
2178915,3107155,1631071551949056,,16,1,
2178915,3107156,1631071561949056,,16,1,
2178915,3107157,1631071571949056,,16,1,
2178915,13107156,16331071561949056,,163,1,
2178915,13107156,16431071561949056,,164,1,
2178915,3107149,1731071491949056,,17,1,
2178915,3107150,1731071501949056,,17,1,
2178915,3107151,1731071511949056,,17,1,
2178915,3107153,1731071531949056,,17,1,
2178915,3107154,1731071541949056,,17,1,
2178915,3107155,1731071551949056,,17,1,
2178915,3107156,1731071561949056,,17,1,
2178915,3107157,1731071571949056,,17,1,
2178915,3107149,1831071491949056,,18,1,
2178915,3107150,1831071501949056,,18,1,
2178915,3107151,1831071511949056,,18,1,
2178915,3107153,1831071531949056,,18,1,
2178915,3107154,1831071541949056,,18,1,
2178915,3107155,1831071551949056,,18,1,
2178915,3107156,1831071561949056,,18,1,
2178915,3107157,1831071571949056,,18,1,
2178915,3107149,1931071491949056,,19,1,
2178915,3107150,1931071501949056,,19,1,
2178915,3107151,1931071511949056,,19,1,
2178915,3107153,1931071531949056,,19,1,
2178915,3107154,1931071541949056,,19,1,
2178915,3107155,1931071551949056,,19,1,
2178915,3107156,1931071561949056,,19,1,
2178915,3107157,1931071571949056,,19,1,
2178915,3107149,2031071491949056,,20,1,
2178915,3107150,2031071501949056,,20,1,
2178915,3107151,2031071511949056,,20,1,
2178915,3107153,2031071531949056,,20,1,
2178915,3107154,2031071541949056,,20,1,
2178915,3107155,2031071551949056,,20,1,
2178915,3107156,2031071561949056,,20,1,
2178915,3107157,2031071571949056,,20,1,
2178915,3107149,2131071491949056,,21,1,
2178915,3107150,2131071501949056,,21,1,
2178915,3107151,2131071511949056,,21,1,
2178915,3107153,2131071531949056,,21,1,
2178915,3107154,2131071541949056,,21,1,
2178915,3107155,2131071551949056,,21,1,
2178915,3107156,2131071561949056,,21,1,
2178915,3107157,2131071571949056,,21,1,
2178915,3107149,2231071491949056,,22,1,
2178915,3107150,2231071501949056,,22,1,
2178915,3107151,2231071511949056,,22,1,
2178915,3107153,2231071531949056,,22,1,
2178915,3107154,2231071541949056,,22,1,
2178915,3107155,2231071551949056,,22,1,
2178915,3107156,2231071561949056,,22,1,
2178915,3107157,2231071571949056,,22,1,
2178915,3107149,231071491949056,,2,1,
2178915,3107150,231071501949056,,2,1,
2178915,3107151,231071511949056,,2,1,
2178915,3107153,231071531949056,,2,1,
2178915,3107154,231071541949056,,2,1,
2178915,3107155,231071551949056,,2,1,
2178915,3107156,231071561949056,,2,1,
2178915,3107157,231071571949056,,2,1,
2178915,3107149,2331071491949056,,23,1,
2178915,3107150,2331071501949056,,23,1,
2178915,3107151,2331071511949056,,23,1,
2178915,3107153,2331071531949056,,23,1,
2178915,3107154,2331071541949056,,23,1,
2178915,3107155,2331071551949056,,23,1,
2178915,3107156,2331071561949056,,23,1,
2178915,3107157,2331071571949056,,23,1,
2178915,3107149,2431071491949056,,24,1,
2178915,3107150,2431071501949056,,24,1,
2178915,3107151,2431071511949056,,24,1,
2178915,3107153,2431071531949056,,24,1,
2178915,3107154,2431071541949056,,24,1,
2178915,3107155,2431071551949056,,24,1,
2178915,3107156,2431071561949056,,24,1,
2178915,3107157,2431071571949056,,24,1,
2178915,3107149,2531071491949056,,25,1,
2178915,3107150,2531071501949056,,25,1,
2178915,3107151,2531071511949056,,25,1,
2178915,3107153,2531071531949056,,25,1,
2178915,3107154,2531071541949056,,25,1,
2178915,3107155,2531071551949056,,25,1,
2178915,3107156,2531071561949056,,25,1,
2178915,3107157,2531071571949056,,25,1,
2178915,3107149,2631071491949056,,26,1,
2178915,3107150,2631071501949056,,26,1,
2178915,3107151,2631071511949056,,26,1,
2178915,3107153,2631071531949056,,26,1,
2178915,3107154,2631071541949056,,26,1,
2178915,3107155,2631071551949056,,26,1,
2178915,3107156,2631071561949056,,26,1,
2178915,3107157,2631071571949056,,26,1,
2178915,3107149,2731071491949056,,27,1,
2178915,3107150,2731071501949056,,27,1,
2178915,3107151,2731071511949056,,27,1,
2178915,3107153,2731071531949056,,27,1,
2178915,3107154,2731071541949056,,27,1,
2178915,3107155,2731071551949056,,27,1,
2178915,3107156,2731071561949056,,27,1,
2178915,3107157,2731071571949056,,27,1,
2178915,3107149,2831071491949056,,28,1,
2178915,3107150,2831071501949056,,28,1,
2178915,3107151,2831071511949056,,28,1,
2178915,3107153,2831071531949056,,28,1,
2178915,3107154,2831071541949056,,28,1,
2178915,3107155,2831071551949056,,28,1,
2178915,3107156,2831071561949056,,28,1,
2178915,3107157,2831071571949056,,28,1,
2178915,3107149,2931071491949056,,29,1,
2178915,3107150,2931071501949056,,29,1,
2178915,3107151,2931071511949056,,29,1,
2178915,3107153,2931071531949056,,29,1,
2178915,3107154,2931071541949056,,29,1,
2178915,3107155,2931071551949056,,29,1,
2178915,3107156,2931071561949056,,29,1,
2178915,3107157,2931071571949056,,29,1,
2178915,3107149,3031071491949056,,30,1,
2178915,3107150,3031071501949056,,30,1,
2178915,3107151,3031071511949056,,30,1,
2178915,3107153,3031071531949056,,30,1,
2178915,3107154,3031071541949056,,30,1,
2178915,3107155,3031071551949056,,30,1,
2178915,3107156,3031071561949056,,30,1,
2178915,3107157,3031071571949056,,30,1,
2178915,3107149,3131071491949056,,31,1,
2178915,3107150,3131071501949056,,31,1,
2178915,3107151,3131071511949056,,31,1,
2178915,3107153,3131071531949056,,31,1,
2178915,3107154,3131071541949056,,31,1,
2178915,3107155,3131071551949056,,31,1,
2178915,3107156,3131071561949056,,31,1,
2178915,3107157,3131071571949056,,31,1,
2178915,3107149,3231071491949056,,32,1,
2178915,3107150,3231071501949056,,32,1,
2178915,3107151,3231071511949056,,32,1,
2178915,3107153,3231071531949056,,32,1,
2178915,3107154,3231071541949056,,32,1,
2178915,3107155,3231071551949056,,32,1,
2178915,3107156,3231071561949056,,32,1,
2178915,3107157,3231071571949056,,32,1,
2178915,3107149,331071491949056,,3,1,
2178915,3107150,331071501949056,,3,1,
2178915,3107151,331071511949056,,3,1,
2178915,3107153,331071531949056,,3,1,
2178915,3107154,331071541949056,,3,1,
2178915,3107155,331071551949056,,3,1,
2178915,3107156,331071561949056,,3,1,
2178915,3107157,331071571949056,,3,1,
2178915,3107149,3331071491949056,,33,1,
2178915,3107150,3331071501949056,,33,1,
2178915,3107151,3331071511949056,,33,1,
2178915,3107153,3331071531949056,,33,1,
2178915,3107154,3331071541949056,,33,1,
2178915,3107155,3331071551949056,,33,1,
2178915,3107156,3331071561949056,,33,1,
2178915,3107157,3331071571949056,,33,1,
2178915,3107149,3431071491949056,,34,1,
2178915,3107150,3431071501949056,,34,1,
2178915,3107151,3431071511949056,,34,1,
2178915,3107153,3431071531949056,,34,1,
2178915,3107154,3431071541949056,,34,1,
2178915,3107155,3431071551949056,,34,1,
2178915,3107156,3431071561949056,,34,1,
2178915,3107157,3431071571949056,,34,1,
2178915,3107149,3531071491949056,,35,1,
2178915,3107150,3531071501949056,,35,1,
2178915,3107151,3531071511949056,,35,1,
2178915,3107153,3531071531949056,,35,1,
2178915,3107154,3531071541949056,,35,1,
2178915,3107155,3531071551949056,,35,1,
2178915,3107156,3531071561949056,,35,1,
2178915,3107157,3531071571949056,,35,1,
2178915,3107149,3631071491949056,,36,1,
2178915,3107150,3631071501949056,,36,1,
2178915,3107151,3631071511949056,,36,1,
2178915,3107153,3631071531949056,,36,1,
2178915,3107154,3631071541949056,,36,1,
2178915,3107155,3631071551949056,,36,1,
2178915,3107156,3631071561949056,,36,1,
2178915,3107157,3631071571949056,,36,1,
2178915,3107149,3731071491949056,,37,1,
2178915,3107150,3731071501949056,,37,1,
2178915,3107151,3731071511949056,,37,1,
2178915,3107153,3731071531949056,,37,1,
2178915,3107154,3731071541949056,,37,1,
2178915,3107155,3731071551949056,,37,1,
2178915,3107156,3731071561949056,,37,1,
2178915,3107157,3731071571949056,,37,1,
2178915,3107149,3831071491949056,,38,1,
2178915,3107150,3831071501949056,,38,1,
2178915,3107151,3831071511949056,,38,1,
2178915,3107153,3831071531949056,,38,1,
2178915,3107154,3831071541949056,,38,1,
2178915,3107155,3831071551949056,,38,1,
2178915,3107156,3831071561949056,,38,1,
2178915,3107157,3831071571949056,,38,1,
2178915,3107149,3931071491949056,,39,1,
2178915,3107150,3931071501949056,,39,1,
2178915,3107151,3931071511949056,,39,1,
2178915,3107153,3931071531949056,,39,1,
2178915,3107154,3931071541949056,,39,1,
2178915,3107155,3931071551949056,,39,1,
2178915,3107156,3931071561949056,,39,1,
2178915,3107157,3931071571949056,,39,1,
2178915,3107149,4031071491949056,,40,1,
2178915,3107150,4031071501949056,,40,1,
2178915,3107151,4031071511949056,,40,1,
2178915,3107153,4031071531949056,,40,1,
2178915,3107154,4031071541949056,,40,1,
2178915,3107155,4031071551949056,,40,1,
2178915,3107156,4031071561949056,,40,1,
2178915,3107157,4031071571949056,,40,1,
2178915,3107149,4131071491949056,,41,1,
2178915,3107150,4131071501949056,,41,1,
2178915,3107151,4131071511949056,,41,1,
2178915,3107153,4131071531949056,,41,1,
2178915,3107154,4131071541949056,,41,1,
2178915,3107155,4131071551949056,,41,1,
2178915,3107156,4131071561949056,,41,1,
2178915,3107157,4131071571949056,,41,1,
2178915,3107149,4231071491949056,,42,1,
2178915,3107150,4231071501949056,,42,1,
2178915,3107151,4231071511949056,,42,1,
2178915,3107153,4231071531949056,,42,1,
2178915,3107154,4231071541949056,,42,1,
2178915,3107155,4231071551949056,,42,1,
2178915,3107156,4231071561949056,,42,1,
2178915,3107157,4231071571949056,,42,1,
2178915,3107149,431071491949056,,4,1,
2178915,3107150,431071501949056,,4,1,
2178915,3107151,431071511949056,,4,1,
2178915,3107153,431071531949056,,4,1,
2178915,3107154,431071541949056,,4,1,
2178915,3107155,431071551949056,,4,1,
2178915,3107156,431071561949056,,4,1,
2178915,3107157,431071571949056,,4,1,
2178915,3107149,4331071491949056,,43,1,
2178915,3107150,4331071501949056,,43,1,
2178915,3107151,4331071511949056,,43,1,
2178915,3107153,4331071531949056,,43,1,
2178915,3107154,4331071541949056,,43,1,
2178915,3107155,4331071551949056,,43,1,
2178915,3107156,4331071561949056,,43,1,
2178915,3107157,4331071571949056,,43,1,
2178915,3107149,4431071491949056,,44,1,
2178915,3107150,4431071501949056,,44,1,
2178915,3107151,4431071511949056,,44,1,
2178915,3107153,4431071531949056,,44,1,
2178915,3107154,4431071541949056,,44,1,
2178915,3107155,4431071551949056,,44,1,
2178915,3107156,4431071561949056,,44,1,
2178915,3107157,4431071571949056,,44,1,
2178915,3107149,4531071491949056,,45,1,
2178915,3107150,4531071501949056,,45,1,
2178915,3107151,4531071511949056,,45,1,
2178915,3107153,4531071531949056,,45,1,
2178915,3107154,4531071541949056,,45,1,
2178915,3107155,4531071551949056,,45,1,
2178915,3107156,4531071561949056,,45,1,
2178915,3107157,4531071571949056,,45,1,
2178915,3107149,4631071491949056,,46,1,
2178915,3107150,4631071501949056,,46,1,
2178915,3107151,4631071511949056,,46,1,
2178915,3107153,4631071531949056,,46,1,
2178915,3107154,4631071541949056,,46,1,
2178915,3107155,4631071551949056,,46,1,
2178915,3107156,4631071561949056,,46,1,
2178915,3107157,4631071571949056,,46,1,
2178915,3107149,4731071491949056,,47,1,
2178915,3107150,4731071501949056,,47,1,
2178915,3107151,4731071511949056,,47,1,
2178915,3107153,4731071531949056,,47,1,
2178915,3107154,4731071541949056,,47,1,
2178915,3107155,4731071551949056,,47,1,
2178915,3107156,4731071561949056,,47,1,
2178915,3107157,4731071571949056,,47,1,
2178915,3107149,4831071491949056,,48,1,
2178915,3107150,4831071501949056,,48,1,
2178915,3107151,4831071511949056,,48,1,
2178915,3107153,4831071531949056,,48,1,
2178915,3107154,4831071541949056,,48,1,
2178915,3107155,4831071551949056,,48,1,
2178915,3107156,4831071561949056,,48,1,
2178915,3107157,4831071571949056,,48,1,
2178915,3107149,4931071491949056,,49,1,
2178915,3107150,4931071501949056,,49,1,
2178915,3107151,4931071511949056,,49,1,
2178915,3107153,4931071531949056,,49,1,
2178915,3107154,4931071541949056,,49,1,
2178915,3107155,4931071551949056,,49,1,
2178915,3107156,4931071561949056,,49,1,
2178915,3107157,4931071571949056,,49,1,
2178915,3107149,5031071491949056,,50,1,
2178915,3107150,5031071501949056,,50,1,
2178915,3107151,5031071511949056,,50,1,
2178915,3107153,5031071531949056,,50,1,
2178915,3107154,5031071541949056,,50,1,
2178915,3107155,5031071551949056,,50,1,
2178915,3107156,5031071561949056,,50,1,
2178915,3107157,5031071571949056,,50,1,
2178915,3107149,5131071491949056,,51,1,
2178915,3107150,5131071501949056,,51,1,
2178915,3107151,5131071511949056,,51,1,
2178915,3107153,5131071531949056,,51,1,
2178915,3107154,5131071541949056,,51,1,
2178915,3107155,5131071551949056,,51,1,
2178915,3107156,5131071561949056,,51,1,
2178915,3107157,5131071571949056,,51,1,
2178915,3107149,5231071491949056,,52,1,
2178915,3107150,5231071501949056,,52,1,
2178915,3107151,5231071511949056,,52,1,
2178915,3107153,5231071531949056,,52,1,
2178915,3107154,5231071541949056,,52,1,
2178915,3107155,5231071551949056,,52,1,
2178915,3107156,5231071561949056,,52,1,
2178915,3107157,5231071571949056,,52,1,
2178915,3107149,531071491949056,,5,1,
2178915,3107150,531071501949056,,5,1,
2178915,3107151,531071511949056,,5,1,
2178915,3107153,531071531949056,,5,1,
2178915,3107154,531071541949056,,5,1,
2178915,3107155,531071551949056,,5,1,
2178915,3107156,531071561949056,,5,1,
2178915,3107157,531071571949056,,5,1,
2178915,3107149,5331071491949056,,53,1,
2178915,3107150,5331071501949056,,53,1,
2178915,3107151,5331071511949056,,53,1,
2178915,3107153,5331071531949056,,53,1,
2178915,3107154,5331071541949056,,53,1,
2178915,3107155,5331071551949056,,53,1,
2178915,3107156,5331071561949056,,53,1,
2178915,3107157,5331071571949056,,53,1,
2178915,3107149,5431071491949056,,54,1,
2178915,3107150,5431071501949056,,54,1,
2178915,3107151,5431071511949056,,54,1,
2178915,3107153,5431071531949056,,54,1,
2178915,3107154,5431071541949056,,54,1,
2178915,3107155,5431071551949056,,54,1,
2178915,3107156,5431071561949056,,54,1,
2178915,3107157,5431071571949056,,54,1,
2178915,3107149,5531071491949056,,55,1,
2178915,3107150,5531071501949056,,55,1,
2178915,3107151,5531071511949056,,55,1,
2178915,3107153,5531071531949056,,55,1,
2178915,3107154,5531071541949056,,55,1,
2178915,3107155,5531071551949056,,55,1,
2178915,3107156,5531071561949056,,55,1,
2178915,3107157,5531071571949056,,55,1,
2178915,3107149,5631071491949056,,56,1,
2178915,3107150,5631071501949056,,56,1,
2178915,3107151,5631071511949056,,56,1,
2178915,3107153,5631071531949056,,56,1,
2178915,3107154,5631071541949056,,56,1,
2178915,3107155,5631071551949056,,56,1,
2178915,3107156,5631071561949056,,56,1,
2178915,3107157,5631071571949056,,56,1,
2178915,3107149,5731071491949056,,57,1,
2178915,3107150,5731071501949056,,57,1,
2178915,3107151,5731071511949056,,57,1,
2178915,3107153,5731071531949056,,57,1,
2178915,3107154,5731071541949056,,57,1,
2178915,3107155,5731071551949056,,57,1,
2178915,3107156,5731071561949056,,57,1,
2178915,3107157,5731071571949056,,57,1,
2178915,3107149,5831071491949056,,58,1,
2178915,3107150,5831071501949056,,58,1,
2178915,3107151,5831071511949056,,58,1,
2178915,3107153,5831071531949056,,58,1,
2178915,3107154,5831071541949056,,58,1,
2178915,3107155,5831071551949056,,58,1,
2178915,3107156,5831071561949056,,58,1,
2178915,3107157,5831071571949056,,58,1,
2178915,3107149,5931071491949056,,59,1,
2178915,3107150,5931071501949056,,59,1,
2178915,3107151,5931071511949056,,59,1,
2178915,3107153,5931071531949056,,59,1,
2178915,3107154,5931071541949056,,59,1,
2178915,3107155,5931071551949056,,59,1,
2178915,3107156,5931071561949056,,59,1,
2178915,3107157,5931071571949056,,59,1,
2178915,3107149,6031071491949056,,60,1,
2178915,3107150,6031071501949056,,60,1,
2178915,3107151,6031071511949056,,60,1,
2178915,3107153,6031071531949056,,60,1,
2178915,3107154,6031071541949056,,60,1,
2178915,3107155,6031071551949056,,60,1,
2178915,3107156,6031071561949056,,60,1,
2178915,3107157,6031071571949056,,60,1,
2178915,3107149,6131071491949056,,61,1,
2178915,3107150,6131071501949056,,61,1,
2178915,3107151,6131071511949056,,61,1,
2178915,3107153,6131071531949056,,61,1,
2178915,3107154,6131071541949056,,61,1,
2178915,3107155,6131071551949056,,61,1,
2178915,3107156,6131071561949056,,61,1,
2178915,3107157,6131071571949056,,61,1,
2178915,3107149,6231071491949056,,62,1,
2178915,3107150,6231071501949056,,62,1,
2178915,3107151,6231071511949056,,62,1,
2178915,3107153,6231071531949056,,62,1,
2178915,3107154,6231071541949056,,62,1,
2178915,3107155,6231071551949056,,62,1,
2178915,3107156,6231071561949056,,62,1,
2178915,3107157,6231071571949056,,62,1,
2178915,3107149,631071491949056,,6,1,
2178915,3107150,631071501949056,,6,1,
2178915,3107151,631071511949056,,6,1,
2178915,3107153,631071531949056,,6,1,
2178915,3107154,631071541949056,,6,1,
2178915,3107155,631071551949056,,6,1,
2178915,3107156,631071561949056,,6,1,
2178915,3107157,631071571949056,,6,1,
2178915,3107149,6331071491949056,,63,1,
2178915,3107150,6331071501949056,,63,1,
2178915,3107151,6331071511949056,,63,1,
2178915,3107153,6331071531949056,,63,1,
2178915,3107154,6331071541949056,,63,1,
2178915,3107155,6331071551949056,,63,1,
2178915,3107156,6331071561949056,,63,1,
2178915,3107157,6331071571949056,,63,1,
2178915,3107149,6431071491949056,,64,1,
2178915,3107150,6431071501949056,,64,1,
2178915,3107151,6431071511949056,,64,1,
2178915,3107153,6431071531949056,,64,1,
2178915,3107154,6431071541949056,,64,1,
2178915,3107155,6431071551949056,,64,1,
2178915,3107156,6431071561949056,,64,1,
2178915,3107157,6431071571949056,,64,1,
2178915,3107149,6531071491949056,,65,1,
2178915,3107150,6531071501949056,,65,1,
2178915,3107151,6531071511949056,,65,1,
2178915,3107153,6531071531949056,,65,1,
2178915,3107154,6531071541949056,,65,1,
2178915,3107155,6531071551949056,,65,1,
2178915,3107156,6531071561949056,,65,1,
2178915,3107157,6531071571949056,,65,1,
2178915,3107149,6631071491949056,,66,1,
2178915,3107150,6631071501949056,,66,1,
2178915,3107151,6631071511949056,,66,1,
2178915,3107153,6631071531949056,,66,1,
2178915,3107154,6631071541949056,,66,1,
2178915,3107155,6631071551949056,,66,1,
2178915,3107156,6631071561949056,,66,1,
2178915,3107157,6631071571949056,,66,1,
2178915,3107149,6731071491949056,,67,1,
2178915,3107150,6731071501949056,,67,1,
2178915,3107151,6731071511949056,,67,1,
2178915,3107153,6731071531949056,,67,1,
2178915,3107154,6731071541949056,,67,1,
2178915,3107155,6731071551949056,,67,1,
2178915,3107156,6731071561949056,,67,1,
2178915,3107157,6731071571949056,,67,1,
2178915,3107149,6831071491949056,,68,1,
2178915,3107150,6831071501949056,,68,1,
2178915,3107151,6831071511949056,,68,1,
2178915,3107153,6831071531949056,,68,1,
2178915,3107154,6831071541949056,,68,1,
2178915,3107155,6831071551949056,,68,1,
2178915,3107156,6831071561949056,,68,1,
2178915,3107157,6831071571949056,,68,1,
2178915,3107149,6931071491949056,,69,1,
2178915,3107150,6931071501949056,,69,1,
2178915,3107151,6931071511949056,,69,1,
2178915,3107153,6931071531949056,,69,1,
2178915,3107154,6931071541949056,,69,1,
2178915,3107155,6931071551949056,,69,1,
2178915,3107156,6931071561949056,,69,1,
2178915,3107157,6931071571949056,,69,1,
2178915,3107149,7031071491949056,,70,1,
2178915,3107150,7031071501949056,,70,1,
2178915,3107151,7031071511949056,,70,1,
2178915,3107153,7031071531949056,,70,1,
2178915,3107154,7031071541949056,,70,1,
2178915,3107155,7031071551949056,,70,1,
2178915,3107156,7031071561949056,,70,1,
2178915,3107157,7031071571949056,,70,1,
2178915,3107149,7131071491949056,,71,1,
2178915,3107150,7131071501949056,,71,1,
2178915,3107151,7131071511949056,,71,1,
2178915,3107153,7131071531949056,,71,1,
2178915,3107154,7131071541949056,,71,1,
2178915,3107155,7131071551949056,,71,1,
2178915,3107156,7131071561949056,,71,1,
2178915,3107157,7131071571949056,,71,1,
2178915,3107149,7231071491949056,,72,1,
2178915,3107150,7231071501949056,,72,1,
2178915,3107151,7231071511949056,,72,1,
2178915,3107153,7231071531949056,,72,1,
2178915,3107154,7231071541949056,,72,1,
2178915,3107155,7231071551949056,,72,1,
2178915,3107156,7231071561949056,,72,1,
2178915,3107157,7231071571949056,,72,1,
2178915,3107149,731071491949056,,7,1,
2178915,3107150,731071501949056,,7,1,
2178915,3107151,731071511949056,,7,1,
2178915,3107153,731071531949056,,7,1,
2178915,3107154,731071541949056,,7,1,
2178915,3107155,731071551949056,,7,1,
2178915,3107156,731071561949056,,7,1,
2178915,3107157,731071571949056,,7,1,
2178915,3107149,7331071491949056,,73,1,
2178915,3107150,7331071501949056,,73,1,
2178915,3107151,7331071511949056,,73,1,
2178915,3107153,7331071531949056,,73,1,
2178915,3107154,7331071541949056,,73,1,
2178915,3107155,7331071551949056,,73,1,
2178915,3107156,7331071561949056,,73,1,
2178915,3107157,7331071571949056,,73,1,
2178915,3107149,7431071491949056,,74,1,
2178915,3107150,7431071501949056,,74,1,
2178915,3107151,7431071511949056,,74,1,
2178915,3107153,7431071531949056,,74,1,
2178915,3107154,7431071541949056,,74,1,
2178915,3107155,7431071551949056,,74,1,
2178915,3107156,7431071561949056,,74,1,
2178915,3107157,7431071571949056,,74,1,
2178915,3107149,7531071491949056,,75,1,
2178915,3107150,7531071501949056,,75,1,
2178915,3107151,7531071511949056,,75,1,
2178915,3107153,7531071531949056,,75,1,
2178915,3107154,7531071541949056,,75,1,
2178915,3107155,7531071551949056,,75,1,
2178915,3107156,7531071561949056,,75,1,
2178915,3107157,7531071571949056,,75,1,
2178915,3107149,7631071491949056,,76,1,
2178915,3107150,7631071501949056,,76,1,
2178915,3107151,7631071511949056,,76,1,
2178915,3107153,7631071531949056,,76,1,
2178915,3107154,7631071541949056,,76,1,
2178915,3107155,7631071551949056,,76,1,
2178915,3107156,7631071561949056,,76,1,
2178915,3107157,7631071571949056,,76,1,
2178915,3107149,7731071491949056,,77,1,
2178915,3107150,7731071501949056,,77,1,
2178915,3107151,7731071511949056,,77,1,
2178915,3107153,7731071531949056,,77,1,
2178915,3107154,7731071541949056,,77,1,
2178915,3107155,7731071551949056,,77,1,
2178915,3107156,7731071561949056,,77,1,
2178915,3107157,7731071571949056,,77,1,
2178915,3107149,7831071491949056,,78,1,
2178915,3107150,7831071501949056,,78,1,
2178915,3107151,7831071511949056,,78,1,
2178915,3107153,7831071531949056,,78,1,
2178915,3107154,7831071541949056,,78,1,
2178915,3107155,7831071551949056,,78,1,
2178915,3107156,7831071561949056,,78,1,
2178915,3107157,7831071571949056,,78,1,
2178915,3107149,7931071491949056,,79,1,
2178915,3107150,7931071501949056,,79,1,
2178915,3107151,7931071511949056,,79,1,
2178915,3107153,7931071531949056,,79,1,
2178915,3107154,7931071541949056,,79,1,
2178915,3107155,7931071551949056,,79,1,
2178915,3107156,7931071561949056,,79,1,
2178915,3107157,7931071571949056,,79,1,
2178915,3107149,8031071491949056,,80,1,
2178915,3107150,8031071501949056,,80,1,
2178915,3107151,8031071511949056,,80,1,
2178915,3107153,8031071531949056,,80,1,
2178915,3107154,8031071541949056,,80,1,
2178915,3107155,8031071551949056,,80,1,
2178915,3107156,8031071561949056,,80,1,
2178915,3107157,8031071571949056,,80,1,
2178915,3107149,8131071491949056,,81,1,
2178915,3107150,8131071501949056,,81,1,
2178915,3107151,8131071511949056,,81,1,
2178915,3107153,8131071531949056,,81,1,
2178915,3107154,8131071541949056,,81,1,
2178915,3107155,8131071551949056,,81,1,
2178915,3107156,8131071561949056,,81,1,
2178915,3107157,8131071571949056,,81,1,
2178915,3107149,8231071491949056,,82,1,
2178915,3107150,8231071501949056,,82,1,
2178915,3107151,8231071511949056,,82,1,
2178915,3107153,8231071531949056,,82,1,
2178915,3107154,8231071541949056,,82,1,
2178915,3107155,8231071551949056,,82,1,
2178915,3107156,8231071561949056,,82,1,
2178915,3107157,8231071571949056,,82,1,
2178915,3107149,831071491949056,,8,1,
2178915,3107150,831071501949056,,8,1,
2178915,3107151,831071511949056,,8,1,
2178915,3107153,831071531949056,,8,1,
2178915,3107154,831071541949056,,8,1,
2178915,3107155,831071551949056,,8,1,
2178915,3107156,831071561949056,,8,1,
2178915,3107157,831071571949056,,8,1,
2178915,3107149,8331071491949056,,83,1,
2178915,3107150,8331071501949056,,83,1,
2178915,3107151,8331071511949056,,83,1,
2178915,3107153,8331071531949056,,83,1,
2178915,3107154,8331071541949056,,83,1,
2178915,3107155,8331071551949056,,83,1,
2178915,3107156,8331071561949056,,83,1,
2178915,3107157,8331071571949056,,83,1,
2178915,3107149,8431071491949056,,84,1,
2178915,3107150,8431071501949056,,84,1,
2178915,3107151,8431071511949056,,84,1,
2178915,3107153,8431071531949056,,84,1,
2178915,3107154,8431071541949056,,84,1,
2178915,3107155,8431071551949056,,84,1,
2178915,3107156,8431071561949056,,84,1,
2178915,3107157,8431071571949056,,84,1,
2178915,3107149,8531071491949056,,85,1,
2178915,3107150,8531071501949056,,85,1,
2178915,3107151,8531071511949056,,85,1,
2178915,3107153,8531071531949056,,85,1,
2178915,3107154,8531071541949056,,85,1,
2178915,3107155,8531071551949056,,85,1,
2178915,3107156,8531071561949056,,85,1,
2178915,3107157,8531071571949056,,85,1,
2178915,3107149,8631071491949056,,86,1,
2178915,3107150,8631071501949056,,86,1,
2178915,3107151,8631071511949056,,86,1,
2178915,3107153,8631071531949056,,86,1,
2178915,3107154,8631071541949056,,86,1,
2178915,3107155,8631071551949056,,86,1,
2178915,3107156,8631071561949056,,86,1,
2178915,3107157,8631071571949056,,86,1,
2178915,3107149,8731071491949056,,87,1,
2178915,3107150,8731071501949056,,87,1,
2178915,3107151,8731071511949056,,87,1,
2178915,3107153,8731071531949056,,87,1,
2178915,3107154,8731071541949056,,87,1,
2178915,3107155,8731071551949056,,87,1,
2178915,3107156,8731071561949056,,87,1,
2178915,3107157,8731071571949056,,87,1,
2178915,3107149,8831071491949056,,88,1,
2178915,3107150,8831071501949056,,88,1,
2178915,3107151,8831071511949056,,88,1,
2178915,3107153,8831071531949056,,88,1,
2178915,3107154,8831071541949056,,88,1,
2178915,3107155,8831071551949056,,88,1,
2178915,3107156,8831071561949056,,88,1,
2178915,3107157,8831071571949056,,88,1,
2178915,3107149,8931071491949056,,89,1,
2178915,3107150,8931071501949056,,89,1,
2178915,3107151,8931071511949056,,89,1,
2178915,3107153,8931071531949056,,89,1,
2178915,3107154,8931071541949056,,89,1,
2178915,3107155,8931071551949056,,89,1,
2178915,3107156,8931071561949056,,89,1,
2178915,3107157,8931071571949056,,89,1,
2178915,3107149,9031071491949056,,90,1,
2178915,3107150,9031071501949056,,90,1,
2178915,3107151,9031071511949056,,90,1,
2178915,3107153,9031071531949056,,90,1,
2178915,3107154,9031071541949056,,90,1,
2178915,3107155,9031071551949056,,90,1,
2178915,3107156,9031071561949056,,90,1,
2178915,3107157,9031071571949056,,90,1,
2178915,3107149,9131071491949056,,91,1,
2178915,3107150,9131071501949056,,91,1,
2178915,3107151,9131071511949056,,91,1,
2178915,3107153,9131071531949056,,91,1,
2178915,3107154,9131071541949056,,91,1,
2178915,3107155,9131071551949056,,91,1,
2178915,3107156,9131071561949056,,91,1,
2178915,3107157,9131071571949056,,91,1,
2178915,3107149,9231071491949056,,92,1,
2178915,3107150,9231071501949056,,92,1,
2178915,3107151,9231071511949056,,92,1,
2178915,3107153,9231071531949056,,92,1,
2178915,3107154,9231071541949056,,92,1,
2178915,3107155,9231071551949056,,92,1,
2178915,3107156,9231071561949056,,92,1,
2178915,3107157,9231071571949056,,92,1,
2178915,3107149,931071491949056,,9,1,
2178915,3107150,931071501949056,,9,1,
2178915,3107151,931071511949056,,9,1,
2178915,3107153,931071531949056,,9,1,
2178915,3107154,931071541949056,,9,1,
2178915,3107155,931071551949056,,9,1,
2178915,3107156,931071561949056,,9,1,
2178915,3107157,931071571949056,,9,1,
2178915,3107149,9331071491949056,,93,1,
2178915,3107150,9331071501949056,,93,1,
2178915,3107151,9331071511949056,,93,1,
2178915,3107153,9331071531949056,,93,1,
2178915,3107154,9331071541949056,,93,1,
2178915,3107155,9331071551949056,,93,1,
2178915,3107156,9331071561949056,,93,1,
2178915,3107157,9331071571949056,,93,1,
2178915,3107149,9431071491949056,,94,1,
2178915,3107150,9431071501949056,,94,1,
2178915,3107151,9431071511949056,,94,1,
2178915,3107153,9431071531949056,,94,1,
2178915,3107154,9431071541949056,,94,1,
2178915,3107155,9431071551949056,,94,1,
2178915,3107156,9431071561949056,,94,1,
2178915,3107157,9431071571949056,,94,1,
2178915,3107149,9531071491949056,,95,1,
2178915,3107150,9531071501949056,,95,1,
2178915,3107151,9531071511949056,,95,1,
2178915,3107153,9531071531949056,,95,1,
2178915,3107154,9531071541949056,,95,1,
2178915,3107155,9531071551949056,,95,1,
2178915,3107156,9531071561949056,,95,1,
2178915,3107157,9531071571949056,,95,1,
2178915,3107149,9631071491949056,,96,1,
2178915,3107150,9631071501949056,,96,1,
2178915,3107151,9631071511949056,,96,1,
2178915,13107153,9631071531949056,,96,1,
2178915,3107154,9631071541949056,,96,1,
2178915,3107155,9631071551949056,,96,1,
2178915,3107156,9631071561949056,,96,1,
2178915,3107157,9631071571949056,,96,1,
2178915,3107149,9731071491949056,,97,1,
2178915,3107150,9731071501949056,,97,1,
2178915,3107151,9731071511949056,,97,1,
2178915,13107153,9731071531949056,,97,1,
2178915,3107154,9731071541949056,,97,1,
2178915,3107155,9731071551949056,,97,1,
2178915,3107156,9731071561949056,,97,1,
2178915,3107157,9731071571949056,,97,1,
2178915,3107149,9831071491949056,,98,1,
2178915,3107150,9831071501949056,,98,1,
2178915,3107151,9831071511949056,,98,1,
2178915,3107154,9831071541949056,,98,1,
2178915,3107155,9831071551949056,,98,1,
2178915,3107156,9831071561949056,,98,1,
2178915,3107157,9831071571949056,,98,1,
2178915,3107149,9931071491949056,,99,1,
2178915,3107150,9931071501949056,,99,1,
2178915,3107151,9931071511949056,,99,1,
2178915,3107154,9931071541949056,,99,1,
2178915,3107155,9931071551949056,,99,1,
2178915,3107156,9931071561949056,,99,1,
2178915,3107157,9931071571949056,,99,1,
2178915,3107150,1031071501949058,,10,1,
2178915,3107151,1031071511949058,,10,1,
2178915,3107154,1031071541949058,,10,1,
2178915,3107155,1031071551949058,,10,1,
2178915,3107156,1031071561949058,,10,1,
2178915,3107157,1031071571949058,,10,1,
2178915,3107150,1131071501949058,,11,1,
2178915,3107151,1131071511949058,,11,1,
2178915,3107154,1131071541949058,,11,1,
2178915,3107155,1131071551949058,,11,1,
2178915,3107156,1131071561949058,,11,1,
2178915,3107157,1131071571949058,,11,1,
2178915,3107150,1231071501949058,,12,1,
2178915,3107151,1231071511949058,,12,1,
2178915,3107154,1231071541949058,,12,1,
2178915,3107155,1231071551949058,,12,1,
2178915,3107156,1231071561949058,,12,1,
2178915,3107157,1231071571949058,,12,1,
2178915,3107150,131071501949058,,1,1,
2178915,3107151,131071511949058,,1,1,
2178915,3107154,131071541949058,,1,1,
2178915,3107155,131071551949058,,1,1,
2178915,3107156,131071561949058,,1,1,
2178915,3107157,131071571949058,,1,1,
2178915,3107150,1331071501949058,,13,1,
2178915,3107151,1331071511949058,,13,1,
2178915,3107154,1331071541949058,,13,1,
2178915,3107155,1331071551949058,,13,1,
2178915,3107156,1331071561949058,,13,1,
2178915,3107157,1331071571949058,,13,1,
2178915,3107150,1431071501949058,,14,1,
2178915,3107151,1431071511949058,,14,1,
2178915,3107154,1431071541949058,,14,1,
2178915,3107155,1431071551949058,,14,1,
2178915,3107156,1431071561949058,,14,1,
2178915,3107157,1431071571949058,,14,1,
2178915,3107150,1531071501949058,,15,1,
2178915,3107151,1531071511949058,,15,1,
2178915,3107154,1531071541949058,,15,1,
2178915,3107155,1531071551949058,,15,1,
2178915,3107156,1531071561949058,,15,1,
2178915,3107157,1531071571949058,,15,1,
2178915,3107150,1631071501949058,,16,1,
2178915,3107151,1631071511949058,,16,1,
2178915,3107154,1631071541949058,,16,1,
2178915,3107155,1631071551949058,,16,1,
2178915,3107156,1631071561949058,,16,1,
2178915,3107157,1631071571949058,,16,1,
2178915,3107150,1731071501949058,,17,1,
2178915,3107151,1731071511949058,,17,1,
2178915,3107154,1731071541949058,,17,1,
2178915,3107155,1731071551949058,,17,1,
2178915,3107156,1731071561949058,,17,1,
2178915,3107157,1731071571949058,,17,1,
2178915,3107150,1831071501949058,,18,1,
2178915,3107151,1831071511949058,,18,1,
2178915,3107154,1831071541949058,,18,1,
2178915,3107155,1831071551949058,,18,1,
2178915,3107156,1831071561949058,,18,1,
2178915,3107157,1831071571949058,,18,1,
2178915,3107150,1931071501949058,,19,1,
2178915,3107151,1931071511949058,,19,1,
2178915,3107155,1931071551949058,,19,1,
2178915,3107156,1931071561949058,,19,1,
2178915,3107150,2031071501949058,,20,1,
2178915,3107151,2031071511949058,,20,1,
2178915,3107155,2031071551949058,,20,1,
2178915,3107156,2031071561949058,,20,1,
2178915,3107150,2131071501949058,,21,1,
2178915,3107151,2131071511949058,,21,1,
2178915,3107155,2131071551949058,,21,1,
2178915,3107156,2131071561949058,,21,1,
2178915,3107150,2231071501949058,,22,1,
2178915,3107151,2231071511949058,,22,1,
2178915,3107155,2231071551949058,,22,1,
2178915,3107156,2231071561949058,,22,1,
2178915,3107150,231071501949058,,2,1,
2178915,3107151,231071511949058,,2,1,
2178915,3107154,231071541949058,,2,1,
2178915,3107155,231071551949058,,2,1,
2178915,3107156,231071561949058,,2,1,
2178915,3107157,231071571949058,,2,1,
2178915,3107150,2331071501949058,,23,1,
2178915,3107151,2331071511949058,,23,1,
2178915,3107155,2331071551949058,,23,1,
2178915,3107156,2331071561949058,,23,1,
2178915,3107150,2431071501949058,,24,1,
2178915,3107151,2431071511949058,,24,1,
2178915,3107155,2431071551949058,,24,1,
2178915,3107156,2431071561949058,,24,1,
2178915,3107150,2531071501949058,,25,1,
2178915,3107151,2531071511949058,,25,1,
2178915,3107155,2531071551949058,,25,1,
2178915,3107156,2531071561949058,,25,1,
2178915,3107150,2631071501949058,,26,1,
2178915,3107151,2631071511949058,,26,1,
2178915,3107155,2631071551949058,,26,1,
2178915,3107156,2631071561949058,,26,1,
2178915,3107155,2731071551949058,,27,1,
2178915,3107155,2831071551949058,,28,1,
2178915,3107155,2931071551949058,,29,1,
2178915,3107155,3031071551949058,,30,1,
2178915,3107155,3131071551949058,,31,1,
2178915,3107155,3231071551949058,,32,1,
2178915,3107150,331071501949058,,3,1,
2178915,3107151,331071511949058,,3,1,
2178915,3107154,331071541949058,,3,1,
2178915,3107155,331071551949058,,3,1,
2178915,3107156,331071561949058,,3,1,
2178915,3107157,331071571949058,,3,1,
2178915,3107155,3331071551949058,,33,1,
2178915,3107155,3431071551949058,,34,1,
2178915,3107150,431071501949058,,4,1,
2178915,3107151,431071511949058,,4,1,
2178915,3107154,431071541949058,,4,1,
2178915,3107155,431071551949058,,4,1,
2178915,3107156,431071561949058,,4,1,
2178915,3107157,431071571949058,,4,1,
2178915,3107150,531071501949058,,5,1,
2178915,3107151,531071511949058,,5,1,
2178915,3107154,531071541949058,,5,1,
2178915,3107155,531071551949058,,5,1,
2178915,3107156,531071561949058,,5,1,
2178915,3107157,531071571949058,,5,1,
2178915,3107150,631071501949058,,6,1,
2178915,3107151,631071511949058,,6,1,
2178915,3107154,631071541949058,,6,1,
2178915,3107155,631071551949058,,6,1,
2178915,3107156,631071561949058,,6,1,
2178915,3107157,631071571949058,,6,1,
2178915,3107150,731071501949058,,7,1,
2178915,3107151,731071511949058,,7,1,
2178915,3107154,731071541949058,,7,1,
2178915,3107155,731071551949058,,7,1,
2178915,3107156,731071561949058,,7,1,
2178915,3107157,731071571949058,,7,1,
2178915,3107150,831071501949058,,8,1,
2178915,3107151,831071511949058,,8,1,
2178915,3107154,831071541949058,,8,1,
2178915,3107155,831071551949058,,8,1,
2178915,3107156,831071561949058,,8,1,
2178915,3107157,831071571949058,,8,1,
2178915,3107150,931071501949058,,9,1,
2178915,3107151,931071511949058,,9,1,
2178915,3107154,931071541949058,,9,1,
2178915,3107155,931071551949058,,9,1,
2178915,3107156,931071561949058,,9,1,
2178915,3107157,931071571949058,,9,1,
