route_id,service_id,trip_id,trip_headsign,trip_short_name,direction_id,shape_id
2165707,2999901,1029999010858467,,10,0,
2165707,2999902,1029999020858467,,10,0,
2165707,2999903,1029999030858467,,10,0,
2165707,2999904,1029999040858467,,10,0,
2165707,2999905,1029999050858467,,10,0,
2165707,2999906,1029999060858467,,10,0,
2165707,2999907,1029999070858467,,10,0,
2165707,2999901,1129999010858467,,11,0,
2165707,2999902,1129999020858467,,11,0,
2165707,2999903,1129999030858467,,11,0,
2165707,2999904,1129999040858467,,11,0,
2165707,2999905,1129999050858467,,11,0,
2165707,2999906,1129999060858467,,11,0,
2165707,2999907,1129999070858467,,11,0,
2165707,2999902,1229999020858467,,12,0,
2165707,2999903,1229999030858467,,12,0,
2165707,2999904,1229999040858467,,12,0,
2165707,2999905,1229999050858467,,12,0,
2165707,2999906,1229999060858467,,12,0,
2165707,2999907,1229999070858467,,12,0,
2165707,2999901,129999010858467,,1,0,
2165707,2999902,129999020858467,,1,0,
2165707,2999903,129999030858467,,1,0,
2165707,2999904,129999040858467,,1,0,
2165707,2999905,129999050858467,,1,0,
2165707,2999906,129999060858467,,1,0,
2165707,2999907,129999070858467,,1,0,
2165707,2999902,1329999020858467,,13,0,
2165707,2999903,1329999030858467,,13,0,
2165707,2999904,1329999040858467,,13,0,
2165707,2999905,1329999050858467,,13,0,
2165707,2999906,1329999060858467,,13,0,
2165707,2999907,1329999070858467,,13,0,
2165707,2999902,1429999020858467,,14,0,
2165707,2999903,1429999030858467,,14,0,
2165707,2999904,1429999040858467,,14,0,
2165707,2999905,1429999050858467,,14,0,
2165707,2999906,1429999060858467,,14,0,
2165707,2999907,1429999070858467,,14,0,
2165707,2999902,1529999020858467,,15,0,
2165707,2999903,1529999030858467,,15,0,
2165707,2999904,1529999040858467,,15,0,
2165707,2999905,1529999050858467,,15,0,
2165707,2999906,1529999060858467,,15,0,
2165707,2999907,1529999070858467,,15,0,
2165707,2999902,1629999020858467,,16,0,
2165707,2999903,1629999030858467,,16,0,
2165707,2999904,1629999040858467,,16,0,
2165707,2999905,1629999050858467,,16,0,
2165707,2999906,1629999060858467,,16,0,
2165707,2999907,1629999070858467,,16,0,
2165707,2999902,1729999020858467,,17,0,
2165707,2999903,1729999030858467,,17,0,
2165707,2999904,1729999040858467,,17,0,
2165707,2999905,1729999050858467,,17,0,
2165707,2999906,1729999060858467,,17,0,
2165707,2999907,1729999070858467,,17,0,
2165707,2999902,1829999020858467,,18,0,
2165707,2999903,1829999030858467,,18,0,
2165707,2999904,1829999040858467,,18,0,
2165707,2999905,1829999050858467,,18,0,
2165707,2999906,1829999060858467,,18,0,
2165707,2999907,1829999070858467,,18,0,
2165707,2999902,1929999020858467,,19,0,
2165707,2999903,1929999030858467,,19,0,
2165707,2999904,1929999040858467,,19,0,
2165707,2999905,1929999050858467,,19,0,
2165707,2999906,1929999060858467,,19,0,
2165707,2999907,1929999070858467,,19,0,
2165707,2999902,2029999020858467,,20,0,
2165707,2999903,2029999030858467,,20,0,
2165707,2999904,2029999040858467,,20,0,
2165707,2999905,2029999050858467,,20,0,
2165707,2999906,2029999060858467,,20,0,
2165707,2999907,2029999070858467,,20,0,
2165707,2999902,2129999020858467,,21,0,
2165707,2999903,2129999030858467,,21,0,
2165707,2999904,2129999040858467,,21,0,
2165707,2999905,2129999050858467,,21,0,
2165707,2999906,2129999060858467,,21,0,
2165707,2999907,2129999070858467,,21,0,
2165707,2999902,2229999020858467,,22,0,
2165707,2999903,2229999030858467,,22,0,
2165707,2999904,2229999040858467,,22,0,
2165707,2999905,2229999050858467,,22,0,
2165707,2999906,2229999060858467,,22,0,
2165707,2999907,2229999070858467,,22,0,
2165707,2999901,229999010858467,,2,0,
2165707,2999902,229999020858467,,2,0,
2165707,2999903,229999030858467,,2,0,
2165707,2999904,229999040858467,,2,0,
2165707,2999905,229999050858467,,2,0,
2165707,2999906,229999060858467,,2,0,
2165707,2999907,229999070858467,,2,0,
2165707,2999902,2329999020858467,,23,0,
2165707,2999903,2329999030858467,,23,0,
2165707,2999904,2329999040858467,,23,0,
2165707,2999905,2329999050858467,,23,0,
2165707,2999906,2329999060858467,,23,0,
2165707,2999907,2329999070858467,,23,0,
2165707,2999902,2429999020858467,,24,0,
2165707,2999903,2429999030858467,,24,0,
2165707,2999904,2429999040858467,,24,0,
2165707,2999905,2429999050858467,,24,0,
2165707,2999906,2429999060858467,,24,0,
2165707,2999907,2429999070858467,,24,0,
2165707,2999902,2529999020858467,,25,0,
2165707,2999903,2529999030858467,,25,0,
2165707,2999904,2529999040858467,,25,0,
2165707,2999905,2529999050858467,,25,0,
2165707,2999906,2529999060858467,,25,0,
2165707,2999907,2529999070858467,,25,0,
2165707,2999902,2629999020858467,,26,0,
2165707,2999903,2629999030858467,,26,0,
2165707,2999904,2629999040858467,,26,0,
2165707,2999905,2629999050858467,,26,0,
2165707,2999906,2629999060858467,,26,0,
2165707,2999907,2629999070858467,,26,0,
2165707,2999902,2729999020858467,,27,0,
2165707,2999903,2729999030858467,,27,0,
2165707,2999904,2729999040858467,,27,0,
2165707,2999905,2729999050858467,,27,0,
2165707,2999906,2729999060858467,,27,0,
2165707,2999907,2729999070858467,,27,0,
2165707,2999902,2829999020858467,,28,0,
2165707,2999903,2829999030858467,,28,0,
2165707,2999904,2829999040858467,,28,0,
2165707,2999905,2829999050858467,,28,0,
2165707,2999906,2829999060858467,,28,0,
2165707,2999907,2829999070858467,,28,0,
2165707,2999902,2929999020858467,,29,0,
2165707,2999903,2929999030858467,,29,0,
2165707,2999904,2929999040858467,,29,0,
2165707,2999905,2929999050858467,,29,0,
2165707,2999906,2929999060858467,,29,0,
2165707,2999907,2929999070858467,,29,0,
2165707,2999902,3029999020858467,,30,0,
2165707,2999903,3029999030858467,,30,0,
2165707,2999904,3029999040858467,,30,0,
2165707,2999905,3029999050858467,,30,0,
2165707,2999906,3029999060858467,,30,0,
2165707,2999907,3029999070858467,,30,0,
2165707,2999902,3129999020858467,,31,0,
2165707,2999903,3129999030858467,,31,0,
2165707,2999904,3129999040858467,,31,0,
2165707,2999905,3129999050858467,,31,0,
2165707,2999906,3129999060858467,,31,0,
2165707,2999907,3129999070858467,,31,0,
2165707,2999902,3229999020858467,,32,0,
2165707,2999903,3229999030858467,,32,0,
2165707,2999904,3229999040858467,,32,0,
2165707,2999905,3229999050858467,,32,0,
2165707,2999906,3229999060858467,,32,0,
2165707,2999907,3229999070858467,,32,0,
2165707,2999901,329999010858467,,3,0,
2165707,2999902,329999020858467,,3,0,
2165707,2999903,329999030858467,,3,0,
2165707,2999904,329999040858467,,3,0,
2165707,2999905,329999050858467,,3,0,
2165707,2999906,329999060858467,,3,0,
2165707,2999907,329999070858467,,3,0,
2165707,2999902,3329999020858467,,33,0,
2165707,2999903,3329999030858467,,33,0,
2165707,2999904,3329999040858467,,33,0,
2165707,2999905,3329999050858467,,33,0,
2165707,2999906,3329999060858467,,33,0,
2165707,2999907,3329999070858467,,33,0,
2165707,2999902,3429999020858467,,34,0,
2165707,2999903,3429999030858467,,34,0,
2165707,2999904,3429999040858467,,34,0,
2165707,2999905,3429999050858467,,34,0,
2165707,2999906,3429999060858467,,34,0,
2165707,2999907,3429999070858467,,34,0,
2165707,2999902,3529999020858467,,35,0,
2165707,2999903,3529999030858467,,35,0,
2165707,2999904,3529999040858467,,35,0,
2165707,2999905,3529999050858467,,35,0,
2165707,2999906,3529999060858467,,35,0,
2165707,2999907,3529999070858467,,35,0,
2165707,2999902,3629999020858467,,36,0,
2165707,2999903,3629999030858467,,36,0,
2165707,2999904,3629999040858467,,36,0,
2165707,2999905,3629999050858467,,36,0,
2165707,2999906,3629999060858467,,36,0,
2165707,2999907,3629999070858467,,36,0,
2165707,2999902,3729999020858467,,37,0,
2165707,2999903,3729999030858467,,37,0,
2165707,2999904,3729999040858467,,37,0,
2165707,2999905,3729999050858467,,37,0,
2165707,2999906,3729999060858467,,37,0,
2165707,2999907,3729999070858467,,37,0,
2165707,2999902,3829999020858467,,38,0,
2165707,2999903,3829999030858467,,38,0,
2165707,2999904,3829999040858467,,38,0,
2165707,2999905,3829999050858467,,38,0,
2165707,2999906,3829999060858467,,38,0,
2165707,2999907,3829999070858467,,38,0,
2165707,2999902,3929999020858467,,39,0,
2165707,2999903,3929999030858467,,39,0,
2165707,2999904,3929999040858467,,39,0,
2165707,2999905,3929999050858467,,39,0,
2165707,2999906,3929999060858467,,39,0,
2165707,2999907,3929999070858467,,39,0,
2165707,2999902,4029999020858467,,40,0,
2165707,2999903,4029999030858467,,40,0,
2165707,2999904,4029999040858467,,40,0,
2165707,2999905,4029999050858467,,40,0,
2165707,2999906,4029999060858467,,40,0,
2165707,2999907,4029999070858467,,40,0,
2165707,2999902,4129999020858467,,41,0,
2165707,2999903,4129999030858467,,41,0,
2165707,2999904,4129999040858467,,41,0,
2165707,2999905,4129999050858467,,41,0,
2165707,2999906,4129999060858467,,41,0,
2165707,2999907,4129999070858467,,41,0,
2165707,2999902,4229999020858467,,42,0,
2165707,2999903,4229999030858467,,42,0,
2165707,2999904,4229999040858467,,42,0,
2165707,2999905,4229999050858467,,42,0,
2165707,2999906,4229999060858467,,42,0,
2165707,2999907,4229999070858467,,42,0,
2165707,2999901,429999010858467,,4,0,
2165707,2999902,429999020858467,,4,0,
2165707,2999903,429999030858467,,4,0,
2165707,2999904,429999040858467,,4,0,
2165707,2999905,429999050858467,,4,0,
2165707,2999906,429999060858467,,4,0,
2165707,2999907,429999070858467,,4,0,
2165707,2999902,4329999020858467,,43,0,
2165707,2999903,4329999030858467,,43,0,
2165707,2999904,4329999040858467,,43,0,
2165707,2999905,4329999050858467,,43,0,
2165707,2999906,4329999060858467,,43,0,
2165707,2999907,4329999070858467,,43,0,
2165707,2999902,4429999020858467,,44,0,
2165707,2999903,4429999030858467,,44,0,
2165707,2999904,4429999040858467,,44,0,
2165707,2999905,4429999050858467,,44,0,
2165707,2999906,4429999060858467,,44,0,
2165707,2999907,4429999070858467,,44,0,
2165707,2999902,4529999020858467,,45,0,
2165707,2999903,4529999030858467,,45,0,
2165707,2999904,4529999040858467,,45,0,
2165707,2999905,4529999050858467,,45,0,
2165707,2999906,4529999060858467,,45,0,
2165707,2999907,4529999070858467,,45,0,
2165707,2999902,4629999020858467,,46,0,
2165707,2999903,4629999030858467,,46,0,
2165707,2999904,4629999040858467,,46,0,
2165707,2999905,4629999050858467,,46,0,
2165707,2999906,4629999060858467,,46,0,
2165707,2999907,4629999070858467,,46,0,
2165707,2999902,4729999020858467,,47,0,
2165707,2999903,4729999030858467,,47,0,
2165707,2999904,4729999040858467,,47,0,
2165707,2999905,4729999050858467,,47,0,
2165707,2999906,4729999060858467,,47,0,
2165707,2999907,4729999070858467,,47,0,
2165707,2999902,4829999020858467,,48,0,
2165707,2999903,4829999030858467,,48,0,
2165707,2999904,4829999040858467,,48,0,
2165707,2999905,4829999050858467,,48,0,
2165707,2999906,4829999060858467,,48,0,
2165707,2999907,4829999070858467,,48,0,
2165707,2999902,4929999020858467,,49,0,
2165707,2999903,4929999030858467,,49,0,
2165707,2999904,4929999040858467,,49,0,
2165707,2999905,4929999050858467,,49,0,
2165707,2999906,4929999060858467,,49,0,
2165707,2999907,4929999070858467,,49,0,
2165707,2999902,5029999020858467,,50,0,
2165707,2999903,5029999030858467,,50,0,
2165707,2999904,5029999040858467,,50,0,
2165707,2999905,5029999050858467,,50,0,
2165707,2999906,5029999060858467,,50,0,
2165707,2999907,5029999070858467,,50,0,
2165707,2999902,5129999020858467,,51,0,
2165707,2999903,5129999030858467,,51,0,
2165707,2999904,5129999040858467,,51,0,
2165707,2999905,5129999050858467,,51,0,
2165707,2999906,5129999060858467,,51,0,
2165707,2999907,5129999070858467,,51,0,
2165707,2999902,5229999020858467,,52,0,
2165707,2999903,5229999030858467,,52,0,
2165707,2999904,5229999040858467,,52,0,
2165707,2999905,5229999050858467,,52,0,
2165707,2999906,5229999060858467,,52,0,
2165707,2999907,5229999070858467,,52,0,
2165707,2999901,529999010858467,,5,0,
2165707,2999902,529999020858467,,5,0,
2165707,2999903,529999030858467,,5,0,
2165707,2999904,529999040858467,,5,0,
2165707,2999905,529999050858467,,5,0,
2165707,2999906,529999060858467,,5,0,
2165707,2999907,529999070858467,,5,0,
2165707,2999902,5329999020858467,,53,0,
2165707,2999903,5329999030858467,,53,0,
2165707,2999904,5329999040858467,,53,0,
2165707,2999905,5329999050858467,,53,0,
2165707,2999906,5329999060858467,,53,0,
2165707,2999907,5329999070858467,,53,0,
2165707,2999902,5429999020858467,,54,0,
2165707,2999903,5429999030858467,,54,0,
2165707,2999904,5429999040858467,,54,0,
2165707,2999905,5429999050858467,,54,0,
2165707,2999906,5429999060858467,,54,0,
2165707,2999907,5429999070858467,,54,0,
2165707,2999902,5529999020858467,,55,0,
2165707,2999903,5529999030858467,,55,0,
2165707,2999904,5529999040858467,,55,0,
2165707,2999905,5529999050858467,,55,0,
2165707,2999906,5529999060858467,,55,0,
2165707,2999907,5529999070858467,,55,0,
2165707,2999902,5629999020858467,,56,0,
2165707,2999903,5629999030858467,,56,0,
2165707,2999904,5629999040858467,,56,0,
2165707,2999905,5629999050858467,,56,0,
2165707,2999906,5629999060858467,,56,0,
2165707,2999907,5629999070858467,,56,0,
2165707,2999902,5729999020858467,,57,0,
2165707,2999903,5729999030858467,,57,0,
2165707,2999904,5729999040858467,,57,0,
2165707,2999905,5729999050858467,,57,0,
2165707,2999906,5729999060858467,,57,0,
2165707,2999907,5729999070858467,,57,0,
2165707,2999902,5829999020858467,,58,0,
2165707,2999903,5829999030858467,,58,0,
2165707,2999904,5829999040858467,,58,0,
2165707,2999906,5829999060858467,,58,0,
2165707,2999907,5829999070858467,,58,0,
2165707,2999902,5929999020858467,,59,0,
2165707,2999904,5929999040858467,,59,0,
2165707,2999906,5929999060858467,,59,0,
2165707,2999902,6029999020858467,,60,0,
2165707,2999904,6029999040858467,,60,0,
2165707,2999906,6029999060858467,,60,0,
2165707,2999902,6129999020858467,,61,0,
2165707,2999904,6129999040858467,,61,0,
2165707,2999906,6129999060858467,,61,0,
2165707,2999902,6229999020858467,,62,0,
2165707,2999904,6229999040858467,,62,0,
2165707,2999906,6229999060858467,,62,0,
2165707,2999901,629999010858467,,6,0,
2165707,2999902,629999020858467,,6,0,
2165707,2999903,629999030858467,,6,0,
2165707,2999904,629999040858467,,6,0,
2165707,2999905,629999050858467,,6,0,
2165707,2999906,629999060858467,,6,0,
2165707,2999907,629999070858467,,6,0,
2165707,2999902,6329999020858467,,63,0,
2165707,2999904,6329999040858467,,63,0,
2165707,2999906,6329999060858467,,63,0,
2165707,2999902,6429999020858467,,64,0,
2165707,2999904,6429999040858467,,64,0,
2165707,2999906,6429999060858467,,64,0,
2165707,2999902,6529999020858467,,65,0,
2165707,2999906,6529999060858467,,65,0,
2165707,2999902,6629999020858467,,66,0,
2165707,2999906,6629999060858467,,66,0,
2165707,2999902,6729999020858467,,67,0,
2165707,2999906,6729999060858467,,67,0,
2165707,2999901,729999010858467,,7,0,
2165707,2999902,729999020858467,,7,0,
2165707,2999903,729999030858467,,7,0,
2165707,2999904,729999040858467,,7,0,
2165707,2999905,729999050858467,,7,0,
2165707,2999906,729999060858467,,7,0,
2165707,2999907,729999070858467,,7,0,
2165707,2999901,829999010858467,,8,0,
2165707,2999902,829999020858467,,8,0,
2165707,2999903,829999030858467,,8,0,
2165707,2999904,829999040858467,,8,0,
2165707,2999905,829999050858467,,8,0,
2165707,2999906,829999060858467,,8,0,
2165707,2999907,829999070858467,,8,0,
2165707,2999901,929999010858467,,9,0,
2165707,2999902,929999020858467,,9,0,
2165707,2999903,929999030858467,,9,0,
2165707,2999904,929999040858467,,9,0,
2165707,2999905,929999050858467,,9,0,
2165707,2999906,929999060858467,,9,0,
2165707,2999907,929999070858467,,9,0,
2165707,2999901,1029999010858472,,10,0,
2165707,2999902,1029999020858472,,10,0,
2165707,2999903,1029999030858472,,10,0,
2165707,2999904,1029999040858472,,10,0,
2165707,2999905,1029999050858472,,10,0,
2165707,2999906,1029999060858472,,10,0,
2165707,2999907,1029999070858472,,10,0,
2165707,2999901,1129999010858472,,11,0,
2165707,2999902,1129999020858472,,11,0,
2165707,2999903,1129999030858472,,11,0,
2165707,2999904,1129999040858472,,11,0,
2165707,2999905,1129999050858472,,11,0,
2165707,2999906,1129999060858472,,11,0,
2165707,2999907,1129999070858472,,11,0,
2165707,2999901,1229999010858472,,12,0,
2165707,2999902,1229999020858472,,12,0,
2165707,2999903,1229999030858472,,12,0,
2165707,2999904,1229999040858472,,12,0,
2165707,2999905,1229999050858472,,12,0,
2165707,2999906,1229999060858472,,12,0,
2165707,2999907,1229999070858472,,12,0,
2165707,2999901,129999010858472,,1,0,
2165707,2999902,129999020858472,,1,0,
2165707,2999903,129999030858472,,1,0,
2165707,2999904,129999040858472,,1,0,
2165707,2999905,129999050858472,,1,0,
2165707,2999906,129999060858472,,1,0,
2165707,2999907,129999070858472,,1,0,
2165707,2999901,1329999010858472,,13,0,
2165707,2999902,1329999020858472,,13,0,
2165707,2999903,1329999030858472,,13,0,
2165707,2999904,1329999040858472,,13,0,
2165707,2999905,1329999050858472,,13,0,
2165707,2999906,1329999060858472,,13,0,
2165707,2999907,1329999070858472,,13,0,
2165707,2999901,1429999010858472,,14,0,
2165707,2999902,1429999020858472,,14,0,
2165707,2999903,1429999030858472,,14,0,
2165707,2999904,1429999040858472,,14,0,
2165707,2999905,1429999050858472,,14,0,
2165707,2999906,1429999060858472,,14,0,
2165707,2999907,1429999070858472,,14,0,
2165707,2999901,1529999010858472,,15,0,
2165707,2999902,1529999020858472,,15,0,
2165707,2999903,1529999030858472,,15,0,
2165707,2999904,1529999040858472,,15,0,
2165707,2999905,1529999050858472,,15,0,
2165707,2999906,1529999060858472,,15,0,
2165707,2999907,1529999070858472,,15,0,
2165707,2999901,1629999010858472,,16,0,
2165707,2999902,1629999020858472,,16,0,
2165707,2999903,1629999030858472,,16,0,
2165707,2999904,1629999040858472,,16,0,
2165707,2999905,1629999050858472,,16,0,
2165707,2999906,1629999060858472,,16,0,
2165707,2999907,1629999070858472,,16,0,
2165707,2999901,1729999010858472,,17,0,
2165707,2999902,1729999020858472,,17,0,
2165707,2999903,1729999030858472,,17,0,
2165707,2999904,1729999040858472,,17,0,
2165707,2999905,1729999050858472,,17,0,
2165707,2999906,1729999060858472,,17,0,
2165707,2999907,1729999070858472,,17,0,
2165707,2999901,1829999010858472,,18,0,
2165707,2999902,1829999020858472,,18,0,
2165707,2999903,1829999030858472,,18,0,
2165707,2999904,1829999040858472,,18,0,
2165707,2999905,1829999050858472,,18,0,
2165707,2999906,1829999060858472,,18,0,
2165707,2999907,1829999070858472,,18,0,
2165707,2999901,1929999010858472,,19,0,
2165707,2999902,1929999020858472,,19,0,
2165707,2999903,1929999030858472,,19,0,
2165707,2999904,1929999040858472,,19,0,
2165707,2999905,1929999050858472,,19,0,
2165707,2999906,1929999060858472,,19,0,
2165707,2999907,1929999070858472,,19,0,
2165707,2999901,2029999010858472,,20,0,
2165707,2999902,2029999020858472,,20,0,
2165707,2999903,2029999030858472,,20,0,
2165707,2999904,2029999040858472,,20,0,
2165707,2999905,2029999050858472,,20,0,
2165707,2999906,2029999060858472,,20,0,
2165707,2999907,2029999070858472,,20,0,
2165707,2999901,2129999010858472,,21,0,
2165707,2999902,2129999020858472,,21,0,
2165707,2999903,2129999030858472,,21,0,
2165707,2999904,2129999040858472,,21,0,
2165707,2999905,2129999050858472,,21,0,
2165707,2999906,2129999060858472,,21,0,
2165707,2999907,2129999070858472,,21,0,
2165707,2999901,2229999010858472,,22,0,
2165707,2999902,2229999020858472,,22,0,
2165707,2999903,2229999030858472,,22,0,
2165707,2999904,2229999040858472,,22,0,
2165707,2999905,2229999050858472,,22,0,
2165707,2999906,2229999060858472,,22,0,
2165707,2999907,2229999070858472,,22,0,
2165707,2999901,229999010858472,,2,0,
2165707,2999902,229999020858472,,2,0,
2165707,2999903,229999030858472,,2,0,
2165707,2999904,229999040858472,,2,0,
2165707,2999905,229999050858472,,2,0,
2165707,2999906,229999060858472,,2,0,
2165707,2999907,229999070858472,,2,0,
2165707,2999901,2329999010858472,,23,0,
2165707,2999902,2329999020858472,,23,0,
2165707,2999903,2329999030858472,,23,0,
2165707,2999904,2329999040858472,,23,0,
2165707,2999905,2329999050858472,,23,0,
2165707,2999906,2329999060858472,,23,0,
2165707,2999907,2329999070858472,,23,0,
2165707,2999901,2429999010858472,,24,0,
2165707,2999902,2429999020858472,,24,0,
2165707,2999903,2429999030858472,,24,0,
2165707,2999904,2429999040858472,,24,0,
2165707,2999905,2429999050858472,,24,0,
2165707,2999906,2429999060858472,,24,0,
2165707,2999907,2429999070858472,,24,0,
2165707,2999901,2529999010858472,,25,0,
2165707,2999902,2529999020858472,,25,0,
2165707,2999903,2529999030858472,,25,0,
2165707,2999904,2529999040858472,,25,0,
2165707,2999905,2529999050858472,,25,0,
2165707,2999906,2529999060858472,,25,0,
2165707,2999907,2529999070858472,,25,0,
2165707,2999901,2629999010858472,,26,0,
2165707,2999902,2629999020858472,,26,0,
2165707,2999903,2629999030858472,,26,0,
2165707,2999904,2629999040858472,,26,0,
2165707,2999905,2629999050858472,,26,0,
2165707,2999906,2629999060858472,,26,0,
2165707,2999907,2629999070858472,,26,0,
2165707,2999901,2729999010858472,,27,0,
2165707,2999902,2729999020858472,,27,0,
2165707,2999903,2729999030858472,,27,0,
2165707,2999904,2729999040858472,,27,0,
2165707,2999905,2729999050858472,,27,0,
2165707,2999906,2729999060858472,,27,0,
2165707,2999907,2729999070858472,,27,0,
2165707,2999901,2829999010858472,,28,0,
2165707,2999902,2829999020858472,,28,0,
2165707,2999903,2829999030858472,,28,0,
2165707,2999904,2829999040858472,,28,0,
2165707,2999905,2829999050858472,,28,0,
2165707,2999906,2829999060858472,,28,0,
2165707,2999907,2829999070858472,,28,0,
2165707,2999901,2929999010858472,,29,0,
2165707,2999902,2929999020858472,,29,0,
2165707,2999903,2929999030858472,,29,0,
2165707,2999904,2929999040858472,,29,0,
2165707,2999905,2929999050858472,,29,0,
2165707,2999906,2929999060858472,,29,0,
2165707,2999907,2929999070858472,,29,0,
2165707,2999901,3029999010858472,,30,0,
2165707,2999902,3029999020858472,,30,0,
2165707,2999903,3029999030858472,,30,0,
2165707,2999904,3029999040858472,,30,0,
2165707,2999905,3029999050858472,,30,0,
2165707,2999906,3029999060858472,,30,0,
2165707,2999907,3029999070858472,,30,0,
2165707,2999901,3129999010858472,,31,0,
2165707,2999902,3129999020858472,,31,0,
2165707,2999903,3129999030858472,,31,0,
2165707,2999904,3129999040858472,,31,0,
2165707,2999905,3129999050858472,,31,0,
2165707,2999906,3129999060858472,,31,0,
2165707,2999907,3129999070858472,,31,0,
2165707,2999901,3229999010858472,,32,0,
2165707,2999902,3229999020858472,,32,0,
2165707,2999903,3229999030858472,,32,0,
2165707,2999904,3229999040858472,,32,0,
2165707,2999905,3229999050858472,,32,0,
2165707,2999906,3229999060858472,,32,0,
2165707,2999907,3229999070858472,,32,0,
2165707,2999901,329999010858472,,3,0,
2165707,2999902,329999020858472,,3,0,
2165707,2999903,329999030858472,,3,0,
2165707,2999904,329999040858472,,3,0,
2165707,2999905,329999050858472,,3,0,
2165707,2999906,329999060858472,,3,0,
2165707,2999907,329999070858472,,3,0,
2165707,2999901,3329999010858472,,33,0,
2165707,2999902,3329999020858472,,33,0,
2165707,2999903,3329999030858472,,33,0,
2165707,2999904,3329999040858472,,33,0,
2165707,2999905,3329999050858472,,33,0,
2165707,2999906,3329999060858472,,33,0,
2165707,2999907,3329999070858472,,33,0,
2165707,2999901,3429999010858472,,34,0,
2165707,2999902,3429999020858472,,34,0,
2165707,2999903,3429999030858472,,34,0,
2165707,2999904,3429999040858472,,34,0,
2165707,2999905,3429999050858472,,34,0,
2165707,2999906,3429999060858472,,34,0,
2165707,2999907,3429999070858472,,34,0,
2165707,2999901,3529999010858472,,35,0,
2165707,2999902,3529999020858472,,35,0,
2165707,2999903,3529999030858472,,35,0,
2165707,2999904,3529999040858472,,35,0,
2165707,2999905,3529999050858472,,35,0,
2165707,2999906,3529999060858472,,35,0,
2165707,2999907,3529999070858472,,35,0,
2165707,2999901,3629999010858472,,36,0,
2165707,2999902,3629999020858472,,36,0,
2165707,2999903,3629999030858472,,36,0,
2165707,2999904,3629999040858472,,36,0,
2165707,2999905,3629999050858472,,36,0,
2165707,2999906,3629999060858472,,36,0,
2165707,2999907,3629999070858472,,36,0,
2165707,2999901,3729999010858472,,37,0,
2165707,2999902,3729999020858472,,37,0,
2165707,2999903,3729999030858472,,37,0,
2165707,2999904,3729999040858472,,37,0,
2165707,2999905,3729999050858472,,37,0,
2165707,2999906,3729999060858472,,37,0,
2165707,2999907,3729999070858472,,37,0,
2165707,2999901,3829999010858472,,38,0,
2165707,2999902,3829999020858472,,38,0,
2165707,2999903,3829999030858472,,38,0,
2165707,2999904,3829999040858472,,38,0,
2165707,2999905,3829999050858472,,38,0,
2165707,2999906,3829999060858472,,38,0,
2165707,2999907,3829999070858472,,38,0,
2165707,2999901,3929999010858472,,39,0,
2165707,2999902,3929999020858472,,39,0,
2165707,2999903,3929999030858472,,39,0,
2165707,2999904,3929999040858472,,39,0,
2165707,2999905,3929999050858472,,39,0,
2165707,2999906,3929999060858472,,39,0,
2165707,2999907,3929999070858472,,39,0,
2165707,12999901,4029999010858472,,40,0,
2165707,2999902,4029999020858472,,40,0,
2165707,2999903,4029999030858472,,40,0,
2165707,2999904,4029999040858472,,40,0,
2165707,2999905,4029999050858472,,40,0,
2165707,2999906,4029999060858472,,40,0,
2165707,2999907,4029999070858472,,40,0,
2165707,12999901,4129999010858472,,41,0,
2165707,2999902,4129999020858472,,41,0,
2165707,2999903,4129999030858472,,41,0,
2165707,2999904,4129999040858472,,41,0,
2165707,2999905,4129999050858472,,41,0,
2165707,2999906,4129999060858472,,41,0,
2165707,2999907,4129999070858472,,41,0,
2165707,12999901,4229999010858472,,42,0,
2165707,2999902,4229999020858472,,42,0,
2165707,2999903,4229999030858472,,42,0,
2165707,2999904,4229999040858472,,42,0,
2165707,2999905,4229999050858472,,42,0,
2165707,2999906,4229999060858472,,42,0,
2165707,2999907,4229999070858472,,42,0,
2165707,2999901,429999010858472,,4,0,
2165707,2999902,429999020858472,,4,0,
2165707,2999903,429999030858472,,4,0,
2165707,2999904,429999040858472,,4,0,
2165707,2999905,429999050858472,,4,0,
2165707,2999906,429999060858472,,4,0,
2165707,2999907,429999070858472,,4,0,
2165707,2999902,4329999020858472,,43,0,
2165707,2999903,4329999030858472,,43,0,
2165707,2999904,4329999040858472,,43,0,
2165707,2999905,4329999050858472,,43,0,
2165707,2999906,4329999060858472,,43,0,
2165707,2999907,4329999070858472,,43,0,
2165707,2999902,4429999020858472,,44,0,
2165707,2999903,4429999030858472,,44,0,
2165707,2999904,4429999040858472,,44,0,
2165707,2999905,4429999050858472,,44,0,
2165707,2999906,4429999060858472,,44,0,
2165707,2999907,4429999070858472,,44,0,
2165707,2999902,4529999020858472,,45,0,
2165707,2999903,4529999030858472,,45,0,
2165707,2999904,4529999040858472,,45,0,
2165707,2999905,4529999050858472,,45,0,
2165707,2999906,4529999060858472,,45,0,
2165707,2999907,4529999070858472,,45,0,
2165707,2999902,4629999020858472,,46,0,
2165707,2999903,4629999030858472,,46,0,
2165707,2999904,4629999040858472,,46,0,
2165707,12999905,4629999050858472,,46,0,
2165707,2999906,4629999060858472,,46,0,
2165707,2999907,4629999070858472,,46,0,
2165707,2999902,4729999020858472,,47,0,
2165707,2999903,4729999030858472,,47,0,
2165707,2999904,4729999040858472,,47,0,
2165707,12999905,4729999050858472,,47,0,
2165707,2999906,4729999060858472,,47,0,
2165707,2999907,4729999070858472,,47,0,
2165707,2999902,4829999020858472,,48,0,
2165707,2999903,4829999030858472,,48,0,
2165707,2999904,4829999040858472,,48,0,
2165707,12999905,4829999050858472,,48,0,
2165707,2999906,4829999060858472,,48,0,
2165707,2999907,4829999070858472,,48,0,
2165707,2999902,4929999020858472,,49,0,
2165707,2999903,4929999030858472,,49,0,
2165707,2999904,4929999040858472,,49,0,
2165707,2999906,4929999060858472,,49,0,
2165707,2999907,4929999070858472,,49,0,
2165707,2999902,5029999020858472,,50,0,
2165707,2999903,5029999030858472,,50,0,
2165707,2999904,5029999040858472,,50,0,
2165707,2999906,5029999060858472,,50,0,
2165707,2999907,5029999070858472,,50,0,
2165707,2999902,5129999020858472,,51,0,
2165707,2999903,5129999030858472,,51,0,
2165707,2999904,5129999040858472,,51,0,
2165707,2999906,5129999060858472,,51,0,
2165707,2999907,5129999070858472,,51,0,
2165707,2999902,5229999020858472,,52,0,
2165707,2999903,5229999030858472,,52,0,
2165707,12999904,5229999040858472,,52,0,
2165707,2999906,5229999060858472,,52,0,
2165707,2999907,5229999070858472,,52,0,
2165707,2999901,529999010858472,,5,0,
2165707,2999902,529999020858472,,5,0,
2165707,2999903,529999030858472,,5,0,
2165707,2999904,529999040858472,,5,0,
2165707,2999905,529999050858472,,5,0,
2165707,2999906,529999060858472,,5,0,
2165707,2999907,529999070858472,,5,0,
2165707,2999902,5329999020858472,,53,0,
2165707,2999903,5329999030858472,,53,0,
2165707,12999904,5329999040858472,,53,0,
2165707,2999906,5329999060858472,,53,0,
2165707,2999907,5329999070858472,,53,0,
2165707,2999902,5429999020858472,,54,0,
2165707,2999903,5429999030858472,,54,0,
2165707,12999904,5429999040858472,,54,0,
2165707,2999906,5429999060858472,,54,0,
2165707,2999907,5429999070858472,,54,0,
2165707,2999902,5529999020858472,,55,0,
2165707,2999903,5529999030858472,,55,0,
2165707,2999906,5529999060858472,,55,0,
2165707,2999907,5529999070858472,,55,0,
2165707,2999902,5629999020858472,,56,0,
2165707,2999903,5629999030858472,,56,0,
2165707,2999906,5629999060858472,,56,0,
2165707,2999907,5629999070858472,,56,0,
2165707,2999902,5729999020858472,,57,0,
2165707,2999903,5729999030858472,,57,0,
2165707,2999906,5729999060858472,,57,0,
2165707,2999907,5729999070858472,,57,0,
2165707,2999902,5829999020858472,,58,0,
2165707,2999903,5829999030858472,,58,0,
2165707,2999906,5829999060858472,,58,0,
2165707,2999907,5829999070858472,,58,0,
2165707,2999902,5929999020858472,,59,0,
2165707,2999903,5929999030858472,,59,0,
2165707,2999906,5929999060858472,,59,0,
2165707,2999907,5929999070858472,,59,0,
2165707,2999902,6029999020858472,,60,0,
2165707,2999903,6029999030858472,,60,0,
2165707,2999906,6029999060858472,,60,0,
2165707,2999907,6029999070858472,,60,0,
2165707,2999902,6129999020858472,,61,0,
2165707,2999903,6129999030858472,,61,0,
2165707,2999906,6129999060858472,,61,0,
2165707,2999907,6129999070858472,,61,0,
2165707,2999902,6229999020858472,,62,0,
2165707,2999903,6229999030858472,,62,0,
2165707,2999906,6229999060858472,,62,0,
2165707,2999907,6229999070858472,,62,0,
2165707,2999901,629999010858472,,6,0,
2165707,2999902,629999020858472,,6,0,
2165707,2999903,629999030858472,,6,0,
2165707,2999904,629999040858472,,6,0,
2165707,2999905,629999050858472,,6,0,
2165707,2999906,629999060858472,,6,0,
2165707,2999907,629999070858472,,6,0,
2165707,2999902,6329999020858472,,63,0,
2165707,2999903,6329999030858472,,63,0,
2165707,2999906,6329999060858472,,63,0,
2165707,2999907,6329999070858472,,63,0,
2165707,2999902,6429999020858472,,64,0,
2165707,2999903,6429999030858472,,64,0,
2165707,2999906,6429999060858472,,64,0,
2165707,2999907,6429999070858472,,64,0,
2165707,2999902,6529999020858472,,65,0,
2165707,2999903,6529999030858472,,65,0,
2165707,2999906,6529999060858472,,65,0,
2165707,2999907,6529999070858472,,65,0,
2165707,2999902,6629999020858472,,66,0,
2165707,2999903,6629999030858472,,66,0,
2165707,2999906,6629999060858472,,66,0,
2165707,2999907,6629999070858472,,66,0,
2165707,2999902,6729999020858472,,67,0,
2165707,2999903,6729999030858472,,67,0,
2165707,2999906,6729999060858472,,67,0,
2165707,2999907,6729999070858472,,67,0,
2165707,2999902,6829999020858472,,68,0,
2165707,2999903,6829999030858472,,68,0,
2165707,2999906,6829999060858472,,68,0,
2165707,2999907,6829999070858472,,68,0,
2165707,2999902,6929999020858472,,69,0,
2165707,12999903,6929999030858472,,69,0,
2165707,2999906,6929999060858472,,69,0,
2165707,12999907,6929999070858472,,69,0,
2165707,2999902,7029999020858472,,70,0,
2165707,12999903,7029999030858472,,70,0,
2165707,2999906,7029999060858472,,70,0,
2165707,12999907,7029999070858472,,70,0,
2165707,2999902,7129999020858472,,71,0,
2165707,12999903,7129999030858472,,71,0,
2165707,2999906,7129999060858472,,71,0,
2165707,12999907,7129999070858472,,71,0,
2165707,2999902,7229999020858472,,72,0,
2165707,2999906,7229999060858472,,72,0,
2165707,2999901,729999010858472,,7,0,
2165707,2999902,729999020858472,,7,0,
2165707,2999903,729999030858472,,7,0,
2165707,2999904,729999040858472,,7,0,
2165707,2999905,729999050858472,,7,0,
2165707,2999906,729999060858472,,7,0,
2165707,2999907,729999070858472,,7,0,
2165707,2999902,7329999020858472,,73,0,
2165707,2999906,7329999060858472,,73,0,
2165707,2999902,7429999020858472,,74,0,
2165707,2999906,7429999060858472,,74,0,
2165707,2999902,7529999020858472,,75,0,
2165707,2999906,7529999060858472,,75,0,
2165707,2999902,7629999020858472,,76,0,
2165707,2999906,7629999060858472,,76,0,
2165707,12999902,7729999020858472,,77,0,
2165707,12999906,7729999060858472,,77,0,
2165707,12999902,7829999020858472,,78,0,
2165707,12999906,7829999060858472,,78,0,
2165707,12999902,7929999020858472,,79,0,
2165707,12999906,7929999060858472,,79,0,
2165707,2999901,829999010858472,,8,0,
2165707,2999902,829999020858472,,8,0,
2165707,2999903,829999030858472,,8,0,
2165707,2999904,829999040858472,,8,0,
2165707,2999905,829999050858472,,8,0,
2165707,2999906,829999060858472,,8,0,
2165707,2999907,829999070858472,,8,0,
2165707,2999901,929999010858472,,9,0,
2165707,2999902,929999020858472,,9,0,
2165707,2999903,929999030858472,,9,0,
2165707,2999904,929999040858472,,9,0,
2165707,2999905,929999050858472,,9,0,
2165707,2999906,929999060858472,,9,0,
2165707,2999907,929999070858472,,9,0,
2165707,2999901,129999010858466,,1,0,
2165707,2999904,129999040858466,,1,0,
2165707,2999905,129999050858466,,1,0,
2165707,2999901,229999010858466,,2,0,
2165707,2999904,229999040858466,,2,0,
2165707,2999901,329999010858466,,3,0,
2165707,2999901,429999010858466,,4,0,
2165707,2999901,129999010858471,,1,0,
2165707,2999902,129999020858471,,1,0,
2165707,2999903,129999030858471,,1,0,
2165707,2999906,129999060858471,,1,0,
2165707,2999907,129999070858471,,1,0,
2165707,2999901,229999010858471,,2,0,
2165707,2999902,229999020858471,,2,0,
2165707,2999903,229999030858471,,2,0,
2165707,2999906,229999060858471,,2,0,
2165707,2999907,229999070858471,,2,0,
2165707,2999902,329999020858471,,3,0,
2165707,2999906,329999060858471,,3,0,
2165707,2999902,429999020858471,,4,0,
2165707,2999906,429999060858471,,4,0,
2165707,2999902,529999020858471,,5,0,
2165707,2999906,529999060858471,,5,0,
2165707,12999901,129999010858477,,1,0,
2165707,2999902,129999020858477,,1,0,
2165707,2999903,129999030858477,,1,0,
2165707,12999904,129999040858477,,1,0,
2165707,12999905,129999050858477,,1,0,
2165707,2999906,129999060858477,,1,0,
2165707,2999907,129999070858477,,1,0,
2165707,2999902,229999020858477,,2,0,
2165707,2999903,229999030858477,,2,0,
2165707,12999904,229999040858477,,2,0,
2165707,12999905,229999050858477,,2,0,
2165707,2999906,229999060858477,,2,0,
2165707,2999907,229999070858477,,2,0,
2165707,2999902,329999020858477,,3,0,
2165707,2999903,329999030858477,,3,0,
2165707,12999904,329999040858477,,3,0,
2165707,12999905,329999050858477,,3,0,
2165707,2999906,329999060858477,,3,0,
2165707,2999907,329999070858477,,3,0,
2165707,12999902,429999020858477,,4,0,
2165707,2999903,429999030858477,,4,0,
2165707,12999906,429999060858477,,4,0,
2165707,2999907,429999070858477,,4,0,
2165707,12999903,529999030858477,,5,0,
2165707,12999906,529999060858477,,5,0,
2165707,12999907,529999070858477,,5,0,
2165707,12999906,629999060858477,,6,0,
2165707,12999907,629999070858477,,6,0,
2165707,12999907,729999070858477,,7,0,
2165707,2999902,129999020858478,,1,0,
2165707,2999903,129999030858478,,1,0,
2165707,2999904,129999040858478,,1,0,
2165707,2999905,129999050858478,,1,0,
2165707,2999906,129999060858478,,1,0,
2165707,2999907,129999070858478,,1,0,
2165707,2999902,229999020858478,,2,0,
2165707,2999903,229999030858478,,2,0,
2165707,2999906,229999060858478,,2,0,
2165707,2999907,229999070858478,,2,0,
2165707,2999902,129999020858482,,1,0,
2165707,2999903,129999030858482,,1,0,
2165707,2999906,129999060858482,,1,0,
2165707,2999907,129999070858482,,1,0,
2165707,2999902,229999020858482,,2,0,
2165707,2999903,229999030858482,,2,0,
2165707,2999906,229999060858482,,2,0,
2165707,2999907,229999070858482,,2,0,
2165707,2999904,129999040858481,,1,0,
2165707,2999905,129999050858481,,1,0,
2165707,2999904,229999040858481,,2,0,
2165707,2999905,229999050858481,,2,0,
2165707,2999904,329999040858481,,3,0,
2165707,2999905,329999050858481,,3,0,
2165707,2999904,429999040858481,,4,0,
2165707,2999905,429999050858481,,4,0,
2165707,2999904,529999040858481,,5,0,
2165707,2999905,529999050858481,,5,0,
2165708,2999901,1029999010858470,,10,1,
2165708,2999902,1029999020858470,,10,1,
2165708,2999903,1029999030858470,,10,1,
2165708,2999904,1029999040858470,,10,1,
2165708,2999905,1029999050858470,,10,1,
2165708,2999906,1029999060858470,,10,1,
2165708,2999907,1029999070858470,,10,1,
2165708,2999901,1129999010858470,,11,1,
2165708,2999902,1129999020858470,,11,1,
2165708,2999903,1129999030858470,,11,1,
2165708,2999904,1129999040858470,,11,1,
2165708,2999905,1129999050858470,,11,1,
2165708,2999906,1129999060858470,,11,1,
2165708,2999907,1129999070858470,,11,1,
2165708,2999901,1229999010858470,,12,1,
2165708,2999902,1229999020858470,,12,1,
2165708,2999903,1229999030858470,,12,1,
2165708,2999904,1229999040858470,,12,1,
2165708,2999905,1229999050858470,,12,1,
2165708,2999906,1229999060858470,,12,1,
2165708,2999907,1229999070858470,,12,1,
2165708,2999901,129999010858470,,1,1,
2165708,2999902,129999020858470,,1,1,
2165708,2999903,129999030858470,,1,1,
2165708,2999904,129999040858470,,1,1,
2165708,2999905,129999050858470,,1,1,
2165708,2999906,129999060858470,,1,1,
2165708,2999907,129999070858470,,1,1,
2165708,2999901,1329999010858470,,13,1,
2165708,2999902,1329999020858470,,13,1,
2165708,2999903,1329999030858470,,13,1,
2165708,2999904,1329999040858470,,13,1,
2165708,2999905,1329999050858470,,13,1,
2165708,2999906,1329999060858470,,13,1,
2165708,2999907,1329999070858470,,13,1,
2165708,2999901,1429999010858470,,14,1,
2165708,2999902,1429999020858470,,14,1,
2165708,2999903,1429999030858470,,14,1,
2165708,2999904,1429999040858470,,14,1,
2165708,2999905,1429999050858470,,14,1,
2165708,2999906,1429999060858470,,14,1,
2165708,2999907,1429999070858470,,14,1,
2165708,2999901,1529999010858470,,15,1,
2165708,2999902,1529999020858470,,15,1,
2165708,2999903,1529999030858470,,15,1,
2165708,2999904,1529999040858470,,15,1,
2165708,2999905,1529999050858470,,15,1,
2165708,2999906,1529999060858470,,15,1,
2165708,2999907,1529999070858470,,15,1,
2165708,2999901,1629999010858470,,16,1,
2165708,2999902,1629999020858470,,16,1,
2165708,2999903,1629999030858470,,16,1,
2165708,2999904,1629999040858470,,16,1,
2165708,2999905,1629999050858470,,16,1,
2165708,2999906,1629999060858470,,16,1,
2165708,2999907,1629999070858470,,16,1,
2165708,2999902,1729999020858470,,17,1,
2165708,2999903,1729999030858470,,17,1,
2165708,2999904,1729999040858470,,17,1,
2165708,2999905,1729999050858470,,17,1,
2165708,2999906,1729999060858470,,17,1,
2165708,2999907,1729999070858470,,17,1,
2165708,2999902,1829999020858470,,18,1,
2165708,2999903,1829999030858470,,18,1,
2165708,2999904,1829999040858470,,18,1,
2165708,2999905,1829999050858470,,18,1,
2165708,2999906,1829999060858470,,18,1,
2165708,2999907,1829999070858470,,18,1,
2165708,2999902,1929999020858470,,19,1,
2165708,2999903,1929999030858470,,19,1,
2165708,2999904,1929999040858470,,19,1,
2165708,2999905,1929999050858470,,19,1,
2165708,2999906,1929999060858470,,19,1,
2165708,2999907,1929999070858470,,19,1,
2165708,2999902,2029999020858470,,20,1,
2165708,2999903,2029999030858470,,20,1,
2165708,2999904,2029999040858470,,20,1,
2165708,2999905,2029999050858470,,20,1,
2165708,2999906,2029999060858470,,20,1,
2165708,2999907,2029999070858470,,20,1,
2165708,2999902,2129999020858470,,21,1,
2165708,2999903,2129999030858470,,21,1,
2165708,2999904,2129999040858470,,21,1,
2165708,2999905,2129999050858470,,21,1,
2165708,2999906,2129999060858470,,21,1,
2165708,2999907,2129999070858470,,21,1,
2165708,2999902,2229999020858470,,22,1,
2165708,2999903,2229999030858470,,22,1,
2165708,2999904,2229999040858470,,22,1,
2165708,2999905,2229999050858470,,22,1,
2165708,2999906,2229999060858470,,22,1,
2165708,2999907,2229999070858470,,22,1,
2165708,2999901,229999010858470,,2,1,
2165708,2999902,229999020858470,,2,1,
2165708,2999903,229999030858470,,2,1,
2165708,2999904,229999040858470,,2,1,
2165708,2999905,229999050858470,,2,1,
2165708,2999906,229999060858470,,2,1,
2165708,2999907,229999070858470,,2,1,
2165708,2999902,2329999020858470,,23,1,
2165708,2999903,2329999030858470,,23,1,
2165708,2999904,2329999040858470,,23,1,
2165708,2999905,2329999050858470,,23,1,
2165708,2999906,2329999060858470,,23,1,
2165708,2999907,2329999070858470,,23,1,
2165708,2999902,2429999020858470,,24,1,
2165708,2999903,2429999030858470,,24,1,
2165708,2999904,2429999040858470,,24,1,
2165708,2999905,2429999050858470,,24,1,
2165708,2999906,2429999060858470,,24,1,
2165708,2999907,2429999070858470,,24,1,
2165708,2999902,2529999020858470,,25,1,
2165708,2999903,2529999030858470,,25,1,
2165708,2999904,2529999040858470,,25,1,
2165708,2999905,2529999050858470,,25,1,
2165708,2999906,2529999060858470,,25,1,
2165708,2999907,2529999070858470,,25,1,
2165708,2999902,2629999020858470,,26,1,
2165708,2999903,2629999030858470,,26,1,
2165708,2999904,2629999040858470,,26,1,
2165708,2999905,2629999050858470,,26,1,
2165708,2999906,2629999060858470,,26,1,
2165708,2999907,2629999070858470,,26,1,
2165708,2999902,2729999020858470,,27,1,
2165708,2999903,2729999030858470,,27,1,
2165708,2999904,2729999040858470,,27,1,
2165708,2999905,2729999050858470,,27,1,
2165708,2999906,2729999060858470,,27,1,
2165708,2999907,2729999070858470,,27,1,
2165708,2999902,2829999020858470,,28,1,
2165708,2999903,2829999030858470,,28,1,
2165708,2999904,2829999040858470,,28,1,
2165708,2999905,2829999050858470,,28,1,
2165708,2999906,2829999060858470,,28,1,
2165708,2999907,2829999070858470,,28,1,
2165708,2999902,2929999020858470,,29,1,
2165708,2999903,2929999030858470,,29,1,
2165708,2999904,2929999040858470,,29,1,
2165708,2999905,2929999050858470,,29,1,
2165708,2999906,2929999060858470,,29,1,
2165708,2999907,2929999070858470,,29,1,
2165708,2999902,3029999020858470,,30,1,
2165708,2999903,3029999030858470,,30,1,
2165708,2999904,3029999040858470,,30,1,
2165708,2999905,3029999050858470,,30,1,
2165708,2999906,3029999060858470,,30,1,
2165708,2999907,3029999070858470,,30,1,
2165708,2999902,3129999020858470,,31,1,
2165708,2999903,3129999030858470,,31,1,
2165708,2999904,3129999040858470,,31,1,
2165708,2999905,3129999050858470,,31,1,
2165708,2999906,3129999060858470,,31,1,
2165708,2999907,3129999070858470,,31,1,
2165708,2999902,3229999020858470,,32,1,
2165708,2999903,3229999030858470,,32,1,
2165708,2999904,3229999040858470,,32,1,
2165708,2999905,3229999050858470,,32,1,
2165708,2999906,3229999060858470,,32,1,
2165708,2999907,3229999070858470,,32,1,
2165708,2999901,329999010858470,,3,1,
2165708,2999902,329999020858470,,3,1,
2165708,2999903,329999030858470,,3,1,
2165708,2999904,329999040858470,,3,1,
2165708,2999905,329999050858470,,3,1,
2165708,2999906,329999060858470,,3,1,
2165708,2999907,329999070858470,,3,1,
2165708,2999902,3329999020858470,,33,1,
2165708,2999903,3329999030858470,,33,1,
2165708,2999904,3329999040858470,,33,1,
2165708,2999905,3329999050858470,,33,1,
2165708,2999906,3329999060858470,,33,1,
2165708,2999907,3329999070858470,,33,1,
2165708,2999902,3429999020858470,,34,1,
2165708,2999903,3429999030858470,,34,1,
2165708,2999904,3429999040858470,,34,1,
2165708,2999905,3429999050858470,,34,1,
2165708,2999906,3429999060858470,,34,1,
2165708,2999907,3429999070858470,,34,1,
2165708,2999902,3529999020858470,,35,1,
2165708,2999903,3529999030858470,,35,1,
2165708,2999904,3529999040858470,,35,1,
2165708,2999905,3529999050858470,,35,1,
2165708,2999906,3529999060858470,,35,1,
2165708,2999907,3529999070858470,,35,1,
2165708,2999902,3629999020858470,,36,1,
2165708,2999903,3629999030858470,,36,1,
2165708,2999904,3629999040858470,,36,1,
2165708,2999905,3629999050858470,,36,1,
2165708,2999906,3629999060858470,,36,1,
2165708,2999907,3629999070858470,,36,1,
2165708,2999902,3729999020858470,,37,1,
2165708,2999903,3729999030858470,,37,1,
2165708,2999904,3729999040858470,,37,1,
2165708,2999905,3729999050858470,,37,1,
2165708,2999906,3729999060858470,,37,1,
2165708,2999907,3729999070858470,,37,1,
2165708,2999902,3829999020858470,,38,1,
2165708,2999903,3829999030858470,,38,1,
2165708,2999904,3829999040858470,,38,1,
2165708,2999905,3829999050858470,,38,1,
2165708,2999906,3829999060858470,,38,1,
2165708,2999907,3829999070858470,,38,1,
2165708,2999902,3929999020858470,,39,1,
2165708,2999903,3929999030858470,,39,1,
2165708,2999904,3929999040858470,,39,1,
2165708,2999905,3929999050858470,,39,1,
2165708,2999906,3929999060858470,,39,1,
2165708,2999907,3929999070858470,,39,1,
2165708,2999902,4029999020858470,,40,1,
2165708,2999903,4029999030858470,,40,1,
2165708,2999904,4029999040858470,,40,1,
2165708,2999905,4029999050858470,,40,1,
2165708,2999906,4029999060858470,,40,1,
2165708,2999907,4029999070858470,,40,1,
2165708,2999902,4129999020858470,,41,1,
2165708,2999903,4129999030858470,,41,1,
2165708,2999904,4129999040858470,,41,1,
2165708,2999905,4129999050858470,,41,1,
2165708,2999906,4129999060858470,,41,1,
2165708,2999907,4129999070858470,,41,1,
2165708,2999902,4229999020858470,,42,1,
2165708,2999903,4229999030858470,,42,1,
2165708,2999904,4229999040858470,,42,1,
2165708,2999905,4229999050858470,,42,1,
2165708,2999906,4229999060858470,,42,1,
2165708,2999907,4229999070858470,,42,1,
2165708,2999901,429999010858470,,4,1,
2165708,2999902,429999020858470,,4,1,
2165708,2999903,429999030858470,,4,1,
2165708,2999904,429999040858470,,4,1,
2165708,2999905,429999050858470,,4,1,
2165708,2999906,429999060858470,,4,1,
2165708,2999907,429999070858470,,4,1,
2165708,2999902,4329999020858470,,43,1,
2165708,2999903,4329999030858470,,43,1,
2165708,2999904,4329999040858470,,43,1,
2165708,2999905,4329999050858470,,43,1,
2165708,2999906,4329999060858470,,43,1,
2165708,2999907,4329999070858470,,43,1,
2165708,2999902,4429999020858470,,44,1,
2165708,2999903,4429999030858470,,44,1,
2165708,2999904,4429999040858470,,44,1,
2165708,2999905,4429999050858470,,44,1,
2165708,2999906,4429999060858470,,44,1,
2165708,2999907,4429999070858470,,44,1,
2165708,2999902,4529999020858470,,45,1,
2165708,2999903,4529999030858470,,45,1,
2165708,2999904,4529999040858470,,45,1,
2165708,2999905,4529999050858470,,45,1,
2165708,2999906,4529999060858470,,45,1,
2165708,2999907,4529999070858470,,45,1,
2165708,2999902,4629999020858470,,46,1,
2165708,2999903,4629999030858470,,46,1,
2165708,2999904,4629999040858470,,46,1,
2165708,2999905,4629999050858470,,46,1,
2165708,2999906,4629999060858470,,46,1,
2165708,2999907,4629999070858470,,46,1,
2165708,2999902,4729999020858470,,47,1,
2165708,2999903,4729999030858470,,47,1,
2165708,2999904,4729999040858470,,47,1,
2165708,2999905,4729999050858470,,47,1,
2165708,2999906,4729999060858470,,47,1,
2165708,2999907,4729999070858470,,47,1,
2165708,2999902,4829999020858470,,48,1,
2165708,2999903,4829999030858470,,48,1,
2165708,2999904,4829999040858470,,48,1,
2165708,2999905,4829999050858470,,48,1,
2165708,2999906,4829999060858470,,48,1,
2165708,2999907,4829999070858470,,48,1,
2165708,2999902,4929999020858470,,49,1,
2165708,2999903,4929999030858470,,49,1,
2165708,2999904,4929999040858470,,49,1,
2165708,2999905,4929999050858470,,49,1,
2165708,2999906,4929999060858470,,49,1,
2165708,2999907,4929999070858470,,49,1,
2165708,2999902,5029999020858470,,50,1,
2165708,2999903,5029999030858470,,50,1,
2165708,2999904,5029999040858470,,50,1,
2165708,2999905,5029999050858470,,50,1,
2165708,2999906,5029999060858470,,50,1,
2165708,2999907,5029999070858470,,50,1,
2165708,2999902,5129999020858470,,51,1,
2165708,2999903,5129999030858470,,51,1,
2165708,2999904,5129999040858470,,51,1,
2165708,2999905,5129999050858470,,51,1,
2165708,2999906,5129999060858470,,51,1,
2165708,2999907,5129999070858470,,51,1,
2165708,2999902,5229999020858470,,52,1,
2165708,2999903,5229999030858470,,52,1,
2165708,2999904,5229999040858470,,52,1,
2165708,2999905,5229999050858470,,52,1,
2165708,2999906,5229999060858470,,52,1,
2165708,2999907,5229999070858470,,52,1,
2165708,2999901,529999010858470,,5,1,
2165708,2999902,529999020858470,,5,1,
2165708,2999903,529999030858470,,5,1,
2165708,2999904,529999040858470,,5,1,
2165708,2999905,529999050858470,,5,1,
2165708,2999906,529999060858470,,5,1,
2165708,2999907,529999070858470,,5,1,
2165708,2999902,5329999020858470,,53,1,
2165708,2999903,5329999030858470,,53,1,
2165708,2999904,5329999040858470,,53,1,
2165708,2999905,5329999050858470,,53,1,
2165708,2999906,5329999060858470,,53,1,
2165708,2999907,5329999070858470,,53,1,
2165708,2999902,5429999020858470,,54,1,
2165708,2999903,5429999030858470,,54,1,
2165708,2999904,5429999040858470,,54,1,
2165708,2999905,5429999050858470,,54,1,
2165708,2999906,5429999060858470,,54,1,
2165708,2999907,5429999070858470,,54,1,
2165708,2999902,5529999020858470,,55,1,
2165708,2999903,5529999030858470,,55,1,
2165708,2999904,5529999040858470,,55,1,
2165708,2999906,5529999060858470,,55,1,
2165708,2999907,5529999070858470,,55,1,
2165708,2999902,5629999020858470,,56,1,
2165708,2999903,5629999030858470,,56,1,
2165708,2999904,5629999040858470,,56,1,
2165708,2999906,5629999060858470,,56,1,
2165708,2999907,5629999070858470,,56,1,
2165708,2999902,5729999020858470,,57,1,
2165708,2999903,5729999030858470,,57,1,
2165708,2999904,5729999040858470,,57,1,
2165708,2999906,5729999060858470,,57,1,
2165708,2999907,5729999070858470,,57,1,
2165708,2999902,5829999020858470,,58,1,
2165708,2999904,5829999040858470,,58,1,
2165708,2999906,5829999060858470,,58,1,
2165708,2999902,5929999020858470,,59,1,
2165708,2999904,5929999040858470,,59,1,
2165708,2999906,5929999060858470,,59,1,
2165708,2999902,6029999020858470,,60,1,
2165708,2999904,6029999040858470,,60,1,
2165708,2999906,6029999060858470,,60,1,
2165708,2999902,6129999020858470,,61,1,
2165708,2999904,6129999040858470,,61,1,
2165708,2999906,6129999060858470,,61,1,
2165708,2999902,6229999020858470,,62,1,
2165708,2999904,6229999040858470,,62,1,
2165708,2999906,6229999060858470,,62,1,
2165708,2999901,629999010858470,,6,1,
2165708,2999902,629999020858470,,6,1,
2165708,2999903,629999030858470,,6,1,
2165708,2999904,629999040858470,,6,1,
2165708,2999905,629999050858470,,6,1,
2165708,2999906,629999060858470,,6,1,
2165708,2999907,629999070858470,,6,1,
2165708,2999902,6329999020858470,,63,1,
2165708,2999904,6329999040858470,,63,1,
2165708,2999906,6329999060858470,,63,1,
2165708,2999902,6429999020858470,,64,1,
2165708,2999906,6429999060858470,,64,1,
2165708,2999902,6529999020858470,,65,1,
2165708,2999906,6529999060858470,,65,1,
2165708,2999902,6629999020858470,,66,1,
2165708,2999906,6629999060858470,,66,1,
2165708,2999902,6729999020858470,,67,1,
2165708,2999906,6729999060858470,,67,1,
2165708,2999902,6829999020858470,,68,1,
2165708,2999906,6829999060858470,,68,1,
2165708,2999902,6929999020858470,,69,1,
2165708,2999906,6929999060858470,,69,1,
2165708,2999901,729999010858470,,7,1,
2165708,2999902,729999020858470,,7,1,
2165708,2999903,729999030858470,,7,1,
2165708,2999904,729999040858470,,7,1,
2165708,2999905,729999050858470,,7,1,
2165708,2999906,729999060858470,,7,1,
2165708,2999907,729999070858470,,7,1,
2165708,2999901,829999010858470,,8,1,
2165708,2999902,829999020858470,,8,1,
2165708,2999903,829999030858470,,8,1,
2165708,2999904,829999040858470,,8,1,
2165708,2999905,829999050858470,,8,1,
2165708,2999906,829999060858470,,8,1,
2165708,2999907,829999070858470,,8,1,
2165708,2999901,929999010858470,,9,1,
2165708,2999902,929999020858470,,9,1,
2165708,2999903,929999030858470,,9,1,
2165708,2999904,929999040858470,,9,1,
2165708,2999905,929999050858470,,9,1,
2165708,2999906,929999060858470,,9,1,
2165708,2999907,929999070858470,,9,1,
2165708,2999901,1029999010858473,,10,1,
2165708,2999902,1029999020858473,,10,1,
2165708,2999903,1029999030858473,,10,1,
2165708,2999904,1029999040858473,,10,1,
2165708,2999905,1029999050858473,,10,1,
2165708,2999906,1029999060858473,,10,1,
2165708,2999907,1029999070858473,,10,1,
2165708,2999901,1129999010858473,,11,1,
2165708,2999902,1129999020858473,,11,1,
2165708,2999903,1129999030858473,,11,1,
2165708,2999904,1129999040858473,,11,1,
2165708,2999905,1129999050858473,,11,1,
2165708,2999906,1129999060858473,,11,1,
2165708,2999907,1129999070858473,,11,1,
2165708,2999901,1229999010858473,,12,1,
2165708,2999902,1229999020858473,,12,1,
2165708,2999903,1229999030858473,,12,1,
2165708,2999904,1229999040858473,,12,1,
2165708,2999905,1229999050858473,,12,1,
2165708,2999906,1229999060858473,,12,1,
2165708,2999907,1229999070858473,,12,1,
2165708,2999901,129999010858473,,1,1,
2165708,2999902,129999020858473,,1,1,
2165708,2999903,129999030858473,,1,1,
2165708,2999904,129999040858473,,1,1,
2165708,2999905,129999050858473,,1,1,
2165708,2999906,129999060858473,,1,1,
2165708,2999907,129999070858473,,1,1,
2165708,2999901,1329999010858473,,13,1,
2165708,2999902,1329999020858473,,13,1,
2165708,2999903,1329999030858473,,13,1,
2165708,2999904,1329999040858473,,13,1,
2165708,2999905,1329999050858473,,13,1,
2165708,2999906,1329999060858473,,13,1,
2165708,2999907,1329999070858473,,13,1,
2165708,2999901,1429999010858473,,14,1,
2165708,2999902,1429999020858473,,14,1,
2165708,2999903,1429999030858473,,14,1,
2165708,2999904,1429999040858473,,14,1,
2165708,2999905,1429999050858473,,14,1,
2165708,2999906,1429999060858473,,14,1,
2165708,2999907,1429999070858473,,14,1,
2165708,2999901,1529999010858473,,15,1,
2165708,2999902,1529999020858473,,15,1,
2165708,2999903,1529999030858473,,15,1,
2165708,2999904,1529999040858473,,15,1,
2165708,2999905,1529999050858473,,15,1,
2165708,2999906,1529999060858473,,15,1,
2165708,2999907,1529999070858473,,15,1,
2165708,2999901,1629999010858473,,16,1,
2165708,2999902,1629999020858473,,16,1,
2165708,2999903,1629999030858473,,16,1,
2165708,2999904,1629999040858473,,16,1,
2165708,2999905,1629999050858473,,16,1,
2165708,2999906,1629999060858473,,16,1,
2165708,2999907,1629999070858473,,16,1,
2165708,2999901,1729999010858473,,17,1,
2165708,2999902,1729999020858473,,17,1,
2165708,2999903,1729999030858473,,17,1,
2165708,2999904,1729999040858473,,17,1,
2165708,2999905,1729999050858473,,17,1,
2165708,2999906,1729999060858473,,17,1,
2165708,2999907,1729999070858473,,17,1,
2165708,2999901,1829999010858473,,18,1,
2165708,2999902,1829999020858473,,18,1,
2165708,2999903,1829999030858473,,18,1,
2165708,2999904,1829999040858473,,18,1,
2165708,2999905,1829999050858473,,18,1,
2165708,2999906,1829999060858473,,18,1,
2165708,2999907,1829999070858473,,18,1,
2165708,2999901,1929999010858473,,19,1,
2165708,2999902,1929999020858473,,19,1,
2165708,2999903,1929999030858473,,19,1,
2165708,2999904,1929999040858473,,19,1,
2165708,2999905,1929999050858473,,19,1,
2165708,2999906,1929999060858473,,19,1,
2165708,2999907,1929999070858473,,19,1,
2165708,2999901,2029999010858473,,20,1,
2165708,2999902,2029999020858473,,20,1,
2165708,2999903,2029999030858473,,20,1,
2165708,2999904,2029999040858473,,20,1,
2165708,2999905,2029999050858473,,20,1,
2165708,2999906,2029999060858473,,20,1,
2165708,2999907,2029999070858473,,20,1,
2165708,2999901,2129999010858473,,21,1,
2165708,2999902,2129999020858473,,21,1,
2165708,2999903,2129999030858473,,21,1,
2165708,2999904,2129999040858473,,21,1,
2165708,2999905,2129999050858473,,21,1,
2165708,2999906,2129999060858473,,21,1,
2165708,2999907,2129999070858473,,21,1,
2165708,2999901,2229999010858473,,22,1,
2165708,2999902,2229999020858473,,22,1,
2165708,2999903,2229999030858473,,22,1,
2165708,2999904,2229999040858473,,22,1,
2165708,2999905,2229999050858473,,22,1,
2165708,2999906,2229999060858473,,22,1,
2165708,2999907,2229999070858473,,22,1,
2165708,2999901,229999010858473,,2,1,
2165708,2999902,229999020858473,,2,1,
2165708,2999903,229999030858473,,2,1,
2165708,2999904,229999040858473,,2,1,
2165708,2999905,229999050858473,,2,1,
2165708,2999906,229999060858473,,2,1,
2165708,2999907,229999070858473,,2,1,
2165708,2999901,2329999010858473,,23,1,
2165708,2999902,2329999020858473,,23,1,
2165708,2999903,2329999030858473,,23,1,
2165708,2999904,2329999040858473,,23,1,
2165708,2999905,2329999050858473,,23,1,
2165708,2999906,2329999060858473,,23,1,
2165708,2999907,2329999070858473,,23,1,
2165708,2999901,2429999010858473,,24,1,
2165708,2999902,2429999020858473,,24,1,
2165708,2999903,2429999030858473,,24,1,
2165708,2999904,2429999040858473,,24,1,
2165708,2999905,2429999050858473,,24,1,
2165708,2999906,2429999060858473,,24,1,
2165708,2999907,2429999070858473,,24,1,
2165708,2999901,2529999010858473,,25,1,
2165708,2999902,2529999020858473,,25,1,
2165708,2999903,2529999030858473,,25,1,
2165708,2999904,2529999040858473,,25,1,
2165708,2999905,2529999050858473,,25,1,
2165708,2999906,2529999060858473,,25,1,
2165708,2999907,2529999070858473,,25,1,
2165708,2999901,2629999010858473,,26,1,
2165708,2999902,2629999020858473,,26,1,
2165708,2999903,2629999030858473,,26,1,
2165708,2999904,2629999040858473,,26,1,
2165708,2999905,2629999050858473,,26,1,
2165708,2999906,2629999060858473,,26,1,
2165708,2999907,2629999070858473,,26,1,
2165708,2999901,2729999010858473,,27,1,
2165708,2999902,2729999020858473,,27,1,
2165708,2999903,2729999030858473,,27,1,
2165708,2999904,2729999040858473,,27,1,
2165708,2999905,2729999050858473,,27,1,
2165708,2999906,2729999060858473,,27,1,
2165708,2999907,2729999070858473,,27,1,
2165708,2999901,2829999010858473,,28,1,
2165708,2999902,2829999020858473,,28,1,
2165708,2999903,2829999030858473,,28,1,
2165708,2999904,2829999040858473,,28,1,
2165708,2999905,2829999050858473,,28,1,
2165708,2999906,2829999060858473,,28,1,
2165708,2999907,2829999070858473,,28,1,
2165708,2999901,2929999010858473,,29,1,
2165708,2999902,2929999020858473,,29,1,
2165708,2999903,2929999030858473,,29,1,
2165708,2999904,2929999040858473,,29,1,
2165708,2999905,2929999050858473,,29,1,
2165708,2999906,2929999060858473,,29,1,
2165708,2999907,2929999070858473,,29,1,
2165708,2999901,3029999010858473,,30,1,
2165708,2999902,3029999020858473,,30,1,
2165708,2999903,3029999030858473,,30,1,
2165708,2999904,3029999040858473,,30,1,
2165708,2999905,3029999050858473,,30,1,
2165708,2999906,3029999060858473,,30,1,
2165708,2999907,3029999070858473,,30,1,
2165708,2999901,3129999010858473,,31,1,
2165708,2999902,3129999020858473,,31,1,
2165708,2999903,3129999030858473,,31,1,
2165708,2999904,3129999040858473,,31,1,
2165708,2999905,3129999050858473,,31,1,
2165708,2999906,3129999060858473,,31,1,
2165708,2999907,3129999070858473,,31,1,
2165708,2999901,3229999010858473,,32,1,
2165708,2999902,3229999020858473,,32,1,
2165708,2999903,3229999030858473,,32,1,
2165708,2999904,3229999040858473,,32,1,
2165708,2999905,3229999050858473,,32,1,
2165708,2999906,3229999060858473,,32,1,
2165708,2999907,3229999070858473,,32,1,
2165708,2999901,329999010858473,,3,1,
2165708,2999902,329999020858473,,3,1,
2165708,2999903,329999030858473,,3,1,
2165708,2999904,329999040858473,,3,1,
2165708,2999905,329999050858473,,3,1,
2165708,2999906,329999060858473,,3,1,
2165708,2999907,329999070858473,,3,1,
2165708,2999901,3329999010858473,,33,1,
2165708,2999902,3329999020858473,,33,1,
2165708,2999903,3329999030858473,,33,1,
2165708,2999904,3329999040858473,,33,1,
2165708,2999905,3329999050858473,,33,1,
2165708,2999906,3329999060858473,,33,1,
2165708,2999907,3329999070858473,,33,1,
2165708,2999901,3429999010858473,,34,1,
2165708,2999902,3429999020858473,,34,1,
2165708,2999903,3429999030858473,,34,1,
2165708,2999904,3429999040858473,,34,1,
2165708,2999905,3429999050858473,,34,1,
2165708,2999906,3429999060858473,,34,1,
2165708,2999907,3429999070858473,,34,1,
2165708,2999901,3529999010858473,,35,1,
2165708,2999902,3529999020858473,,35,1,
2165708,2999903,3529999030858473,,35,1,
2165708,2999904,3529999040858473,,35,1,
2165708,2999905,3529999050858473,,35,1,
2165708,2999906,3529999060858473,,35,1,
2165708,2999907,3529999070858473,,35,1,
2165708,2999901,3629999010858473,,36,1,
2165708,2999902,3629999020858473,,36,1,
2165708,2999903,3629999030858473,,36,1,
2165708,2999904,3629999040858473,,36,1,
2165708,2999905,3629999050858473,,36,1,
2165708,2999906,3629999060858473,,36,1,
2165708,2999907,3629999070858473,,36,1,
2165708,2999901,3729999010858473,,37,1,
2165708,2999902,3729999020858473,,37,1,
2165708,2999903,3729999030858473,,37,1,
2165708,2999904,3729999040858473,,37,1,
2165708,2999905,3729999050858473,,37,1,
2165708,2999906,3729999060858473,,37,1,
2165708,2999907,3729999070858473,,37,1,
2165708,2999901,3829999010858473,,38,1,
2165708,2999902,3829999020858473,,38,1,
2165708,2999903,3829999030858473,,38,1,
2165708,2999904,3829999040858473,,38,1,
2165708,2999905,3829999050858473,,38,1,
2165708,2999906,3829999060858473,,38,1,
2165708,2999907,3829999070858473,,38,1,
2165708,2999901,3929999010858473,,39,1,
2165708,2999902,3929999020858473,,39,1,
2165708,2999903,3929999030858473,,39,1,
2165708,2999904,3929999040858473,,39,1,
2165708,2999905,3929999050858473,,39,1,
2165708,2999906,3929999060858473,,39,1,
2165708,2999907,3929999070858473,,39,1,
2165708,2999901,4029999010858473,,40,1,
2165708,2999902,4029999020858473,,40,1,
2165708,2999903,4029999030858473,,40,1,
2165708,2999904,4029999040858473,,40,1,
2165708,2999905,4029999050858473,,40,1,
2165708,2999906,4029999060858473,,40,1,
2165708,2999907,4029999070858473,,40,1,
2165708,12999901,4129999010858473,,41,1,
2165708,2999902,4129999020858473,,41,1,
2165708,2999903,4129999030858473,,41,1,
2165708,2999904,4129999040858473,,41,1,
2165708,2999905,4129999050858473,,41,1,
2165708,2999906,4129999060858473,,41,1,
2165708,2999907,4129999070858473,,41,1,
2165708,12999901,4229999010858473,,42,1,
2165708,2999902,4229999020858473,,42,1,
2165708,2999903,4229999030858473,,42,1,
2165708,2999904,4229999040858473,,42,1,
2165708,2999905,4229999050858473,,42,1,
2165708,2999906,4229999060858473,,42,1,
2165708,2999907,4229999070858473,,42,1,
2165708,2999901,429999010858473,,4,1,
2165708,2999902,429999020858473,,4,1,
2165708,2999903,429999030858473,,4,1,
2165708,2999904,429999040858473,,4,1,
2165708,2999905,429999050858473,,4,1,
2165708,2999906,429999060858473,,4,1,
2165708,2999907,429999070858473,,4,1,
2165708,12999901,4329999010858473,,43,1,
2165708,2999902,4329999020858473,,43,1,
2165708,2999903,4329999030858473,,43,1,
2165708,2999904,4329999040858473,,43,1,
2165708,2999905,4329999050858473,,43,1,
2165708,2999906,4329999060858473,,43,1,
2165708,2999907,4329999070858473,,43,1,
2165708,12999901,4429999010858473,,44,1,
2165708,2999902,4429999020858473,,44,1,
2165708,2999903,4429999030858473,,44,1,
2165708,2999904,4429999040858473,,44,1,
2165708,2999905,4429999050858473,,44,1,
2165708,2999906,4429999060858473,,44,1,
2165708,2999907,4429999070858473,,44,1,
2165708,2999902,4529999020858473,,45,1,
2165708,2999903,4529999030858473,,45,1,
2165708,2999904,4529999040858473,,45,1,
2165708,2999905,4529999050858473,,45,1,
2165708,2999906,4529999060858473,,45,1,
2165708,2999907,4529999070858473,,45,1,
2165708,2999902,4629999020858473,,46,1,
2165708,2999903,4629999030858473,,46,1,
2165708,2999904,4629999040858473,,46,1,
2165708,2999905,4629999050858473,,46,1,
2165708,2999906,4629999060858473,,46,1,
2165708,2999907,4629999070858473,,46,1,
2165708,2999902,4729999020858473,,47,1,
2165708,2999903,4729999030858473,,47,1,
2165708,2999904,4729999040858473,,47,1,
2165708,2999905,4729999050858473,,47,1,
2165708,2999906,4729999060858473,,47,1,
2165708,2999907,4729999070858473,,47,1,
2165708,2999902,4829999020858473,,48,1,
2165708,2999903,4829999030858473,,48,1,
2165708,2999904,4829999040858473,,48,1,
2165708,2999905,4829999050858473,,48,1,
2165708,2999906,4829999060858473,,48,1,
2165708,2999907,4829999070858473,,48,1,
2165708,2999902,4929999020858473,,49,1,
2165708,2999903,4929999030858473,,49,1,
2165708,2999904,4929999040858473,,49,1,
2165708,2999905,4929999050858473,,49,1,
2165708,2999906,4929999060858473,,49,1,
2165708,2999907,4929999070858473,,49,1,
2165708,2999902,5029999020858473,,50,1,
2165708,2999903,5029999030858473,,50,1,
2165708,2999904,5029999040858473,,50,1,
2165708,12999905,5029999050858473,,50,1,
2165708,2999906,5029999060858473,,50,1,
2165708,2999907,5029999070858473,,50,1,
2165708,2999902,5129999020858473,,51,1,
2165708,2999903,5129999030858473,,51,1,
2165708,2999904,5129999040858473,,51,1,
2165708,12999905,5129999050858473,,51,1,
2165708,2999906,5129999060858473,,51,1,
2165708,2999907,5129999070858473,,51,1,
2165708,2999902,5229999020858473,,52,1,
2165708,2999903,5229999030858473,,52,1,
2165708,2999904,5229999040858473,,52,1,
2165708,12999905,5229999050858473,,52,1,
2165708,2999906,5229999060858473,,52,1,
2165708,2999907,5229999070858473,,52,1,
2165708,2999901,529999010858473,,5,1,
2165708,2999902,529999020858473,,5,1,
2165708,2999903,529999030858473,,5,1,
2165708,2999904,529999040858473,,5,1,
2165708,2999905,529999050858473,,5,1,
2165708,2999906,529999060858473,,5,1,
2165708,2999907,529999070858473,,5,1,
2165708,2999902,5329999020858473,,53,1,
2165708,2999903,5329999030858473,,53,1,
2165708,2999904,5329999040858473,,53,1,
2165708,12999905,5329999050858473,,53,1,
2165708,2999906,5329999060858473,,53,1,
2165708,2999907,5329999070858473,,53,1,
2165708,2999902,5429999020858473,,54,1,
2165708,2999903,5429999030858473,,54,1,
2165708,12999904,5429999040858473,,54,1,
2165708,2999906,5429999060858473,,54,1,
2165708,2999907,5429999070858473,,54,1,
2165708,2999902,5529999020858473,,55,1,
2165708,2999903,5529999030858473,,55,1,
2165708,12999904,5529999040858473,,55,1,
2165708,2999906,5529999060858473,,55,1,
2165708,2999907,5529999070858473,,55,1,
2165708,2999902,5629999020858473,,56,1,
2165708,2999903,5629999030858473,,56,1,
2165708,12999904,5629999040858473,,56,1,
2165708,2999906,5629999060858473,,56,1,
2165708,2999907,5629999070858473,,56,1,
2165708,2999902,5729999020858473,,57,1,
2165708,2999903,5729999030858473,,57,1,
2165708,12999904,5729999040858473,,57,1,
2165708,2999906,5729999060858473,,57,1,
2165708,2999907,5729999070858473,,57,1,
2165708,2999902,5829999020858473,,58,1,
2165708,2999903,5829999030858473,,58,1,
2165708,2999906,5829999060858473,,58,1,
2165708,2999907,5829999070858473,,58,1,
2165708,2999902,5929999020858473,,59,1,
2165708,2999903,5929999030858473,,59,1,
2165708,2999906,5929999060858473,,59,1,
2165708,2999907,5929999070858473,,59,1,
2165708,2999902,6029999020858473,,60,1,
2165708,2999903,6029999030858473,,60,1,
2165708,2999906,6029999060858473,,60,1,
2165708,2999907,6029999070858473,,60,1,
2165708,2999902,6129999020858473,,61,1,
2165708,2999903,6129999030858473,,61,1,
2165708,2999906,6129999060858473,,61,1,
2165708,2999907,6129999070858473,,61,1,
2165708,2999902,6229999020858473,,62,1,
2165708,2999903,6229999030858473,,62,1,
2165708,2999906,6229999060858473,,62,1,
2165708,2999907,6229999070858473,,62,1,
2165708,2999901,629999010858473,,6,1,
2165708,2999902,629999020858473,,6,1,
2165708,2999903,629999030858473,,6,1,
2165708,2999904,629999040858473,,6,1,
2165708,2999905,629999050858473,,6,1,
2165708,2999906,629999060858473,,6,1,
2165708,2999907,629999070858473,,6,1,
2165708,2999902,6329999020858473,,63,1,
2165708,2999903,6329999030858473,,63,1,
2165708,2999906,6329999060858473,,63,1,
2165708,2999907,6329999070858473,,63,1,
2165708,2999902,6429999020858473,,64,1,
2165708,2999903,6429999030858473,,64,1,
2165708,2999906,6429999060858473,,64,1,
2165708,2999907,6429999070858473,,64,1,
2165708,2999902,6529999020858473,,65,1,
2165708,2999903,6529999030858473,,65,1,
2165708,2999906,6529999060858473,,65,1,
2165708,2999907,6529999070858473,,65,1,
2165708,2999902,6629999020858473,,66,1,
2165708,2999903,6629999030858473,,66,1,
2165708,2999906,6629999060858473,,66,1,
2165708,2999907,6629999070858473,,66,1,
2165708,2999902,6729999020858473,,67,1,
2165708,2999903,6729999030858473,,67,1,
2165708,2999906,6729999060858473,,67,1,
2165708,2999907,6729999070858473,,67,1,
2165708,2999902,6829999020858473,,68,1,
2165708,2999903,6829999030858473,,68,1,
2165708,2999906,6829999060858473,,68,1,
2165708,2999907,6829999070858473,,68,1,
2165708,2999902,6929999020858473,,69,1,
2165708,2999903,6929999030858473,,69,1,
2165708,2999906,6929999060858473,,69,1,
2165708,2999907,6929999070858473,,69,1,
2165708,2999902,7029999020858473,,70,1,
2165708,12999903,7029999030858473,,70,1,
2165708,2999906,7029999060858473,,70,1,
2165708,12999907,7029999070858473,,70,1,
2165708,2999902,7129999020858473,,71,1,
2165708,12999903,7129999030858473,,71,1,
2165708,2999906,7129999060858473,,71,1,
2165708,12999907,7129999070858473,,71,1,
2165708,2999902,7229999020858473,,72,1,
2165708,12999903,7229999030858473,,72,1,
2165708,2999906,7229999060858473,,72,1,
2165708,12999907,7229999070858473,,72,1,
2165708,2999901,729999010858473,,7,1,
2165708,2999902,729999020858473,,7,1,
2165708,2999903,729999030858473,,7,1,
2165708,2999904,729999040858473,,7,1,
2165708,2999905,729999050858473,,7,1,
2165708,2999906,729999060858473,,7,1,
2165708,2999907,729999070858473,,7,1,
2165708,2999902,7329999020858473,,73,1,
2165708,12999903,7329999030858473,,73,1,
2165708,2999906,7329999060858473,,73,1,
2165708,12999907,7329999070858473,,73,1,
2165708,12999902,7429999020858473,,74,1,
2165708,12999906,7429999060858473,,74,1,
2165708,12999902,7529999020858473,,75,1,
2165708,12999906,7529999060858473,,75,1,
2165708,12999902,7629999020858473,,76,1,
2165708,12999906,7629999060858473,,76,1,
2165708,12999902,7729999020858473,,77,1,
2165708,12999906,7729999060858473,,77,1,
2165708,2999901,829999010858473,,8,1,
2165708,2999902,829999020858473,,8,1,
2165708,2999903,829999030858473,,8,1,
2165708,2999904,829999040858473,,8,1,
2165708,2999905,829999050858473,,8,1,
2165708,2999906,829999060858473,,8,1,
2165708,2999907,829999070858473,,8,1,
2165708,2999901,929999010858473,,9,1,
2165708,2999902,929999020858473,,9,1,
2165708,2999903,929999030858473,,9,1,
2165708,2999904,929999040858473,,9,1,
2165708,2999905,929999050858473,,9,1,
2165708,2999906,929999060858473,,9,1,
2165708,2999907,929999070858473,,9,1,
2165708,2999902,1029999020858479,,10,1,
2165708,2999903,1029999030858479,,10,1,
2165708,2999906,1029999060858479,,10,1,
2165708,2999907,1029999070858479,,10,1,
2165708,2999902,1129999020858479,,11,1,
2165708,2999903,1129999030858479,,11,1,
2165708,2999906,1129999060858479,,11,1,
2165708,2999907,1129999070858479,,11,1,
2165708,2999902,1229999020858479,,12,1,
2165708,2999906,1229999060858479,,12,1,
2165708,2999902,129999020858479,,1,1,
2165708,2999903,129999030858479,,1,1,
2165708,2999904,129999040858479,,1,1,
2165708,2999905,129999050858479,,1,1,
2165708,2999906,129999060858479,,1,1,
2165708,2999907,129999070858479,,1,1,
2165708,2999902,1329999020858479,,13,1,
2165708,2999906,1329999060858479,,13,1,
2165708,2999902,1429999020858479,,14,1,
2165708,2999906,1429999060858479,,14,1,
2165708,2999902,229999020858479,,2,1,
2165708,2999903,229999030858479,,2,1,
2165708,2999904,229999040858479,,2,1,
2165708,2999905,229999050858479,,2,1,
2165708,2999906,229999060858479,,2,1,
2165708,2999907,229999070858479,,2,1,
2165708,2999902,329999020858479,,3,1,
2165708,2999903,329999030858479,,3,1,
2165708,2999904,329999040858479,,3,1,
2165708,2999905,329999050858479,,3,1,
2165708,2999906,329999060858479,,3,1,
2165708,2999907,329999070858479,,3,1,
2165708,2999902,429999020858479,,4,1,
2165708,2999903,429999030858479,,4,1,
2165708,2999904,429999040858479,,4,1,
2165708,2999905,429999050858479,,4,1,
2165708,2999906,429999060858479,,4,1,
2165708,2999907,429999070858479,,4,1,
2165708,2999902,529999020858479,,5,1,
2165708,2999903,529999030858479,,5,1,
2165708,2999904,529999040858479,,5,1,
2165708,2999905,529999050858479,,5,1,
2165708,2999906,529999060858479,,5,1,
2165708,2999907,529999070858479,,5,1,
2165708,2999902,629999020858479,,6,1,
2165708,2999903,629999030858479,,6,1,
2165708,2999904,629999040858479,,6,1,
2165708,2999905,629999050858479,,6,1,
2165708,2999906,629999060858479,,6,1,
2165708,2999907,629999070858479,,6,1,
2165708,2999902,729999020858479,,7,1,
2165708,2999903,729999030858479,,7,1,
2165708,2999905,729999050858479,,7,1,
2165708,2999906,729999060858479,,7,1,
2165708,2999907,729999070858479,,7,1,
2165708,2999902,829999020858479,,8,1,
2165708,2999903,829999030858479,,8,1,
2165708,2999906,829999060858479,,8,1,
2165708,2999907,829999070858479,,8,1,
2165708,2999902,929999020858479,,9,1,
2165708,2999903,929999030858479,,9,1,
2165708,2999906,929999060858479,,9,1,
2165708,2999907,929999070858479,,9,1,
2165708,2999901,129999010858469,,1,1,
2165708,12999901,129999010858474,,1,1,
2165708,2999902,129999020858474,,1,1,
2165708,2999903,129999030858474,,1,1,
2165708,2999904,129999040858474,,1,1,
2165708,2999905,129999050858474,,1,1,
2165708,2999906,129999060858474,,1,1,
2165708,2999907,129999070858474,,1,1,
2165708,12999902,229999020858474,,2,1,
2165708,12999903,229999030858474,,2,1,
2165708,12999904,229999040858474,,2,1,
2165708,12999905,229999050858474,,2,1,
2165708,12999906,229999060858474,,2,1,
2165708,12999907,229999070858474,,2,1,
2165708,2999901,129999010858475,,1,1,
2165708,2999901,229999010858475,,2,1,
2165708,2999902,129999020876656,,1,1,
2165708,2999904,129999040876656,,1,1,
2165708,2999905,129999050876656,,1,1,
2165708,2999906,129999060876656,,1,1,
2165708,2999902,229999020876656,,2,1,
2165708,2999906,229999060876656,,2,1,
2165708,2999902,329999020876656,,3,1,
2165708,2999906,329999060876656,,3,1,
2165708,2999902,429999020876656,,4,1,
2165708,2999906,429999060876656,,4,1,
2165708,2999902,529999020876656,,5,1,
2165708,2999906,529999060876656,,5,1,
2165708,2999902,629999020876656,,6,1,
2165708,2999906,629999060876656,,6,1,
2165708,2999903,129999030858476,,1,1,
2165708,2999907,129999070858476,,1,1,
2165708,2999903,229999030858476,,2,1,
2165708,2999907,229999070858476,,2,1,
2165708,2999904,129999041132409,,1,1,
2165708,2999905,129999051132409,,1,1,
2165708,2999904,229999041132409,,2,1,
2165708,2999905,229999051132409,,2,1,
2165708,2999904,329999041132409,,3,1,
2165708,2999905,329999051132409,,3,1,
2165708,2999904,429999041132409,,4,1,
2165708,2999905,429999051132409,,4,1,
2165708,2999904,529999041132409,,5,1,
2165708,2999905,529999051132409,,5,1,
