route_id,service_id,trip_id,trip_headsign,trip_short_name,direction_id,shape_id
2165997,2999832,1029998321113694,,10,0,
2165997,2999833,1029998331113694,,10,0,
2165997,2999835,1029998351113694,,10,0,
2165997,2999836,1029998361113694,,10,0,
2165997,2999837,1029998371113694,,10,0,
2165997,2999838,1029998381113694,,10,0,
2165997,2999832,1129998321113694,,11,0,
2165997,2999833,1129998331113694,,11,0,
2165997,2999835,1129998351113694,,11,0,
2165997,2999836,1129998361113694,,11,0,
2165997,2999837,1129998371113694,,11,0,
2165997,2999838,1129998381113694,,11,0,
2165997,2999832,1229998321113694,,12,0,
2165997,2999833,1229998331113694,,12,0,
2165997,2999835,1229998351113694,,12,0,
2165997,2999836,1229998361113694,,12,0,
2165997,2999837,1229998371113694,,12,0,
2165997,2999838,1229998381113694,,12,0,
2165997,2999832,129998321113694,,1,0,
2165997,2999833,129998331113694,,1,0,
2165997,2999835,129998351113694,,1,0,
2165997,2999836,129998361113694,,1,0,
2165997,2999837,129998371113694,,1,0,
2165997,2999838,129998381113694,,1,0,
2165997,2999832,1329998321113694,,13,0,
2165997,2999833,1329998331113694,,13,0,
2165997,2999835,1329998351113694,,13,0,
2165997,2999836,1329998361113694,,13,0,
2165997,2999837,1329998371113694,,13,0,
2165997,2999838,1329998381113694,,13,0,
2165997,2999832,1429998321113694,,14,0,
2165997,2999833,1429998331113694,,14,0,
2165997,2999835,1429998351113694,,14,0,
2165997,2999836,1429998361113694,,14,0,
2165997,2999837,1429998371113694,,14,0,
2165997,2999838,1429998381113694,,14,0,
2165997,2999832,1529998321113694,,15,0,
2165997,2999833,1529998331113694,,15,0,
2165997,2999835,1529998351113694,,15,0,
2165997,2999836,1529998361113694,,15,0,
2165997,2999837,1529998371113694,,15,0,
2165997,2999838,1529998381113694,,15,0,
2165997,2999832,1629998321113694,,16,0,
2165997,2999833,1629998331113694,,16,0,
2165997,2999835,1629998351113694,,16,0,
2165997,2999836,1629998361113694,,16,0,
2165997,2999837,1629998371113694,,16,0,
2165997,2999838,1629998381113694,,16,0,
2165997,2999832,1729998321113694,,17,0,
2165997,2999833,1729998331113694,,17,0,
2165997,2999835,1729998351113694,,17,0,
2165997,2999836,1729998361113694,,17,0,
2165997,2999837,1729998371113694,,17,0,
2165997,2999838,1729998381113694,,17,0,
2165997,2999832,1829998321113694,,18,0,
2165997,2999833,1829998331113694,,18,0,
2165997,2999835,1829998351113694,,18,0,
2165997,2999836,1829998361113694,,18,0,
2165997,2999837,1829998371113694,,18,0,
2165997,2999838,1829998381113694,,18,0,
2165997,2999832,1929998321113694,,19,0,
2165997,2999833,1929998331113694,,19,0,
2165997,2999835,1929998351113694,,19,0,
2165997,2999836,1929998361113694,,19,0,
2165997,2999837,1929998371113694,,19,0,
2165997,2999838,1929998381113694,,19,0,
2165997,2999832,2029998321113694,,20,0,
2165997,2999833,2029998331113694,,20,0,
2165997,2999835,2029998351113694,,20,0,
2165997,2999836,2029998361113694,,20,0,
2165997,2999837,2029998371113694,,20,0,
2165997,2999838,2029998381113694,,20,0,
2165997,2999832,2129998321113694,,21,0,
2165997,2999833,2129998331113694,,21,0,
2165997,2999835,2129998351113694,,21,0,
2165997,2999836,2129998361113694,,21,0,
2165997,2999837,2129998371113694,,21,0,
2165997,2999838,2129998381113694,,21,0,
2165997,2999832,2229998321113694,,22,0,
2165997,2999833,2229998331113694,,22,0,
2165997,2999835,2229998351113694,,22,0,
2165997,2999836,2229998361113694,,22,0,
2165997,2999837,2229998371113694,,22,0,
2165997,2999838,2229998381113694,,22,0,
2165997,2999832,229998321113694,,2,0,
2165997,2999833,229998331113694,,2,0,
2165997,2999835,229998351113694,,2,0,
2165997,2999836,229998361113694,,2,0,
2165997,2999837,229998371113694,,2,0,
2165997,2999838,229998381113694,,2,0,
2165997,2999832,2329998321113694,,23,0,
2165997,2999833,2329998331113694,,23,0,
2165997,2999835,2329998351113694,,23,0,
2165997,2999836,2329998361113694,,23,0,
2165997,2999837,2329998371113694,,23,0,
2165997,2999838,2329998381113694,,23,0,
2165997,2999832,2429998321113694,,24,0,
2165997,2999833,2429998331113694,,24,0,
2165997,2999835,2429998351113694,,24,0,
2165997,2999836,2429998361113694,,24,0,
2165997,2999837,2429998371113694,,24,0,
2165997,2999838,2429998381113694,,24,0,
2165997,2999832,2529998321113694,,25,0,
2165997,2999833,2529998331113694,,25,0,
2165997,2999835,2529998351113694,,25,0,
2165997,2999836,2529998361113694,,25,0,
2165997,2999837,2529998371113694,,25,0,
2165997,2999838,2529998381113694,,25,0,
2165997,2999832,2629998321113694,,26,0,
2165997,2999833,2629998331113694,,26,0,
2165997,2999835,2629998351113694,,26,0,
2165997,2999836,2629998361113694,,26,0,
2165997,2999837,2629998371113694,,26,0,
2165997,2999838,2629998381113694,,26,0,
2165997,2999832,2729998321113694,,27,0,
2165997,2999833,2729998331113694,,27,0,
2165997,2999835,2729998351113694,,27,0,
2165997,2999836,2729998361113694,,27,0,
2165997,2999837,2729998371113694,,27,0,
2165997,2999838,2729998381113694,,27,0,
2165997,2999832,2829998321113694,,28,0,
2165997,2999833,2829998331113694,,28,0,
2165997,2999835,2829998351113694,,28,0,
2165997,2999836,2829998361113694,,28,0,
2165997,2999837,2829998371113694,,28,0,
2165997,2999838,2829998381113694,,28,0,
2165997,2999832,2929998321113694,,29,0,
2165997,2999833,2929998331113694,,29,0,
2165997,2999835,2929998351113694,,29,0,
2165997,2999836,2929998361113694,,29,0,
2165997,2999837,2929998371113694,,29,0,
2165997,2999838,2929998381113694,,29,0,
2165997,2999832,3029998321113694,,30,0,
2165997,2999833,3029998331113694,,30,0,
2165997,2999835,3029998351113694,,30,0,
2165997,2999836,3029998361113694,,30,0,
2165997,2999837,3029998371113694,,30,0,
2165997,2999838,3029998381113694,,30,0,
2165997,2999832,3129998321113694,,31,0,
2165997,2999833,3129998331113694,,31,0,
2165997,2999835,3129998351113694,,31,0,
2165997,2999836,3129998361113694,,31,0,
2165997,2999837,3129998371113694,,31,0,
2165997,2999838,3129998381113694,,31,0,
2165997,2999832,3229998321113694,,32,0,
2165997,2999833,3229998331113694,,32,0,
2165997,2999835,3229998351113694,,32,0,
2165997,2999836,3229998361113694,,32,0,
2165997,2999837,3229998371113694,,32,0,
2165997,2999838,3229998381113694,,32,0,
2165997,2999832,329998321113694,,3,0,
2165997,2999833,329998331113694,,3,0,
2165997,2999835,329998351113694,,3,0,
2165997,2999836,329998361113694,,3,0,
2165997,2999837,329998371113694,,3,0,
2165997,2999838,329998381113694,,3,0,
2165997,2999832,3329998321113694,,33,0,
2165997,2999833,3329998331113694,,33,0,
2165997,2999835,3329998351113694,,33,0,
2165997,2999836,3329998361113694,,33,0,
2165997,2999837,3329998371113694,,33,0,
2165997,2999838,3329998381113694,,33,0,
2165997,2999832,3429998321113694,,34,0,
2165997,2999833,3429998331113694,,34,0,
2165997,2999835,3429998351113694,,34,0,
2165997,2999836,3429998361113694,,34,0,
2165997,2999837,3429998371113694,,34,0,
2165997,2999838,3429998381113694,,34,0,
2165997,2999832,3529998321113694,,35,0,
2165997,2999833,3529998331113694,,35,0,
2165997,2999835,3529998351113694,,35,0,
2165997,2999836,3529998361113694,,35,0,
2165997,2999837,3529998371113694,,35,0,
2165997,2999838,3529998381113694,,35,0,
2165997,12999832,3629998321113694,,36,0,
2165997,2999833,3629998331113694,,36,0,
2165997,2999835,3629998351113694,,36,0,
2165997,2999836,3629998361113694,,36,0,
2165997,2999837,3629998371113694,,36,0,
2165997,2999838,3629998381113694,,36,0,
2165997,12999832,3729998321113694,,37,0,
2165997,2999833,3729998331113694,,37,0,
2165997,2999835,3729998351113694,,37,0,
2165997,2999836,3729998361113694,,37,0,
2165997,2999837,3729998371113694,,37,0,
2165997,2999838,3729998381113694,,37,0,
2165997,2999833,3829998331113694,,38,0,
2165997,2999835,3829998351113694,,38,0,
2165997,2999836,3829998361113694,,38,0,
2165997,2999837,3829998371113694,,38,0,
2165997,2999838,3829998381113694,,38,0,
2165997,2999833,3929998331113694,,39,0,
2165997,2999835,3929998351113694,,39,0,
2165997,2999836,3929998361113694,,39,0,
2165997,2999837,3929998371113694,,39,0,
2165997,2999838,3929998381113694,,39,0,
2165997,2999833,4029998331113694,,40,0,
2165997,2999835,4029998351113694,,40,0,
2165997,2999836,4029998361113694,,40,0,
2165997,2999837,4029998371113694,,40,0,
2165997,2999838,4029998381113694,,40,0,
2165997,2999833,4129998331113694,,41,0,
2165997,2999835,4129998351113694,,41,0,
2165997,2999836,4129998361113694,,41,0,
2165997,2999837,4129998371113694,,41,0,
2165997,2999838,4129998381113694,,41,0,
2165997,2999833,4229998331113694,,42,0,
2165997,2999835,4229998351113694,,42,0,
2165997,2999836,4229998361113694,,42,0,
2165997,2999837,4229998371113694,,42,0,
2165997,2999838,4229998381113694,,42,0,
2165997,2999832,429998321113694,,4,0,
2165997,2999833,429998331113694,,4,0,
2165997,2999835,429998351113694,,4,0,
2165997,2999836,429998361113694,,4,0,
2165997,2999837,429998371113694,,4,0,
2165997,2999838,429998381113694,,4,0,
2165997,2999833,4329998331113694,,43,0,
2165997,2999835,4329998351113694,,43,0,
2165997,2999836,4329998361113694,,43,0,
2165997,2999837,4329998371113694,,43,0,
2165997,2999838,4329998381113694,,43,0,
2165997,2999833,4429998331113694,,44,0,
2165997,2999835,4429998351113694,,44,0,
2165997,2999836,4429998361113694,,44,0,
2165997,2999837,4429998371113694,,44,0,
2165997,2999838,4429998381113694,,44,0,
2165997,12999833,4529998331113694,,45,0,
2165997,2999835,4529998351113694,,45,0,
2165997,2999836,4529998361113694,,45,0,
2165997,2999837,4529998371113694,,45,0,
2165997,2999838,4529998381113694,,45,0,
2165997,12999833,4629998331113694,,46,0,
2165997,2999835,4629998351113694,,46,0,
2165997,2999836,4629998361113694,,46,0,
2165997,2999837,4629998371113694,,46,0,
2165997,2999838,4629998381113694,,46,0,
2165997,2999835,4729998351113694,,47,0,
2165997,2999836,4729998361113694,,47,0,
2165997,2999837,4729998371113694,,47,0,
2165997,12999838,4729998381113694,,47,0,
2165997,2999835,4829998351113694,,48,0,
2165997,2999836,4829998361113694,,48,0,
2165997,2999837,4829998371113694,,48,0,
2165997,12999838,4829998381113694,,48,0,
2165997,2999835,4929998351113694,,49,0,
2165997,2999836,4929998361113694,,49,0,
2165997,2999837,4929998371113694,,49,0,
2165997,2999835,5029998351113694,,50,0,
2165997,2999836,5029998361113694,,50,0,
2165997,2999837,5029998371113694,,50,0,
2165997,2999835,5129998351113694,,51,0,
2165997,2999836,5129998361113694,,51,0,
2165997,2999837,5129998371113694,,51,0,
2165997,2999835,5229998351113694,,52,0,
2165997,2999836,5229998361113694,,52,0,
2165997,2999837,5229998371113694,,52,0,
2165997,2999832,529998321113694,,5,0,
2165997,2999833,529998331113694,,5,0,
2165997,2999835,529998351113694,,5,0,
2165997,2999836,529998361113694,,5,0,
2165997,2999837,529998371113694,,5,0,
2165997,2999838,529998381113694,,5,0,
2165997,2999835,5329998351113694,,53,0,
2165997,2999836,5329998361113694,,53,0,
2165997,2999837,5329998371113694,,53,0,
2165997,2999835,5429998351113694,,54,0,
2165997,2999836,5429998361113694,,54,0,
2165997,2999837,5429998371113694,,54,0,
2165997,2999835,5529998351113694,,55,0,
2165997,2999836,5529998361113694,,55,0,
2165997,2999837,5529998371113694,,55,0,
2165997,2999835,5629998351113694,,56,0,
2165997,2999836,5629998361113694,,56,0,
2165997,2999837,5629998371113694,,56,0,
2165997,2999835,5729998351113694,,57,0,
2165997,2999836,5729998361113694,,57,0,
2165997,2999837,5729998371113694,,57,0,
2165997,2999835,5829998351113694,,58,0,
2165997,2999836,5829998361113694,,58,0,
2165997,2999837,5829998371113694,,58,0,
2165997,2999835,5929998351113694,,59,0,
2165997,2999836,5929998361113694,,59,0,
2165997,2999837,5929998371113694,,59,0,
2165997,2999835,6029998351113694,,60,0,
2165997,2999836,6029998361113694,,60,0,
2165997,2999837,6029998371113694,,60,0,
2165997,2999835,6129998351113694,,61,0,
2165997,2999836,6129998361113694,,61,0,
2165997,2999837,6129998371113694,,61,0,
2165997,2999835,6229998351113694,,62,0,
2165997,2999836,6229998361113694,,62,0,
2165997,2999837,6229998371113694,,62,0,
2165997,2999832,629998321113694,,6,0,
2165997,2999833,629998331113694,,6,0,
2165997,2999835,629998351113694,,6,0,
2165997,2999836,629998361113694,,6,0,
2165997,2999837,629998371113694,,6,0,
2165997,2999838,629998381113694,,6,0,
2165997,2999835,6329998351113694,,63,0,
2165997,2999836,6329998361113694,,63,0,
2165997,2999837,6329998371113694,,63,0,
2165997,2999835,6429998351113694,,64,0,
2165997,2999836,6429998361113694,,64,0,
2165997,2999837,6429998371113694,,64,0,
2165997,2999835,6529998351113694,,65,0,
2165997,2999836,6529998361113694,,65,0,
2165997,2999837,6529998371113694,,65,0,
2165997,2999835,6629998351113694,,66,0,
2165997,2999836,6629998361113694,,66,0,
2165997,2999837,6629998371113694,,66,0,
2165997,2999835,6729998351113694,,67,0,
2165997,2999836,6729998361113694,,67,0,
2165997,2999837,6729998371113694,,67,0,
2165997,2999835,6829998351113694,,68,0,
2165997,2999836,6829998361113694,,68,0,
2165997,2999837,6829998371113694,,68,0,
2165997,2999835,6929998351113694,,69,0,
2165997,2999836,6929998361113694,,69,0,
2165997,2999837,6929998371113694,,69,0,
2165997,2999835,7029998351113694,,70,0,
2165997,2999836,7029998361113694,,70,0,
2165997,2999837,7029998371113694,,70,0,
2165997,12999835,7129998351113694,,71,0,
2165997,2999836,7129998361113694,,71,0,
2165997,2999837,7129998371113694,,71,0,
2165997,12999835,7229998351113694,,72,0,
2165997,2999836,7229998361113694,,72,0,
2165997,2999837,7229998371113694,,72,0,
2165997,2999832,729998321113694,,7,0,
2165997,2999833,729998331113694,,7,0,
2165997,2999835,729998351113694,,7,0,
2165997,2999836,729998361113694,,7,0,
2165997,2999837,729998371113694,,7,0,
2165997,2999838,729998381113694,,7,0,
2165997,2999836,7329998361113694,,73,0,
2165997,2999837,7329998371113694,,73,0,
2165997,2999836,7429998361113694,,74,0,
2165997,2999837,7429998371113694,,74,0,
2165997,2999836,7529998361113694,,75,0,
2165997,2999837,7529998371113694,,75,0,
2165997,2999836,7629998361113694,,76,0,
2165997,2999837,7629998371113694,,76,0,
2165997,12999836,7729998361113694,,77,0,
2165997,12999837,7729998371113694,,77,0,
2165997,12999836,7829998361113694,,78,0,
2165997,12999837,7829998371113694,,78,0,
2165997,2999832,829998321113694,,8,0,
2165997,2999833,829998331113694,,8,0,
2165997,2999835,829998351113694,,8,0,
2165997,2999836,829998361113694,,8,0,
2165997,2999837,829998371113694,,8,0,
2165997,2999838,829998381113694,,8,0,
2165997,2999832,929998321113694,,9,0,
2165997,2999833,929998331113694,,9,0,
2165997,2999835,929998351113694,,9,0,
2165997,2999836,929998361113694,,9,0,
2165997,2999837,929998371113694,,9,0,
2165997,2999838,929998381113694,,9,0,
2165997,2999835,129998351067053,,1,0,
2165997,2999836,129998361067053,,1,0,
2165997,2999837,129998371067053,,1,0,
2165997,2999835,229998351067053,,2,0,
2165997,2999835,329998351067053,,3,0,
2165997,2999835,129998351113695,,1,0,
2165997,2999836,129998361113695,,1,0,
2165997,2999837,129998371113695,,1,0,
2165997,2999838,129998381113695,,1,0,
2165997,2999835,229998351113695,,2,0,
2165997,2999836,229998361113695,,2,0,
2165997,2999837,229998371113695,,2,0,
2165997,2999838,229998381113695,,2,0,
2165997,2999836,129998361067054,,1,0,
2165997,2999837,129998371067054,,1,0,
2165997,2999836,229998361067054,,2,0,
2165997,2999837,229998371067054,,2,0,
2165997,2999836,329998361067054,,3,0,
2165997,2999837,329998371067054,,3,0,
2165997,2999836,429998361067054,,4,0,
2165997,2999837,429998371067054,,4,0,
2165997,2999836,529998361067054,,5,0,
2165997,2999837,529998371067054,,5,0,
2165997,2999836,629998361067054,,6,0,
2165997,2999837,629998371067054,,6,0,
2165998,2999832,1029998321468682,,10,1,
2165998,2999833,1029998331468682,,10,1,
2165998,2999835,1029998351468682,,10,1,
2165998,2999836,1029998361468682,,10,1,
2165998,2999837,1029998371468682,,10,1,
2165998,2999838,1029998381468682,,10,1,
2165998,2999832,1129998321468682,,11,1,
2165998,2999833,1129998331468682,,11,1,
2165998,2999835,1129998351468682,,11,1,
2165998,2999836,1129998361468682,,11,1,
2165998,2999837,1129998371468682,,11,1,
2165998,2999838,1129998381468682,,11,1,
2165998,2999832,1229998321468682,,12,1,
2165998,2999833,1229998331468682,,12,1,
2165998,2999835,1229998351468682,,12,1,
2165998,2999836,1229998361468682,,12,1,
2165998,2999837,1229998371468682,,12,1,
2165998,2999838,1229998381468682,,12,1,
2165998,2999832,129998321468682,,1,1,
2165998,2999833,129998331468682,,1,1,
2165998,2999835,129998351468682,,1,1,
2165998,2999836,129998361468682,,1,1,
2165998,2999837,129998371468682,,1,1,
2165998,2999838,129998381468682,,1,1,
2165998,2999832,1329998321468682,,13,1,
2165998,2999833,1329998331468682,,13,1,
2165998,2999835,1329998351468682,,13,1,
2165998,2999836,1329998361468682,,13,1,
2165998,2999837,1329998371468682,,13,1,
2165998,2999838,1329998381468682,,13,1,
2165998,2999832,1429998321468682,,14,1,
2165998,2999833,1429998331468682,,14,1,
2165998,2999835,1429998351468682,,14,1,
2165998,2999836,1429998361468682,,14,1,
2165998,2999837,1429998371468682,,14,1,
2165998,2999838,1429998381468682,,14,1,
2165998,2999832,1529998321468682,,15,1,
2165998,2999833,1529998331468682,,15,1,
2165998,2999835,1529998351468682,,15,1,
2165998,2999836,1529998361468682,,15,1,
2165998,2999837,1529998371468682,,15,1,
2165998,2999838,1529998381468682,,15,1,
2165998,2999832,1629998321468682,,16,1,
2165998,2999833,1629998331468682,,16,1,
2165998,2999835,1629998351468682,,16,1,
2165998,2999836,1629998361468682,,16,1,
2165998,2999837,1629998371468682,,16,1,
2165998,2999838,1629998381468682,,16,1,
2165998,2999832,1729998321468682,,17,1,
2165998,2999833,1729998331468682,,17,1,
2165998,2999835,1729998351468682,,17,1,
2165998,2999836,1729998361468682,,17,1,
2165998,2999837,1729998371468682,,17,1,
2165998,2999838,1729998381468682,,17,1,
2165998,2999832,1829998321468682,,18,1,
2165998,2999833,1829998331468682,,18,1,
2165998,2999835,1829998351468682,,18,1,
2165998,2999836,1829998361468682,,18,1,
2165998,2999837,1829998371468682,,18,1,
2165998,2999838,1829998381468682,,18,1,
2165998,2999832,1929998321468682,,19,1,
2165998,2999833,1929998331468682,,19,1,
2165998,2999835,1929998351468682,,19,1,
2165998,2999836,1929998361468682,,19,1,
2165998,2999837,1929998371468682,,19,1,
2165998,2999838,1929998381468682,,19,1,
2165998,2999832,2029998321468682,,20,1,
2165998,2999833,2029998331468682,,20,1,
2165998,2999835,2029998351468682,,20,1,
2165998,2999836,2029998361468682,,20,1,
2165998,2999837,2029998371468682,,20,1,
2165998,2999838,2029998381468682,,20,1,
2165998,2999832,2129998321468682,,21,1,
2165998,2999833,2129998331468682,,21,1,
2165998,2999835,2129998351468682,,21,1,
2165998,2999836,2129998361468682,,21,1,
2165998,2999837,2129998371468682,,21,1,
2165998,2999838,2129998381468682,,21,1,
2165998,2999832,2229998321468682,,22,1,
2165998,2999833,2229998331468682,,22,1,
2165998,2999835,2229998351468682,,22,1,
2165998,2999836,2229998361468682,,22,1,
2165998,2999837,2229998371468682,,22,1,
2165998,2999838,2229998381468682,,22,1,
2165998,2999832,229998321468682,,2,1,
2165998,2999833,229998331468682,,2,1,
2165998,2999835,229998351468682,,2,1,
2165998,2999836,229998361468682,,2,1,
2165998,2999837,229998371468682,,2,1,
2165998,2999838,229998381468682,,2,1,
2165998,2999832,2329998321468682,,23,1,
2165998,2999833,2329998331468682,,23,1,
2165998,2999835,2329998351468682,,23,1,
2165998,2999836,2329998361468682,,23,1,
2165998,2999837,2329998371468682,,23,1,
2165998,2999838,2329998381468682,,23,1,
2165998,2999832,2429998321468682,,24,1,
2165998,2999833,2429998331468682,,24,1,
2165998,2999835,2429998351468682,,24,1,
2165998,2999836,2429998361468682,,24,1,
2165998,2999837,2429998371468682,,24,1,
2165998,2999838,2429998381468682,,24,1,
2165998,2999832,2529998321468682,,25,1,
2165998,2999833,2529998331468682,,25,1,
2165998,2999835,2529998351468682,,25,1,
2165998,2999836,2529998361468682,,25,1,
2165998,2999837,2529998371468682,,25,1,
2165998,2999838,2529998381468682,,25,1,
2165998,2999832,2629998321468682,,26,1,
2165998,2999833,2629998331468682,,26,1,
2165998,2999835,2629998351468682,,26,1,
2165998,2999836,2629998361468682,,26,1,
2165998,2999837,2629998371468682,,26,1,
2165998,2999838,2629998381468682,,26,1,
2165998,2999832,2729998321468682,,27,1,
2165998,2999833,2729998331468682,,27,1,
2165998,2999835,2729998351468682,,27,1,
2165998,2999836,2729998361468682,,27,1,
2165998,2999837,2729998371468682,,27,1,
2165998,2999838,2729998381468682,,27,1,
2165998,2999832,2829998321468682,,28,1,
2165998,2999833,2829998331468682,,28,1,
2165998,2999835,2829998351468682,,28,1,
2165998,2999836,2829998361468682,,28,1,
2165998,2999837,2829998371468682,,28,1,
2165998,2999838,2829998381468682,,28,1,
2165998,2999832,2929998321468682,,29,1,
2165998,2999833,2929998331468682,,29,1,
2165998,2999835,2929998351468682,,29,1,
2165998,2999836,2929998361468682,,29,1,
2165998,2999837,2929998371468682,,29,1,
2165998,2999838,2929998381468682,,29,1,
2165998,2999832,3029998321468682,,30,1,
2165998,2999833,3029998331468682,,30,1,
2165998,2999835,3029998351468682,,30,1,
2165998,2999836,3029998361468682,,30,1,
2165998,2999837,3029998371468682,,30,1,
2165998,2999838,3029998381468682,,30,1,
2165998,2999832,3129998321468682,,31,1,
2165998,2999833,3129998331468682,,31,1,
2165998,2999835,3129998351468682,,31,1,
2165998,2999836,3129998361468682,,31,1,
2165998,2999837,3129998371468682,,31,1,
2165998,2999838,3129998381468682,,31,1,
2165998,2999832,3229998321468682,,32,1,
2165998,2999833,3229998331468682,,32,1,
2165998,2999835,3229998351468682,,32,1,
2165998,2999836,3229998361468682,,32,1,
2165998,2999837,3229998371468682,,32,1,
2165998,2999838,3229998381468682,,32,1,
2165998,2999832,329998321468682,,3,1,
2165998,2999833,329998331468682,,3,1,
2165998,2999835,329998351468682,,3,1,
2165998,2999836,329998361468682,,3,1,
2165998,2999837,329998371468682,,3,1,
2165998,2999838,329998381468682,,3,1,
2165998,2999832,3329998321468682,,33,1,
2165998,2999833,3329998331468682,,33,1,
2165998,2999835,3329998351468682,,33,1,
2165998,2999836,3329998361468682,,33,1,
2165998,2999837,3329998371468682,,33,1,
2165998,2999838,3329998381468682,,33,1,
2165998,2999832,3429998321468682,,34,1,
2165998,2999833,3429998331468682,,34,1,
2165998,2999835,3429998351468682,,34,1,
2165998,2999836,3429998361468682,,34,1,
2165998,2999837,3429998371468682,,34,1,
2165998,2999838,3429998381468682,,34,1,
2165998,2999832,3529998321468682,,35,1,
2165998,2999833,3529998331468682,,35,1,
2165998,2999835,3529998351468682,,35,1,
2165998,2999836,3529998361468682,,35,1,
2165998,2999837,3529998371468682,,35,1,
2165998,2999838,3529998381468682,,35,1,
2165998,2999833,3629998331468682,,36,1,
2165998,2999835,3629998351468682,,36,1,
2165998,2999836,3629998361468682,,36,1,
2165998,2999837,3629998371468682,,36,1,
2165998,2999838,3629998381468682,,36,1,
2165998,2999833,3729998331468682,,37,1,
2165998,2999835,3729998351468682,,37,1,
2165998,2999836,3729998361468682,,37,1,
2165998,2999837,3729998371468682,,37,1,
2165998,2999838,3729998381468682,,37,1,
2165998,2999833,3829998331468682,,38,1,
2165998,2999835,3829998351468682,,38,1,
2165998,2999836,3829998361468682,,38,1,
2165998,2999837,3829998371468682,,38,1,
2165998,2999838,3829998381468682,,38,1,
2165998,2999833,3929998331468682,,39,1,
2165998,2999835,3929998351468682,,39,1,
2165998,2999836,3929998361468682,,39,1,
2165998,2999837,3929998371468682,,39,1,
2165998,2999838,3929998381468682,,39,1,
2165998,2999833,4029998331468682,,40,1,
2165998,2999835,4029998351468682,,40,1,
2165998,2999836,4029998361468682,,40,1,
2165998,2999837,4029998371468682,,40,1,
2165998,2999838,4029998381468682,,40,1,
2165998,2999833,4129998331468682,,41,1,
2165998,2999835,4129998351468682,,41,1,
2165998,2999836,4129998361468682,,41,1,
2165998,2999837,4129998371468682,,41,1,
2165998,2999838,4129998381468682,,41,1,
2165998,2999833,4229998331468682,,42,1,
2165998,2999835,4229998351468682,,42,1,
2165998,2999836,4229998361468682,,42,1,
2165998,2999837,4229998371468682,,42,1,
2165998,2999838,4229998381468682,,42,1,
2165998,2999832,429998321468682,,4,1,
2165998,2999833,429998331468682,,4,1,
2165998,2999835,429998351468682,,4,1,
2165998,2999836,429998361468682,,4,1,
2165998,2999837,429998371468682,,4,1,
2165998,2999838,429998381468682,,4,1,
2165998,2999833,4329998331468682,,43,1,
2165998,2999835,4329998351468682,,43,1,
2165998,2999836,4329998361468682,,43,1,
2165998,2999837,4329998371468682,,43,1,
2165998,2999838,4329998381468682,,43,1,
2165998,2999833,4429998331468682,,44,1,
2165998,2999835,4429998351468682,,44,1,
2165998,2999836,4429998361468682,,44,1,
2165998,2999837,4429998371468682,,44,1,
2165998,2999838,4429998381468682,,44,1,
2165998,2999835,4529998351468682,,45,1,
2165998,2999836,4529998361468682,,45,1,
2165998,2999837,4529998371468682,,45,1,
2165998,2999838,4529998381468682,,45,1,
2165998,2999835,4629998351468682,,46,1,
2165998,2999836,4629998361468682,,46,1,
2165998,2999837,4629998371468682,,46,1,
2165998,2999838,4629998381468682,,46,1,
2165998,2999835,4729998351468682,,47,1,
2165998,2999836,4729998361468682,,47,1,
2165998,2999837,4729998371468682,,47,1,
2165998,2999838,4729998381468682,,47,1,
2165998,2999835,4829998351468682,,48,1,
2165998,2999836,4829998361468682,,48,1,
2165998,2999837,4829998371468682,,48,1,
2165998,2999835,4929998351468682,,49,1,
2165998,2999836,4929998361468682,,49,1,
2165998,2999837,4929998371468682,,49,1,
2165998,2999835,5029998351468682,,50,1,
2165998,2999836,5029998361468682,,50,1,
2165998,2999837,5029998371468682,,50,1,
2165998,2999835,5129998351468682,,51,1,
2165998,2999836,5129998361468682,,51,1,
2165998,2999837,5129998371468682,,51,1,
2165998,2999835,5229998351468682,,52,1,
2165998,2999836,5229998361468682,,52,1,
2165998,2999837,5229998371468682,,52,1,
2165998,2999832,529998321468682,,5,1,
2165998,2999833,529998331468682,,5,1,
2165998,2999835,529998351468682,,5,1,
2165998,2999836,529998361468682,,5,1,
2165998,2999837,529998371468682,,5,1,
2165998,2999838,529998381468682,,5,1,
2165998,2999835,5329998351468682,,53,1,
2165998,2999836,5329998361468682,,53,1,
2165998,2999837,5329998371468682,,53,1,
2165998,2999835,5429998351468682,,54,1,
2165998,2999836,5429998361468682,,54,1,
2165998,2999837,5429998371468682,,54,1,
2165998,2999835,5529998351468682,,55,1,
2165998,2999836,5529998361468682,,55,1,
2165998,2999837,5529998371468682,,55,1,
2165998,2999835,5629998351468682,,56,1,
2165998,2999836,5629998361468682,,56,1,
2165998,2999837,5629998371468682,,56,1,
2165998,2999835,5729998351468682,,57,1,
2165998,2999836,5729998361468682,,57,1,
2165998,2999837,5729998371468682,,57,1,
2165998,2999835,5829998351468682,,58,1,
2165998,2999836,5829998361468682,,58,1,
2165998,2999837,5829998371468682,,58,1,
2165998,2999835,5929998351468682,,59,1,
2165998,2999836,5929998361468682,,59,1,
2165998,2999837,5929998371468682,,59,1,
2165998,2999835,6029998351468682,,60,1,
2165998,2999836,6029998361468682,,60,1,
2165998,2999837,6029998371468682,,60,1,
2165998,2999835,6129998351468682,,61,1,
2165998,2999836,6129998361468682,,61,1,
2165998,2999837,6129998371468682,,61,1,
2165998,2999835,6229998351468682,,62,1,
2165998,2999836,6229998361468682,,62,1,
2165998,2999837,6229998371468682,,62,1,
2165998,2999832,629998321468682,,6,1,
2165998,2999833,629998331468682,,6,1,
2165998,2999835,629998351468682,,6,1,
2165998,2999836,629998361468682,,6,1,
2165998,2999837,629998371468682,,6,1,
2165998,2999838,629998381468682,,6,1,
2165998,2999835,6329998351468682,,63,1,
2165998,2999836,6329998361468682,,63,1,
2165998,2999837,6329998371468682,,63,1,
2165998,2999835,6429998351468682,,64,1,
2165998,2999836,6429998361468682,,64,1,
2165998,2999837,6429998371468682,,64,1,
2165998,2999835,6529998351468682,,65,1,
2165998,2999836,6529998361468682,,65,1,
2165998,2999837,6529998371468682,,65,1,
2165998,2999835,6629998351468682,,66,1,
2165998,2999836,6629998361468682,,66,1,
2165998,2999837,6629998371468682,,66,1,
2165998,2999835,6729998351468682,,67,1,
2165998,2999836,6729998361468682,,67,1,
2165998,2999837,6729998371468682,,67,1,
2165998,2999835,6829998351468682,,68,1,
2165998,2999836,6829998361468682,,68,1,
2165998,2999837,6829998371468682,,68,1,
2165998,2999835,6929998351468682,,69,1,
2165998,2999836,6929998361468682,,69,1,
2165998,2999837,6929998371468682,,69,1,
2165998,2999836,7029998361468682,,70,1,
2165998,2999837,7029998371468682,,70,1,
2165998,2999836,7129998361468682,,71,1,
2165998,2999837,7129998371468682,,71,1,
2165998,2999836,7229998361468682,,72,1,
2165998,2999837,7229998371468682,,72,1,
2165998,2999832,729998321468682,,7,1,
2165998,2999833,729998331468682,,7,1,
2165998,2999835,729998351468682,,7,1,
2165998,2999836,729998361468682,,7,1,
2165998,2999837,729998371468682,,7,1,
2165998,2999838,729998381468682,,7,1,
2165998,2999836,7329998361468682,,73,1,
2165998,2999837,7329998371468682,,73,1,
2165998,2999836,7429998361468682,,74,1,
2165998,2999837,7429998371468682,,74,1,
2165998,2999836,7529998361468682,,75,1,
2165998,2999837,7529998371468682,,75,1,
2165998,2999836,7629998361468682,,76,1,
2165998,2999837,7629998371468682,,76,1,
2165998,2999836,7729998361468682,,77,1,
2165998,2999832,829998321468682,,8,1,
2165998,2999833,829998331468682,,8,1,
2165998,2999835,829998351468682,,8,1,
2165998,2999836,829998361468682,,8,1,
2165998,2999837,829998371468682,,8,1,
2165998,2999838,829998381468682,,8,1,
2165998,2999832,929998321468682,,9,1,
2165998,2999833,929998331468682,,9,1,
2165998,2999835,929998351468682,,9,1,
2165998,2999836,929998361468682,,9,1,
2165998,2999837,929998371468682,,9,1,
2165998,2999838,929998381468682,,9,1,
2165998,2999835,129998351067052,,1,1,
2165998,2999836,129998361067052,,1,1,
2165998,2999837,129998371067052,,1,1,
2165998,2999836,229998361067052,,2,1,
2165998,2999837,229998371067052,,2,1,
2165998,2999836,329998361067052,,3,1,
2165998,2999837,329998371067052,,3,1,
2165998,2999836,429998361067052,,4,1,
2165998,2999837,429998371067052,,4,1,
2165998,2999836,529998361067052,,5,1,
2165998,2999837,529998371067052,,5,1,
2165998,2999836,629998361067052,,6,1,
2165998,2999837,629998371067052,,6,1,
2165998,2999837,729998371067052,,7,1,
2165998,2999837,829998371067052,,8,1,
2165998,2999835,129998351468684,,1,1,
2165998,2999836,129998361468684,,1,1,
2165998,2999837,129998371468684,,1,1,
2165998,2999838,129998381468684,,1,1,
2165998,2999835,229998351468684,,2,1,
2165998,2999836,229998361468684,,2,1,
2165998,2999837,229998371468684,,2,1,
2165998,2999836,129998361067055,,1,1,
2165998,2999837,129998371067055,,1,1,
2165998,2999836,229998361067055,,2,1,
2165998,2999837,229998371067055,,2,1,
2165998,2999836,329998361067055,,3,1,
2165998,2999837,329998371067055,,3,1,
