route_id,service_id,trip_id,trip_headsign,trip_short_name,direction_id,shape_id
2165829,13048405,10030484052059913,,100,0,
2165829,13048405,10130484052059913,,101,0,
2165829,3023276,1030232762059913,,10,0,
2165829,3023278,1030232782059913,,10,0,
2165829,3023280,1030232802059913,,10,0,
2165829,3048403,1030484032059913,,10,0,
2165829,3048404,1030484042059913,,10,0,
2165829,3048405,1030484052059913,,10,0,
2165829,3048406,1030484062059913,,10,0,
2165829,3048407,1030484072059913,,10,0,
2165829,3048408,1030484082059913,,10,0,
2165829,3048409,1030484092059913,,10,0,
2165829,3048410,1030484102059913,,10,0,
2165829,3023276,1130232762059913,,11,0,
2165829,3023278,1130232782059913,,11,0,
2165829,3023280,1130232802059913,,11,0,
2165829,3048403,1130484032059913,,11,0,
2165829,3048404,1130484042059913,,11,0,
2165829,3048405,1130484052059913,,11,0,
2165829,3048406,1130484062059913,,11,0,
2165829,3048407,1130484072059913,,11,0,
2165829,3048408,1130484082059913,,11,0,
2165829,3048409,1130484092059913,,11,0,
2165829,3048410,1130484102059913,,11,0,
2165829,3023276,1230232762059913,,12,0,
2165829,3023278,1230232782059913,,12,0,
2165829,3023280,1230232802059913,,12,0,
2165829,3048403,1230484032059913,,12,0,
2165829,3048404,1230484042059913,,12,0,
2165829,3048405,1230484052059913,,12,0,
2165829,3048406,1230484062059913,,12,0,
2165829,3048407,1230484072059913,,12,0,
2165829,3048408,1230484082059913,,12,0,
2165829,3048409,1230484092059913,,12,0,
2165829,3048410,1230484102059913,,12,0,
2165829,3023276,130232762059913,,1,0,
2165829,3023278,130232782059913,,1,0,
2165829,3023280,130232802059913,,1,0,
2165829,3048403,130484032059913,,1,0,
2165829,3048404,130484042059913,,1,0,
2165829,3048405,130484052059913,,1,0,
2165829,3048406,130484062059913,,1,0,
2165829,3048407,130484072059913,,1,0,
2165829,3048408,130484082059913,,1,0,
2165829,3048409,130484092059913,,1,0,
2165829,3048410,130484102059913,,1,0,
2165829,3023276,1330232762059913,,13,0,
2165829,3023278,1330232782059913,,13,0,
2165829,3023280,1330232802059913,,13,0,
2165829,3048403,1330484032059913,,13,0,
2165829,3048404,1330484042059913,,13,0,
2165829,3048405,1330484052059913,,13,0,
2165829,3048406,1330484062059913,,13,0,
2165829,3048407,1330484072059913,,13,0,
2165829,3048408,1330484082059913,,13,0,
2165829,3048409,1330484092059913,,13,0,
2165829,3048410,1330484102059913,,13,0,
2165829,3023276,1430232762059913,,14,0,
2165829,3023278,1430232782059913,,14,0,
2165829,3023280,1430232802059913,,14,0,
2165829,3048403,1430484032059913,,14,0,
2165829,3048404,1430484042059913,,14,0,
2165829,3048405,1430484052059913,,14,0,
2165829,3048406,1430484062059913,,14,0,
2165829,3048407,1430484072059913,,14,0,
2165829,3048408,1430484082059913,,14,0,
2165829,3048409,1430484092059913,,14,0,
2165829,3048410,1430484102059913,,14,0,
2165829,3023276,1530232762059913,,15,0,
2165829,3023278,1530232782059913,,15,0,
2165829,3023280,1530232802059913,,15,0,
2165829,3048403,1530484032059913,,15,0,
2165829,3048404,1530484042059913,,15,0,
2165829,3048405,1530484052059913,,15,0,
2165829,3048406,1530484062059913,,15,0,
2165829,3048407,1530484072059913,,15,0,
2165829,3048408,1530484082059913,,15,0,
2165829,3048409,1530484092059913,,15,0,
2165829,3048410,1530484102059913,,15,0,
2165829,3023276,1630232762059913,,16,0,
2165829,3023278,1630232782059913,,16,0,
2165829,3023280,1630232802059913,,16,0,
2165829,3048403,1630484032059913,,16,0,
2165829,3048404,1630484042059913,,16,0,
2165829,3048405,1630484052059913,,16,0,
2165829,3048406,1630484062059913,,16,0,
2165829,3048407,1630484072059913,,16,0,
2165829,3048408,1630484082059913,,16,0,
2165829,3048409,1630484092059913,,16,0,
2165829,3048410,1630484102059913,,16,0,
2165829,3023276,1730232762059913,,17,0,
2165829,3023278,1730232782059913,,17,0,
2165829,3023280,1730232802059913,,17,0,
2165829,3048403,1730484032059913,,17,0,
2165829,3048404,1730484042059913,,17,0,
2165829,3048405,1730484052059913,,17,0,
2165829,3048406,1730484062059913,,17,0,
2165829,3048407,1730484072059913,,17,0,
2165829,3048408,1730484082059913,,17,0,
2165829,3048409,1730484092059913,,17,0,
2165829,3048410,1730484102059913,,17,0,
2165829,3023276,1830232762059913,,18,0,
2165829,3023278,1830232782059913,,18,0,
2165829,3023280,1830232802059913,,18,0,
2165829,3048403,1830484032059913,,18,0,
2165829,3048404,1830484042059913,,18,0,
2165829,3048405,1830484052059913,,18,0,
2165829,3048406,1830484062059913,,18,0,
2165829,3048407,1830484072059913,,18,0,
2165829,3048408,1830484082059913,,18,0,
2165829,3048409,1830484092059913,,18,0,
2165829,3048410,1830484102059913,,18,0,
2165829,3023276,1930232762059913,,19,0,
2165829,3023278,1930232782059913,,19,0,
2165829,3023280,1930232802059913,,19,0,
2165829,3048403,1930484032059913,,19,0,
2165829,3048404,1930484042059913,,19,0,
2165829,3048405,1930484052059913,,19,0,
2165829,3048406,1930484062059913,,19,0,
2165829,3048407,1930484072059913,,19,0,
2165829,3048408,1930484082059913,,19,0,
2165829,3048409,1930484092059913,,19,0,
2165829,3048410,1930484102059913,,19,0,
2165829,3023276,2030232762059913,,20,0,
2165829,3023278,2030232782059913,,20,0,
2165829,3023280,2030232802059913,,20,0,
2165829,3048403,2030484032059913,,20,0,
2165829,3048404,2030484042059913,,20,0,
2165829,3048405,2030484052059913,,20,0,
2165829,3048406,2030484062059913,,20,0,
2165829,3048407,2030484072059913,,20,0,
2165829,3048408,2030484082059913,,20,0,
2165829,3048409,2030484092059913,,20,0,
2165829,3048410,2030484102059913,,20,0,
2165829,3023276,2130232762059913,,21,0,
2165829,3023278,2130232782059913,,21,0,
2165829,3023280,2130232802059913,,21,0,
2165829,3048403,2130484032059913,,21,0,
2165829,3048404,2130484042059913,,21,0,
2165829,3048405,2130484052059913,,21,0,
2165829,3048406,2130484062059913,,21,0,
2165829,3048407,2130484072059913,,21,0,
2165829,3048408,2130484082059913,,21,0,
2165829,3048409,2130484092059913,,21,0,
2165829,3048410,2130484102059913,,21,0,
2165829,3023276,2230232762059913,,22,0,
2165829,3023278,2230232782059913,,22,0,
2165829,3023280,2230232802059913,,22,0,
2165829,3048403,2230484032059913,,22,0,
2165829,3048404,2230484042059913,,22,0,
2165829,3048405,2230484052059913,,22,0,
2165829,3048406,2230484062059913,,22,0,
2165829,3048407,2230484072059913,,22,0,
2165829,3048408,2230484082059913,,22,0,
2165829,3048409,2230484092059913,,22,0,
2165829,3048410,2230484102059913,,22,0,
2165829,3023276,230232762059913,,2,0,
2165829,3023278,230232782059913,,2,0,
2165829,3023280,230232802059913,,2,0,
2165829,3048403,230484032059913,,2,0,
2165829,3048404,230484042059913,,2,0,
2165829,3048405,230484052059913,,2,0,
2165829,3048406,230484062059913,,2,0,
2165829,3048407,230484072059913,,2,0,
2165829,3048408,230484082059913,,2,0,
2165829,3048409,230484092059913,,2,0,
2165829,3048410,230484102059913,,2,0,
2165829,3023276,2330232762059913,,23,0,
2165829,3023278,2330232782059913,,23,0,
2165829,3023280,2330232802059913,,23,0,
2165829,3048403,2330484032059913,,23,0,
2165829,3048404,2330484042059913,,23,0,
2165829,3048405,2330484052059913,,23,0,
2165829,3048406,2330484062059913,,23,0,
2165829,3048407,2330484072059913,,23,0,
2165829,3048408,2330484082059913,,23,0,
2165829,3048409,2330484092059913,,23,0,
2165829,3048410,2330484102059913,,23,0,
2165829,3023276,2430232762059913,,24,0,
2165829,3023278,2430232782059913,,24,0,
2165829,3023280,2430232802059913,,24,0,
2165829,3048403,2430484032059913,,24,0,
2165829,3048404,2430484042059913,,24,0,
2165829,3048405,2430484052059913,,24,0,
2165829,3048406,2430484062059913,,24,0,
2165829,3048407,2430484072059913,,24,0,
2165829,3048408,2430484082059913,,24,0,
2165829,3048409,2430484092059913,,24,0,
2165829,3048410,2430484102059913,,24,0,
2165829,3023276,2530232762059913,,25,0,
2165829,3023278,2530232782059913,,25,0,
2165829,3023280,2530232802059913,,25,0,
2165829,3048403,2530484032059913,,25,0,
2165829,3048404,2530484042059913,,25,0,
2165829,3048405,2530484052059913,,25,0,
2165829,3048406,2530484062059913,,25,0,
2165829,3048407,2530484072059913,,25,0,
2165829,3048408,2530484082059913,,25,0,
2165829,3048409,2530484092059913,,25,0,
2165829,3048410,2530484102059913,,25,0,
2165829,3023276,2630232762059913,,26,0,
2165829,3023278,2630232782059913,,26,0,
2165829,3023280,2630232802059913,,26,0,
2165829,3048403,2630484032059913,,26,0,
2165829,3048404,2630484042059913,,26,0,
2165829,3048405,2630484052059913,,26,0,
2165829,3048406,2630484062059913,,26,0,
2165829,3048407,2630484072059913,,26,0,
2165829,3048408,2630484082059913,,26,0,
2165829,3048409,2630484092059913,,26,0,
2165829,3048410,2630484102059913,,26,0,
2165829,3023276,2730232762059913,,27,0,
2165829,3023278,2730232782059913,,27,0,
2165829,3023280,2730232802059913,,27,0,
2165829,3048403,2730484032059913,,27,0,
2165829,3048404,2730484042059913,,27,0,
2165829,3048405,2730484052059913,,27,0,
2165829,3048406,2730484062059913,,27,0,
2165829,3048407,2730484072059913,,27,0,
2165829,3048408,2730484082059913,,27,0,
2165829,3048409,2730484092059913,,27,0,
2165829,3048410,2730484102059913,,27,0,
2165829,3023276,2830232762059913,,28,0,
2165829,3023278,2830232782059913,,28,0,
2165829,3023280,2830232802059913,,28,0,
2165829,3048403,2830484032059913,,28,0,
2165829,3048404,2830484042059913,,28,0,
2165829,3048405,2830484052059913,,28,0,
2165829,3048406,2830484062059913,,28,0,
2165829,3048407,2830484072059913,,28,0,
2165829,3048408,2830484082059913,,28,0,
2165829,3048409,2830484092059913,,28,0,
2165829,3048410,2830484102059913,,28,0,
2165829,3023276,2930232762059913,,29,0,
2165829,3023278,2930232782059913,,29,0,
2165829,3023280,2930232802059913,,29,0,
2165829,3048403,2930484032059913,,29,0,
2165829,3048404,2930484042059913,,29,0,
2165829,3048405,2930484052059913,,29,0,
2165829,3048406,2930484062059913,,29,0,
2165829,3048407,2930484072059913,,29,0,
2165829,3048408,2930484082059913,,29,0,
2165829,3048409,2930484092059913,,29,0,
2165829,3048410,2930484102059913,,29,0,
2165829,3023276,3030232762059913,,30,0,
2165829,3023278,3030232782059913,,30,0,
2165829,3023280,3030232802059913,,30,0,
2165829,3048403,3030484032059913,,30,0,
2165829,3048404,3030484042059913,,30,0,
2165829,3048405,3030484052059913,,30,0,
2165829,3048406,3030484062059913,,30,0,
2165829,3048407,3030484072059913,,30,0,
2165829,3048408,3030484082059913,,30,0,
2165829,3048409,3030484092059913,,30,0,
2165829,3048410,3030484102059913,,30,0,
2165829,3023276,3130232762059913,,31,0,
2165829,3023278,3130232782059913,,31,0,
2165829,3023280,3130232802059913,,31,0,
2165829,3048403,3130484032059913,,31,0,
2165829,3048404,3130484042059913,,31,0,
2165829,3048405,3130484052059913,,31,0,
2165829,3048406,3130484062059913,,31,0,
2165829,3048407,3130484072059913,,31,0,
2165829,3048408,3130484082059913,,31,0,
2165829,3048409,3130484092059913,,31,0,
2165829,3048410,3130484102059913,,31,0,
2165829,3023276,3230232762059913,,32,0,
2165829,3023278,3230232782059913,,32,0,
2165829,3023280,3230232802059913,,32,0,
2165829,3048403,3230484032059913,,32,0,
2165829,3048404,3230484042059913,,32,0,
2165829,3048405,3230484052059913,,32,0,
2165829,3048406,3230484062059913,,32,0,
2165829,3048407,3230484072059913,,32,0,
2165829,3048408,3230484082059913,,32,0,
2165829,3048409,3230484092059913,,32,0,
2165829,3048410,3230484102059913,,32,0,
2165829,3023276,330232762059913,,3,0,
2165829,3023278,330232782059913,,3,0,
2165829,3023280,330232802059913,,3,0,
2165829,3048403,330484032059913,,3,0,
2165829,3048404,330484042059913,,3,0,
2165829,3048405,330484052059913,,3,0,
2165829,3048406,330484062059913,,3,0,
2165829,3048407,330484072059913,,3,0,
2165829,3048408,330484082059913,,3,0,
2165829,3048409,330484092059913,,3,0,
2165829,3048410,330484102059913,,3,0,
2165829,3023276,3330232762059913,,33,0,
2165829,3023278,3330232782059913,,33,0,
2165829,3023280,3330232802059913,,33,0,
2165829,3048403,3330484032059913,,33,0,
2165829,3048404,3330484042059913,,33,0,
2165829,3048405,3330484052059913,,33,0,
2165829,3048406,3330484062059913,,33,0,
2165829,3048407,3330484072059913,,33,0,
2165829,3048408,3330484082059913,,33,0,
2165829,3048409,3330484092059913,,33,0,
2165829,3048410,3330484102059913,,33,0,
2165829,3023276,3430232762059913,,34,0,
2165829,3023278,3430232782059913,,34,0,
2165829,3023280,3430232802059913,,34,0,
2165829,3048403,3430484032059913,,34,0,
2165829,3048404,3430484042059913,,34,0,
2165829,3048405,3430484052059913,,34,0,
2165829,3048406,3430484062059913,,34,0,
2165829,3048407,3430484072059913,,34,0,
2165829,3048408,3430484082059913,,34,0,
2165829,3048409,3430484092059913,,34,0,
2165829,3048410,3430484102059913,,34,0,
2165829,3023276,3530232762059913,,35,0,
2165829,3023278,3530232782059913,,35,0,
2165829,3023280,3530232802059913,,35,0,
2165829,3048403,3530484032059913,,35,0,
2165829,3048404,3530484042059913,,35,0,
2165829,3048405,3530484052059913,,35,0,
2165829,3048406,3530484062059913,,35,0,
2165829,3048407,3530484072059913,,35,0,
2165829,3048408,3530484082059913,,35,0,
2165829,3048409,3530484092059913,,35,0,
2165829,3048410,3530484102059913,,35,0,
2165829,3023276,3630232762059913,,36,0,
2165829,3023278,3630232782059913,,36,0,
2165829,3023280,3630232802059913,,36,0,
2165829,3048403,3630484032059913,,36,0,
2165829,3048404,3630484042059913,,36,0,
2165829,3048405,3630484052059913,,36,0,
2165829,3048406,3630484062059913,,36,0,
2165829,3048407,3630484072059913,,36,0,
2165829,3048408,3630484082059913,,36,0,
2165829,3048409,3630484092059913,,36,0,
2165829,3048410,3630484102059913,,36,0,
2165829,3023276,3730232762059913,,37,0,
2165829,3023278,3730232782059913,,37,0,
2165829,3023280,3730232802059913,,37,0,
2165829,3048403,3730484032059913,,37,0,
2165829,3048404,3730484042059913,,37,0,
2165829,3048405,3730484052059913,,37,0,
2165829,3048406,3730484062059913,,37,0,
2165829,3048407,3730484072059913,,37,0,
2165829,3048408,3730484082059913,,37,0,
2165829,3048409,3730484092059913,,37,0,
2165829,3048410,3730484102059913,,37,0,
2165829,3023276,3830232762059913,,38,0,
2165829,3023278,3830232782059913,,38,0,
2165829,3023280,3830232802059913,,38,0,
2165829,3048403,3830484032059913,,38,0,
2165829,3048404,3830484042059913,,38,0,
2165829,3048405,3830484052059913,,38,0,
2165829,3048406,3830484062059913,,38,0,
2165829,3048407,3830484072059913,,38,0,
2165829,3048408,3830484082059913,,38,0,
2165829,3048409,3830484092059913,,38,0,
2165829,3048410,3830484102059913,,38,0,
2165829,3023276,3930232762059913,,39,0,
2165829,3023278,3930232782059913,,39,0,
2165829,3023280,3930232802059913,,39,0,
2165829,3048403,3930484032059913,,39,0,
2165829,3048404,3930484042059913,,39,0,
2165829,3048405,3930484052059913,,39,0,
2165829,3048406,3930484062059913,,39,0,
2165829,3048407,3930484072059913,,39,0,
2165829,3048408,3930484082059913,,39,0,
2165829,3048409,3930484092059913,,39,0,
2165829,3048410,3930484102059913,,39,0,
2165829,3023276,4030232762059913,,40,0,
2165829,3023278,4030232782059913,,40,0,
2165829,3023280,4030232802059913,,40,0,
2165829,3048403,4030484032059913,,40,0,
2165829,3048404,4030484042059913,,40,0,
2165829,3048405,4030484052059913,,40,0,
2165829,3048406,4030484062059913,,40,0,
2165829,3048407,4030484072059913,,40,0,
2165829,3048408,4030484082059913,,40,0,
2165829,3048409,4030484092059913,,40,0,
2165829,3048410,4030484102059913,,40,0,
2165829,3023276,4130232762059913,,41,0,
2165829,3023278,4130232782059913,,41,0,
2165829,3023280,4130232802059913,,41,0,
2165829,3048403,4130484032059913,,41,0,
2165829,3048404,4130484042059913,,41,0,
2165829,3048405,4130484052059913,,41,0,
2165829,3048406,4130484062059913,,41,0,
2165829,3048407,4130484072059913,,41,0,
2165829,3048408,4130484082059913,,41,0,
2165829,3048409,4130484092059913,,41,0,
2165829,3048410,4130484102059913,,41,0,
2165829,3023276,4230232762059913,,42,0,
2165829,3023278,4230232782059913,,42,0,
2165829,3023280,4230232802059913,,42,0,
2165829,3048403,4230484032059913,,42,0,
2165829,3048404,4230484042059913,,42,0,
2165829,3048405,4230484052059913,,42,0,
2165829,3048406,4230484062059913,,42,0,
2165829,3048407,4230484072059913,,42,0,
2165829,3048408,4230484082059913,,42,0,
2165829,3048409,4230484092059913,,42,0,
2165829,3048410,4230484102059913,,42,0,
2165829,3023276,430232762059913,,4,0,
2165829,3023278,430232782059913,,4,0,
2165829,3023280,430232802059913,,4,0,
2165829,3048403,430484032059913,,4,0,
2165829,3048404,430484042059913,,4,0,
2165829,3048405,430484052059913,,4,0,
2165829,3048406,430484062059913,,4,0,
2165829,3048407,430484072059913,,4,0,
2165829,3048408,430484082059913,,4,0,
2165829,3048409,430484092059913,,4,0,
2165829,3048410,430484102059913,,4,0,
2165829,3023276,4330232762059913,,43,0,
2165829,3023278,4330232782059913,,43,0,
2165829,3023280,4330232802059913,,43,0,
2165829,3048403,4330484032059913,,43,0,
2165829,3048404,4330484042059913,,43,0,
2165829,3048405,4330484052059913,,43,0,
2165829,3048406,4330484062059913,,43,0,
2165829,3048407,4330484072059913,,43,0,
2165829,3048408,4330484082059913,,43,0,
2165829,3048409,4330484092059913,,43,0,
2165829,3048410,4330484102059913,,43,0,
2165829,3023276,4430232762059913,,44,0,
2165829,3023278,4430232782059913,,44,0,
2165829,3023280,4430232802059913,,44,0,
2165829,3048403,4430484032059913,,44,0,
2165829,3048404,4430484042059913,,44,0,
2165829,3048405,4430484052059913,,44,0,
2165829,3048406,4430484062059913,,44,0,
2165829,3048407,4430484072059913,,44,0,
2165829,3048408,4430484082059913,,44,0,
2165829,3048409,4430484092059913,,44,0,
2165829,3048410,4430484102059913,,44,0,
2165829,3023276,4530232762059913,,45,0,
2165829,3023278,4530232782059913,,45,0,
2165829,3023280,4530232802059913,,45,0,
2165829,3048403,4530484032059913,,45,0,
2165829,3048404,4530484042059913,,45,0,
2165829,3048405,4530484052059913,,45,0,
2165829,3048406,4530484062059913,,45,0,
2165829,3048407,4530484072059913,,45,0,
2165829,3048408,4530484082059913,,45,0,
2165829,3048409,4530484092059913,,45,0,
2165829,3048410,4530484102059913,,45,0,
2165829,3023276,4630232762059913,,46,0,
2165829,3023278,4630232782059913,,46,0,
2165829,3023280,4630232802059913,,46,0,
2165829,3048403,4630484032059913,,46,0,
2165829,3048404,4630484042059913,,46,0,
2165829,3048405,4630484052059913,,46,0,
2165829,3048406,4630484062059913,,46,0,
2165829,3048407,4630484072059913,,46,0,
2165829,3048408,4630484082059913,,46,0,
2165829,3048409,4630484092059913,,46,0,
2165829,3048410,4630484102059913,,46,0,
2165829,3023276,4730232762059913,,47,0,
2165829,3023278,4730232782059913,,47,0,
2165829,3023280,4730232802059913,,47,0,
2165829,3048403,4730484032059913,,47,0,
2165829,3048404,4730484042059913,,47,0,
2165829,3048405,4730484052059913,,47,0,
2165829,3048406,4730484062059913,,47,0,
2165829,3048407,4730484072059913,,47,0,
2165829,3048408,4730484082059913,,47,0,
2165829,3048409,4730484092059913,,47,0,
2165829,3048410,4730484102059913,,47,0,
2165829,3023276,4830232762059913,,48,0,
2165829,3023278,4830232782059913,,48,0,
2165829,3023280,4830232802059913,,48,0,
2165829,3048403,4830484032059913,,48,0,
2165829,3048404,4830484042059913,,48,0,
2165829,3048405,4830484052059913,,48,0,
2165829,3048406,4830484062059913,,48,0,
2165829,3048407,4830484072059913,,48,0,
2165829,3048408,4830484082059913,,48,0,
2165829,3048409,4830484092059913,,48,0,
2165829,3048410,4830484102059913,,48,0,
2165829,3023276,4930232762059913,,49,0,
2165829,3023278,4930232782059913,,49,0,
2165829,3023280,4930232802059913,,49,0,
2165829,3048403,4930484032059913,,49,0,
2165829,3048404,4930484042059913,,49,0,
2165829,3048405,4930484052059913,,49,0,
2165829,3048406,4930484062059913,,49,0,
2165829,3048407,4930484072059913,,49,0,
2165829,3048408,4930484082059913,,49,0,
2165829,3048409,4930484092059913,,49,0,
2165829,3048410,4930484102059913,,49,0,
2165829,3023276,5030232762059913,,50,0,
2165829,3023278,5030232782059913,,50,0,
2165829,3023280,5030232802059913,,50,0,
2165829,3048403,5030484032059913,,50,0,
2165829,3048404,5030484042059913,,50,0,
2165829,3048405,5030484052059913,,50,0,
2165829,3048406,5030484062059913,,50,0,
2165829,3048407,5030484072059913,,50,0,
2165829,3048408,5030484082059913,,50,0,
2165829,3048409,5030484092059913,,50,0,
2165829,3048410,5030484102059913,,50,0,
2165829,3023276,5130232762059913,,51,0,
2165829,3023278,5130232782059913,,51,0,
2165829,3023280,5130232802059913,,51,0,
2165829,3048403,5130484032059913,,51,0,
2165829,3048404,5130484042059913,,51,0,
2165829,3048405,5130484052059913,,51,0,
2165829,3048406,5130484062059913,,51,0,
2165829,3048407,5130484072059913,,51,0,
2165829,3048408,5130484082059913,,51,0,
2165829,3048409,5130484092059913,,51,0,
2165829,3048410,5130484102059913,,51,0,
2165829,3023276,5230232762059913,,52,0,
2165829,3023278,5230232782059913,,52,0,
2165829,3023280,5230232802059913,,52,0,
2165829,3048403,5230484032059913,,52,0,
2165829,3048404,5230484042059913,,52,0,
2165829,3048405,5230484052059913,,52,0,
2165829,3048406,5230484062059913,,52,0,
2165829,3048407,5230484072059913,,52,0,
2165829,3048408,5230484082059913,,52,0,
2165829,3048409,5230484092059913,,52,0,
2165829,3048410,5230484102059913,,52,0,
2165829,3023276,530232762059913,,5,0,
2165829,3023278,530232782059913,,5,0,
2165829,3023280,530232802059913,,5,0,
2165829,3048403,530484032059913,,5,0,
2165829,3048404,530484042059913,,5,0,
2165829,3048405,530484052059913,,5,0,
2165829,3048406,530484062059913,,5,0,
2165829,3048407,530484072059913,,5,0,
2165829,3048408,530484082059913,,5,0,
2165829,3048409,530484092059913,,5,0,
2165829,3048410,530484102059913,,5,0,
2165829,3023276,5330232762059913,,53,0,
2165829,3023278,5330232782059913,,53,0,
2165829,3023280,5330232802059913,,53,0,
2165829,3048403,5330484032059913,,53,0,
2165829,3048404,5330484042059913,,53,0,
2165829,3048405,5330484052059913,,53,0,
2165829,3048406,5330484062059913,,53,0,
2165829,3048407,5330484072059913,,53,0,
2165829,3048408,5330484082059913,,53,0,
2165829,3048409,5330484092059913,,53,0,
2165829,3048410,5330484102059913,,53,0,
2165829,3023276,5430232762059913,,54,0,
2165829,3023278,5430232782059913,,54,0,
2165829,3023280,5430232802059913,,54,0,
2165829,3048403,5430484032059913,,54,0,
2165829,3048404,5430484042059913,,54,0,
2165829,3048405,5430484052059913,,54,0,
2165829,3048406,5430484062059913,,54,0,
2165829,3048407,5430484072059913,,54,0,
2165829,3048408,5430484082059913,,54,0,
2165829,3048409,5430484092059913,,54,0,
2165829,3048410,5430484102059913,,54,0,
2165829,3023276,5530232762059913,,55,0,
2165829,3023278,5530232782059913,,55,0,
2165829,3023280,5530232802059913,,55,0,
2165829,3048403,5530484032059913,,55,0,
2165829,3048404,5530484042059913,,55,0,
2165829,3048405,5530484052059913,,55,0,
2165829,3048406,5530484062059913,,55,0,
2165829,3048407,5530484072059913,,55,0,
2165829,3048408,5530484082059913,,55,0,
2165829,3048409,5530484092059913,,55,0,
2165829,3048410,5530484102059913,,55,0,
2165829,3023276,5630232762059913,,56,0,
2165829,3023278,5630232782059913,,56,0,
2165829,3023280,5630232802059913,,56,0,
2165829,3048403,5630484032059913,,56,0,
2165829,3048404,5630484042059913,,56,0,
2165829,3048405,5630484052059913,,56,0,
2165829,3048406,5630484062059913,,56,0,
2165829,3048407,5630484072059913,,56,0,
2165829,3048408,5630484082059913,,56,0,
2165829,3048409,5630484092059913,,56,0,
2165829,3048410,5630484102059913,,56,0,
2165829,3023276,5730232762059913,,57,0,
2165829,3023278,5730232782059913,,57,0,
2165829,3023280,5730232802059913,,57,0,
2165829,3048403,5730484032059913,,57,0,
2165829,3048404,5730484042059913,,57,0,
2165829,3048405,5730484052059913,,57,0,
2165829,3048406,5730484062059913,,57,0,
2165829,3048407,5730484072059913,,57,0,
2165829,3048408,5730484082059913,,57,0,
2165829,3048409,5730484092059913,,57,0,
2165829,3048410,5730484102059913,,57,0,
2165829,3023276,5830232762059913,,58,0,
2165829,3023278,5830232782059913,,58,0,
2165829,3023280,5830232802059913,,58,0,
2165829,3048403,5830484032059913,,58,0,
2165829,3048404,5830484042059913,,58,0,
2165829,3048405,5830484052059913,,58,0,
2165829,3048406,5830484062059913,,58,0,
2165829,3048407,5830484072059913,,58,0,
2165829,3048408,5830484082059913,,58,0,
2165829,3048409,5830484092059913,,58,0,
2165829,3048410,5830484102059913,,58,0,
2165829,3023276,5930232762059913,,59,0,
2165829,3023278,5930232782059913,,59,0,
2165829,3023280,5930232802059913,,59,0,
2165829,3048403,5930484032059913,,59,0,
2165829,3048404,5930484042059913,,59,0,
2165829,3048405,5930484052059913,,59,0,
2165829,3048406,5930484062059913,,59,0,
2165829,3048407,5930484072059913,,59,0,
2165829,3048408,5930484082059913,,59,0,
2165829,3048409,5930484092059913,,59,0,
2165829,3048410,5930484102059913,,59,0,
2165829,3023276,6030232762059913,,60,0,
2165829,3023278,6030232782059913,,60,0,
2165829,3023280,6030232802059913,,60,0,
2165829,3048403,6030484032059913,,60,0,
2165829,3048404,6030484042059913,,60,0,
2165829,3048405,6030484052059913,,60,0,
2165829,3048406,6030484062059913,,60,0,
2165829,3048407,6030484072059913,,60,0,
2165829,3048408,6030484082059913,,60,0,
2165829,3048409,6030484092059913,,60,0,
2165829,3048410,6030484102059913,,60,0,
2165829,3023276,6130232762059913,,61,0,
2165829,3023278,6130232782059913,,61,0,
2165829,3023280,6130232802059913,,61,0,
2165829,3048403,6130484032059913,,61,0,
2165829,3048404,6130484042059913,,61,0,
2165829,3048405,6130484052059913,,61,0,
2165829,3048406,6130484062059913,,61,0,
2165829,3048407,6130484072059913,,61,0,
2165829,3048408,6130484082059913,,61,0,
2165829,3048409,6130484092059913,,61,0,
2165829,3048410,6130484102059913,,61,0,
2165829,3023276,6230232762059913,,62,0,
2165829,3023278,6230232782059913,,62,0,
2165829,3023280,6230232802059913,,62,0,
2165829,3048403,6230484032059913,,62,0,
2165829,3048404,6230484042059913,,62,0,
2165829,3048405,6230484052059913,,62,0,
2165829,3048406,6230484062059913,,62,0,
2165829,3048407,6230484072059913,,62,0,
2165829,3048408,6230484082059913,,62,0,
2165829,3048409,6230484092059913,,62,0,
2165829,3048410,6230484102059913,,62,0,
2165829,3023276,630232762059913,,6,0,
2165829,3023278,630232782059913,,6,0,
2165829,3023280,630232802059913,,6,0,
2165829,3048403,630484032059913,,6,0,
2165829,3048404,630484042059913,,6,0,
2165829,3048405,630484052059913,,6,0,
2165829,3048406,630484062059913,,6,0,
2165829,3048407,630484072059913,,6,0,
2165829,3048408,630484082059913,,6,0,
2165829,3048409,630484092059913,,6,0,
2165829,3048410,630484102059913,,6,0,
2165829,3023276,6330232762059913,,63,0,
2165829,3023278,6330232782059913,,63,0,
2165829,3023280,6330232802059913,,63,0,
2165829,3048403,6330484032059913,,63,0,
2165829,13048404,6330484042059913,,63,0,
2165829,3048405,6330484052059913,,63,0,
2165829,3048406,6330484062059913,,63,0,
2165829,3048407,6330484072059913,,63,0,
2165829,3048408,6330484082059913,,63,0,
2165829,3048409,6330484092059913,,63,0,
2165829,3048410,6330484102059913,,63,0,
2165829,3023276,6430232762059913,,64,0,
2165829,3023278,6430232782059913,,64,0,
2165829,3023280,6430232802059913,,64,0,
2165829,3048403,6430484032059913,,64,0,
2165829,13048404,6430484042059913,,64,0,
2165829,3048405,6430484052059913,,64,0,
2165829,3048406,6430484062059913,,64,0,
2165829,3048407,6430484072059913,,64,0,
2165829,3048408,6430484082059913,,64,0,
2165829,3048409,6430484092059913,,64,0,
2165829,3048410,6430484102059913,,64,0,
2165829,3023276,6530232762059913,,65,0,
2165829,3023278,6530232782059913,,65,0,
2165829,3023280,6530232802059913,,65,0,
2165829,13048403,6530484032059913,,65,0,
2165829,3048405,6530484052059913,,65,0,
2165829,3048406,6530484062059913,,65,0,
2165829,3048407,6530484072059913,,65,0,
2165829,3048408,6530484082059913,,65,0,
2165829,3048409,6530484092059913,,65,0,
2165829,3048410,6530484102059913,,65,0,
2165829,3023276,6630232762059913,,66,0,
2165829,3023278,6630232782059913,,66,0,
2165829,3023280,6630232802059913,,66,0,
2165829,13048403,6630484032059913,,66,0,
2165829,3048405,6630484052059913,,66,0,
2165829,3048406,6630484062059913,,66,0,
2165829,3048407,6630484072059913,,66,0,
2165829,3048408,6630484082059913,,66,0,
2165829,3048409,6630484092059913,,66,0,
2165829,3048410,6630484102059913,,66,0,
2165829,3023276,6730232762059913,,67,0,
2165829,3023278,6730232782059913,,67,0,
2165829,3023280,6730232802059913,,67,0,
2165829,3048405,6730484052059913,,67,0,
2165829,3048406,6730484062059913,,67,0,
2165829,3048407,6730484072059913,,67,0,
2165829,3048408,6730484082059913,,67,0,
2165829,3048409,6730484092059913,,67,0,
2165829,3048410,6730484102059913,,67,0,
2165829,3023276,6830232762059913,,68,0,
2165829,3023278,6830232782059913,,68,0,
2165829,3023280,6830232802059913,,68,0,
2165829,3048405,6830484052059913,,68,0,
2165829,3048406,6830484062059913,,68,0,
2165829,3048407,6830484072059913,,68,0,
2165829,3048408,6830484082059913,,68,0,
2165829,3048409,6830484092059913,,68,0,
2165829,3048410,6830484102059913,,68,0,
2165829,3023276,6930232762059913,,69,0,
2165829,3023278,6930232782059913,,69,0,
2165829,3023280,6930232802059913,,69,0,
2165829,3048405,6930484052059913,,69,0,
2165829,3048406,6930484062059913,,69,0,
2165829,3048407,6930484072059913,,69,0,
2165829,3048408,6930484082059913,,69,0,
2165829,3048409,6930484092059913,,69,0,
2165829,3048410,6930484102059913,,69,0,
2165829,3023276,7030232762059913,,70,0,
2165829,3023278,7030232782059913,,70,0,
2165829,3023280,7030232802059913,,70,0,
2165829,3048405,7030484052059913,,70,0,
2165829,3048406,7030484062059913,,70,0,
2165829,3048407,7030484072059913,,70,0,
2165829,3048408,7030484082059913,,70,0,
2165829,3048409,7030484092059913,,70,0,
2165829,3048410,7030484102059913,,70,0,
2165829,3023276,7130232762059913,,71,0,
2165829,3023278,7130232782059913,,71,0,
2165829,3023280,7130232802059913,,71,0,
2165829,3048405,7130484052059913,,71,0,
2165829,3048406,7130484062059913,,71,0,
2165829,3048407,7130484072059913,,71,0,
2165829,3048408,7130484082059913,,71,0,
2165829,3048409,7130484092059913,,71,0,
2165829,3048410,7130484102059913,,71,0,
2165829,3023276,7230232762059913,,72,0,
2165829,3023278,7230232782059913,,72,0,
2165829,3023280,7230232802059913,,72,0,
2165829,3048405,7230484052059913,,72,0,
2165829,3048406,7230484062059913,,72,0,
2165829,3048407,7230484072059913,,72,0,
2165829,3048408,7230484082059913,,72,0,
2165829,3048409,7230484092059913,,72,0,
2165829,3048410,7230484102059913,,72,0,
2165829,3023276,730232762059913,,7,0,
2165829,3023278,730232782059913,,7,0,
2165829,3023280,730232802059913,,7,0,
2165829,3048403,730484032059913,,7,0,
2165829,3048404,730484042059913,,7,0,
2165829,3048405,730484052059913,,7,0,
2165829,3048406,730484062059913,,7,0,
2165829,3048407,730484072059913,,7,0,
2165829,3048408,730484082059913,,7,0,
2165829,3048409,730484092059913,,7,0,
2165829,3048410,730484102059913,,7,0,
2165829,3023276,7330232762059913,,73,0,
2165829,3023278,7330232782059913,,73,0,
2165829,3023280,7330232802059913,,73,0,
2165829,3048405,7330484052059913,,73,0,
2165829,3048406,7330484062059913,,73,0,
2165829,3048407,7330484072059913,,73,0,
2165829,3048408,7330484082059913,,73,0,
2165829,3048409,7330484092059913,,73,0,
2165829,3048410,7330484102059913,,73,0,
2165829,3023276,7430232762059913,,74,0,
2165829,3023278,7430232782059913,,74,0,
2165829,3023280,7430232802059913,,74,0,
2165829,3048405,7430484052059913,,74,0,
2165829,3048406,7430484062059913,,74,0,
2165829,3048407,7430484072059913,,74,0,
2165829,3048408,7430484082059913,,74,0,
2165829,3048409,7430484092059913,,74,0,
2165829,3048410,7430484102059913,,74,0,
2165829,3023276,7530232762059913,,75,0,
2165829,3023278,7530232782059913,,75,0,
2165829,3023280,7530232802059913,,75,0,
2165829,3048405,7530484052059913,,75,0,
2165829,3048406,7530484062059913,,75,0,
2165829,3048407,7530484072059913,,75,0,
2165829,3048408,7530484082059913,,75,0,
2165829,3048409,7530484092059913,,75,0,
2165829,3048410,7530484102059913,,75,0,
2165829,3023276,7630232762059913,,76,0,
2165829,3023278,7630232782059913,,76,0,
2165829,3023280,7630232802059913,,76,0,
2165829,3048405,7630484052059913,,76,0,
2165829,3048406,7630484062059913,,76,0,
2165829,3048407,7630484072059913,,76,0,
2165829,3048408,7630484082059913,,76,0,
2165829,3048409,7630484092059913,,76,0,
2165829,3048410,7630484102059913,,76,0,
2165829,3023276,7730232762059913,,77,0,
2165829,3023278,7730232782059913,,77,0,
2165829,3023280,7730232802059913,,77,0,
2165829,3048405,7730484052059913,,77,0,
2165829,3048406,7730484062059913,,77,0,
2165829,3048407,7730484072059913,,77,0,
2165829,3048408,7730484082059913,,77,0,
2165829,3048409,7730484092059913,,77,0,
2165829,3048410,7730484102059913,,77,0,
2165829,3023276,7830232762059913,,78,0,
2165829,3023278,7830232782059913,,78,0,
2165829,3023280,7830232802059913,,78,0,
2165829,3048405,7830484052059913,,78,0,
2165829,3048406,7830484062059913,,78,0,
2165829,3048407,7830484072059913,,78,0,
2165829,3048408,7830484082059913,,78,0,
2165829,3048409,7830484092059913,,78,0,
2165829,3048410,7830484102059913,,78,0,
2165829,3023276,7930232762059913,,79,0,
2165829,3023278,7930232782059913,,79,0,
2165829,3023280,7930232802059913,,79,0,
2165829,3048405,7930484052059913,,79,0,
2165829,3048406,7930484062059913,,79,0,
2165829,3048407,7930484072059913,,79,0,
2165829,3048408,7930484082059913,,79,0,
2165829,3048409,7930484092059913,,79,0,
2165829,3048410,7930484102059913,,79,0,
2165829,3023276,8030232762059913,,80,0,
2165829,3023278,8030232782059913,,80,0,
2165829,3023280,8030232802059913,,80,0,
2165829,3048405,8030484052059913,,80,0,
2165829,3048406,8030484062059913,,80,0,
2165829,3048407,8030484072059913,,80,0,
2165829,3048408,8030484082059913,,80,0,
2165829,3048409,8030484092059913,,80,0,
2165829,3048410,8030484102059913,,80,0,
2165829,3023276,8130232762059913,,81,0,
2165829,3023278,8130232782059913,,81,0,
2165829,3023280,8130232802059913,,81,0,
2165829,3048405,8130484052059913,,81,0,
2165829,3048406,8130484062059913,,81,0,
2165829,3048407,8130484072059913,,81,0,
2165829,3048408,8130484082059913,,81,0,
2165829,3048409,8130484092059913,,81,0,
2165829,3048410,8130484102059913,,81,0,
2165829,3023276,8230232762059913,,82,0,
2165829,3023278,8230232782059913,,82,0,
2165829,3023280,8230232802059913,,82,0,
2165829,3048405,8230484052059913,,82,0,
2165829,3048406,8230484062059913,,82,0,
2165829,3048407,8230484072059913,,82,0,
2165829,3048408,8230484082059913,,82,0,
2165829,3048409,8230484092059913,,82,0,
2165829,3048410,8230484102059913,,82,0,
2165829,3023276,830232762059913,,8,0,
2165829,3023278,830232782059913,,8,0,
2165829,3023280,830232802059913,,8,0,
2165829,3048403,830484032059913,,8,0,
2165829,3048404,830484042059913,,8,0,
2165829,3048405,830484052059913,,8,0,
2165829,3048406,830484062059913,,8,0,
2165829,3048407,830484072059913,,8,0,
2165829,3048408,830484082059913,,8,0,
2165829,3048409,830484092059913,,8,0,
2165829,3048410,830484102059913,,8,0,
2165829,3023276,8330232762059913,,83,0,
2165829,3023278,8330232782059913,,83,0,
2165829,3023280,8330232802059913,,83,0,
2165829,3048405,8330484052059913,,83,0,
2165829,3048406,8330484062059913,,83,0,
2165829,3048407,8330484072059913,,83,0,
2165829,3048408,8330484082059913,,83,0,
2165829,3048409,8330484092059913,,83,0,
2165829,3048410,8330484102059913,,83,0,
2165829,3023276,8430232762059913,,84,0,
2165829,3023278,8430232782059913,,84,0,
2165829,3023280,8430232802059913,,84,0,
2165829,3048405,8430484052059913,,84,0,
2165829,3048406,8430484062059913,,84,0,
2165829,3048407,8430484072059913,,84,0,
2165829,3048408,8430484082059913,,84,0,
2165829,3048409,8430484092059913,,84,0,
2165829,3048410,8430484102059913,,84,0,
2165829,3023276,8530232762059913,,85,0,
2165829,3023278,8530232782059913,,85,0,
2165829,3023280,8530232802059913,,85,0,
2165829,3048405,8530484052059913,,85,0,
2165829,3048406,8530484062059913,,85,0,
2165829,3048407,8530484072059913,,85,0,
2165829,3048408,8530484082059913,,85,0,
2165829,3048409,8530484092059913,,85,0,
2165829,13048410,8530484102059913,,85,0,
2165829,3023276,8630232762059913,,86,0,
2165829,3023278,8630232782059913,,86,0,
2165829,3023280,8630232802059913,,86,0,
2165829,3048405,8630484052059913,,86,0,
2165829,3048406,8630484062059913,,86,0,
2165829,3048407,8630484072059913,,86,0,
2165829,3048408,8630484082059913,,86,0,
2165829,3048409,8630484092059913,,86,0,
2165829,13048410,8630484102059913,,86,0,
2165829,3023276,8730232762059913,,87,0,
2165829,3023278,8730232782059913,,87,0,
2165829,3023280,8730232802059913,,87,0,
2165829,3048405,8730484052059913,,87,0,
2165829,3048406,8730484062059913,,87,0,
2165829,3048407,8730484072059913,,87,0,
2165829,3048408,8730484082059913,,87,0,
2165829,3048409,8730484092059913,,87,0,
2165829,3023276,8830232762059913,,88,0,
2165829,3023278,8830232782059913,,88,0,
2165829,3023280,8830232802059913,,88,0,
2165829,3048405,8830484052059913,,88,0,
2165829,3048406,8830484062059913,,88,0,
2165829,3048407,8830484072059913,,88,0,
2165829,3048408,8830484082059913,,88,0,
2165829,3048409,8830484092059913,,88,0,
2165829,3023276,8930232762059913,,89,0,
2165829,3023278,8930232782059913,,89,0,
2165829,3023280,8930232802059913,,89,0,
2165829,3048405,8930484052059913,,89,0,
2165829,3048406,8930484062059913,,89,0,
2165829,3048407,8930484072059913,,89,0,
2165829,3048408,8930484082059913,,89,0,
2165829,3048409,8930484092059913,,89,0,
2165829,3023276,9030232762059913,,90,0,
2165829,3023278,9030232782059913,,90,0,
2165829,3023280,9030232802059913,,90,0,
2165829,3048405,9030484052059913,,90,0,
2165829,3048406,9030484062059913,,90,0,
2165829,3048407,9030484072059913,,90,0,
2165829,3048408,9030484082059913,,90,0,
2165829,3048409,9030484092059913,,90,0,
2165829,3023276,9130232762059913,,91,0,
2165829,3023278,9130232782059913,,91,0,
2165829,3023280,9130232802059913,,91,0,
2165829,3048405,9130484052059913,,91,0,
2165829,13048406,9130484062059913,,91,0,
2165829,3048407,9130484072059913,,91,0,
2165829,13048408,9130484082059913,,91,0,
2165829,3048409,9130484092059913,,91,0,
2165829,3023276,9230232762059913,,92,0,
2165829,3023278,9230232782059913,,92,0,
2165829,13023280,9230232802059913,,92,0,
2165829,3048405,9230484052059913,,92,0,
2165829,13048406,9230484062059913,,92,0,
2165829,3048407,9230484072059913,,92,0,
2165829,13048408,9230484082059913,,92,0,
2165829,3048409,9230484092059913,,92,0,
2165829,3023276,930232762059913,,9,0,
2165829,3023278,930232782059913,,9,0,
2165829,3023280,930232802059913,,9,0,
2165829,3048403,930484032059913,,9,0,
2165829,3048404,930484042059913,,9,0,
2165829,3048405,930484052059913,,9,0,
2165829,3048406,930484062059913,,9,0,
2165829,3048407,930484072059913,,9,0,
2165829,3048408,930484082059913,,9,0,
2165829,3048409,930484092059913,,9,0,
2165829,3048410,930484102059913,,9,0,
2165829,3023276,9330232762059913,,93,0,
2165829,3023278,9330232782059913,,93,0,
2165829,13023280,9330232802059913,,93,0,
2165829,3048405,9330484052059913,,93,0,
2165829,3048407,9330484072059913,,93,0,
2165829,13048409,9330484092059913,,93,0,
2165829,3023276,9430232762059913,,94,0,
2165829,3023278,9430232782059913,,94,0,
2165829,3048405,9430484052059913,,94,0,
2165829,3048407,9430484072059913,,94,0,
2165829,13048409,9430484092059913,,94,0,
2165829,13023276,9530232762059913,,95,0,
2165829,13023278,9530232782059913,,95,0,
2165829,3048405,9530484052059913,,95,0,
2165829,3048407,9530484072059913,,95,0,
2165829,13023276,9630232762059913,,96,0,
2165829,13023278,9630232782059913,,96,0,
2165829,3048405,9630484052059913,,96,0,
2165829,3048407,9630484072059913,,96,0,
2165829,3048405,9730484052059913,,97,0,
2165829,13048407,9730484072059913,,97,0,
2165829,3048405,9830484052059913,,98,0,
2165829,13048407,9830484072059913,,98,0,
2165829,3048405,9930484052059913,,99,0,
2165829,3048407,1030484072059911,,10,0,
2165829,3023276,130232762059911,,1,0,
2165829,3023278,130232782059911,,1,0,
2165829,3023280,130232802059911,,1,0,
2165829,3048403,130484032059911,,1,0,
2165829,3048404,130484042059911,,1,0,
2165829,3048405,130484052059911,,1,0,
2165829,3048406,130484062059911,,1,0,
2165829,3048407,130484072059911,,1,0,
2165829,3048408,130484082059911,,1,0,
2165829,3048409,130484092059911,,1,0,
2165829,3048410,130484102059911,,1,0,
2165829,3023276,230232762059911,,2,0,
2165829,3023278,230232782059911,,2,0,
2165829,3023280,230232802059911,,2,0,
2165829,3048403,230484032059911,,2,0,
2165829,3048404,230484042059911,,2,0,
2165829,3048405,230484052059911,,2,0,
2165829,3048406,230484062059911,,2,0,
2165829,3048407,230484072059911,,2,0,
2165829,3048408,230484082059911,,2,0,
2165829,3048409,230484092059911,,2,0,
2165829,3048410,230484102059911,,2,0,
2165829,3023276,330232762059911,,3,0,
2165829,3023278,330232782059911,,3,0,
2165829,3023280,330232802059911,,3,0,
2165829,3048403,330484032059911,,3,0,
2165829,3048404,330484042059911,,3,0,
2165829,3048405,330484052059911,,3,0,
2165829,3048406,330484062059911,,3,0,
2165829,3048407,330484072059911,,3,0,
2165829,3048408,330484082059911,,3,0,
2165829,3048409,330484092059911,,3,0,
2165829,3048410,330484102059911,,3,0,
2165829,3023276,430232762059911,,4,0,
2165829,3023278,430232782059911,,4,0,
2165829,3023280,430232802059911,,4,0,
2165829,3048405,430484052059911,,4,0,
2165829,3048406,430484062059911,,4,0,
2165829,3048407,430484072059911,,4,0,
2165829,3048408,430484082059911,,4,0,
2165829,3048409,430484092059911,,4,0,
2165829,3048410,430484102059911,,4,0,
2165829,3023276,530232762059911,,5,0,
2165829,3023278,530232782059911,,5,0,
2165829,3023280,530232802059911,,5,0,
2165829,3048405,530484052059911,,5,0,
2165829,3048406,530484062059911,,5,0,
2165829,3048407,530484072059911,,5,0,
2165829,3048408,530484082059911,,5,0,
2165829,3048409,530484092059911,,5,0,
2165829,3048410,530484102059911,,5,0,
2165829,3023276,630232762059911,,6,0,
2165829,3023278,630232782059911,,6,0,
2165829,3023280,630232802059911,,6,0,
2165829,3048405,630484052059911,,6,0,
2165829,3048406,630484062059911,,6,0,
2165829,3048407,630484072059911,,6,0,
2165829,3048408,630484082059911,,6,0,
2165829,3048409,630484092059911,,6,0,
2165829,3048410,630484102059911,,6,0,
2165829,3023276,730232762059911,,7,0,
2165829,3023278,730232782059911,,7,0,
2165829,3023280,730232802059911,,7,0,
2165829,3048405,730484052059911,,7,0,
2165829,3048406,730484062059911,,7,0,
2165829,3048407,730484072059911,,7,0,
2165829,3048408,730484082059911,,7,0,
2165829,3048409,730484092059911,,7,0,
2165829,3048410,730484102059911,,7,0,
2165829,3023278,830232782059911,,8,0,
2165829,3048405,830484052059911,,8,0,
2165829,3048407,830484072059911,,8,0,
2165829,3048409,830484092059911,,8,0,
2165829,3048405,930484052059911,,9,0,
2165829,3048407,930484072059911,,9,0,
2165829,3023278,130232782059914,,1,0,
2165829,3048403,130484032059914,,1,0,
2165829,3048404,130484042059914,,1,0,
2165829,3048405,130484052059914,,1,0,
2165829,3048406,130484062059914,,1,0,
2165829,3048410,130484102059914,,1,0,
2165829,3023278,130232782100830,,1,0,
2165829,3048406,130484062100830,,1,0,
2165830,13048405,10030484052059912,,100,1,
2165830,13048405,10130484052059912,,101,1,
2165830,3023276,1030232762059912,,10,1,
2165830,3023278,1030232782059912,,10,1,
2165830,3023280,1030232802059912,,10,1,
2165830,3048403,1030484032059912,,10,1,
2165830,3048404,1030484042059912,,10,1,
2165830,3048405,1030484052059912,,10,1,
2165830,3048406,1030484062059912,,10,1,
2165830,3048407,1030484072059912,,10,1,
2165830,3048408,1030484082059912,,10,1,
2165830,3048409,1030484092059912,,10,1,
2165830,3048410,1030484102059912,,10,1,
2165830,3023276,1130232762059912,,11,1,
2165830,3023278,1130232782059912,,11,1,
2165830,3023280,1130232802059912,,11,1,
2165830,3048403,1130484032059912,,11,1,
2165830,3048404,1130484042059912,,11,1,
2165830,3048405,1130484052059912,,11,1,
2165830,3048406,1130484062059912,,11,1,
2165830,3048407,1130484072059912,,11,1,
2165830,3048408,1130484082059912,,11,1,
2165830,3048409,1130484092059912,,11,1,
2165830,3048410,1130484102059912,,11,1,
2165830,3023276,1230232762059912,,12,1,
2165830,3023278,1230232782059912,,12,1,
2165830,3023280,1230232802059912,,12,1,
2165830,3048403,1230484032059912,,12,1,
2165830,3048404,1230484042059912,,12,1,
2165830,3048405,1230484052059912,,12,1,
2165830,3048406,1230484062059912,,12,1,
2165830,3048407,1230484072059912,,12,1,
2165830,3048408,1230484082059912,,12,1,
2165830,3048409,1230484092059912,,12,1,
2165830,3048410,1230484102059912,,12,1,
2165830,3023276,130232762059912,,1,1,
2165830,3023278,130232782059912,,1,1,
2165830,3023280,130232802059912,,1,1,
2165830,3048403,130484032059912,,1,1,
2165830,3048404,130484042059912,,1,1,
2165830,3048405,130484052059912,,1,1,
2165830,3048406,130484062059912,,1,1,
2165830,3048407,130484072059912,,1,1,
2165830,3048408,130484082059912,,1,1,
2165830,3048409,130484092059912,,1,1,
2165830,3048410,130484102059912,,1,1,
2165830,3023276,1330232762059912,,13,1,
2165830,3023278,1330232782059912,,13,1,
2165830,3023280,1330232802059912,,13,1,
2165830,3048403,1330484032059912,,13,1,
2165830,3048404,1330484042059912,,13,1,
2165830,3048405,1330484052059912,,13,1,
2165830,3048406,1330484062059912,,13,1,
2165830,3048407,1330484072059912,,13,1,
2165830,3048408,1330484082059912,,13,1,
2165830,3048409,1330484092059912,,13,1,
2165830,3048410,1330484102059912,,13,1,
2165830,3023276,1430232762059912,,14,1,
2165830,3023278,1430232782059912,,14,1,
2165830,3023280,1430232802059912,,14,1,
2165830,3048403,1430484032059912,,14,1,
2165830,3048404,1430484042059912,,14,1,
2165830,3048405,1430484052059912,,14,1,
2165830,3048406,1430484062059912,,14,1,
2165830,3048407,1430484072059912,,14,1,
2165830,3048408,1430484082059912,,14,1,
2165830,3048409,1430484092059912,,14,1,
2165830,3048410,1430484102059912,,14,1,
2165830,3023276,1530232762059912,,15,1,
2165830,3023278,1530232782059912,,15,1,
2165830,3023280,1530232802059912,,15,1,
2165830,3048403,1530484032059912,,15,1,
2165830,3048404,1530484042059912,,15,1,
2165830,3048405,1530484052059912,,15,1,
2165830,3048406,1530484062059912,,15,1,
2165830,3048407,1530484072059912,,15,1,
2165830,3048408,1530484082059912,,15,1,
2165830,3048409,1530484092059912,,15,1,
2165830,3048410,1530484102059912,,15,1,
2165830,3023276,1630232762059912,,16,1,
2165830,3023278,1630232782059912,,16,1,
2165830,3023280,1630232802059912,,16,1,
2165830,3048403,1630484032059912,,16,1,
2165830,3048404,1630484042059912,,16,1,
2165830,3048405,1630484052059912,,16,1,
2165830,3048406,1630484062059912,,16,1,
2165830,3048407,1630484072059912,,16,1,
2165830,3048408,1630484082059912,,16,1,
2165830,3048409,1630484092059912,,16,1,
2165830,3048410,1630484102059912,,16,1,
2165830,3023276,1730232762059912,,17,1,
2165830,3023278,1730232782059912,,17,1,
2165830,3023280,1730232802059912,,17,1,
2165830,3048403,1730484032059912,,17,1,
2165830,3048404,1730484042059912,,17,1,
2165830,3048405,1730484052059912,,17,1,
2165830,3048406,1730484062059912,,17,1,
2165830,3048407,1730484072059912,,17,1,
2165830,3048408,1730484082059912,,17,1,
2165830,3048409,1730484092059912,,17,1,
2165830,3048410,1730484102059912,,17,1,
2165830,3023276,1830232762059912,,18,1,
2165830,3023278,1830232782059912,,18,1,
2165830,3023280,1830232802059912,,18,1,
2165830,3048403,1830484032059912,,18,1,
2165830,3048404,1830484042059912,,18,1,
2165830,3048405,1830484052059912,,18,1,
2165830,3048406,1830484062059912,,18,1,
2165830,3048407,1830484072059912,,18,1,
2165830,3048408,1830484082059912,,18,1,
2165830,3048409,1830484092059912,,18,1,
2165830,3048410,1830484102059912,,18,1,
2165830,3023276,1930232762059912,,19,1,
2165830,3023278,1930232782059912,,19,1,
2165830,3023280,1930232802059912,,19,1,
2165830,3048403,1930484032059912,,19,1,
2165830,3048404,1930484042059912,,19,1,
2165830,3048405,1930484052059912,,19,1,
2165830,3048406,1930484062059912,,19,1,
2165830,3048407,1930484072059912,,19,1,
2165830,3048408,1930484082059912,,19,1,
2165830,3048409,1930484092059912,,19,1,
2165830,3048410,1930484102059912,,19,1,
2165830,3023276,2030232762059912,,20,1,
2165830,3023278,2030232782059912,,20,1,
2165830,3023280,2030232802059912,,20,1,
2165830,3048403,2030484032059912,,20,1,
2165830,3048404,2030484042059912,,20,1,
2165830,3048405,2030484052059912,,20,1,
2165830,3048406,2030484062059912,,20,1,
2165830,3048407,2030484072059912,,20,1,
2165830,3048408,2030484082059912,,20,1,
2165830,3048409,2030484092059912,,20,1,
2165830,3048410,2030484102059912,,20,1,
2165830,3023276,2130232762059912,,21,1,
2165830,3023278,2130232782059912,,21,1,
2165830,3023280,2130232802059912,,21,1,
2165830,3048403,2130484032059912,,21,1,
2165830,3048404,2130484042059912,,21,1,
2165830,3048405,2130484052059912,,21,1,
2165830,3048406,2130484062059912,,21,1,
2165830,3048407,2130484072059912,,21,1,
2165830,3048408,2130484082059912,,21,1,
2165830,3048409,2130484092059912,,21,1,
2165830,3048410,2130484102059912,,21,1,
2165830,3023276,2230232762059912,,22,1,
2165830,3023278,2230232782059912,,22,1,
2165830,3023280,2230232802059912,,22,1,
2165830,3048403,2230484032059912,,22,1,
2165830,3048404,2230484042059912,,22,1,
2165830,3048405,2230484052059912,,22,1,
2165830,3048406,2230484062059912,,22,1,
2165830,3048407,2230484072059912,,22,1,
2165830,3048408,2230484082059912,,22,1,
2165830,3048409,2230484092059912,,22,1,
2165830,3048410,2230484102059912,,22,1,
2165830,3023276,230232762059912,,2,1,
2165830,3023278,230232782059912,,2,1,
2165830,3023280,230232802059912,,2,1,
2165830,3048403,230484032059912,,2,1,
2165830,3048404,230484042059912,,2,1,
2165830,3048405,230484052059912,,2,1,
2165830,3048406,230484062059912,,2,1,
2165830,3048407,230484072059912,,2,1,
2165830,3048408,230484082059912,,2,1,
2165830,3048409,230484092059912,,2,1,
2165830,3048410,230484102059912,,2,1,
2165830,3023276,2330232762059912,,23,1,
2165830,3023278,2330232782059912,,23,1,
2165830,3023280,2330232802059912,,23,1,
2165830,3048403,2330484032059912,,23,1,
2165830,3048404,2330484042059912,,23,1,
2165830,3048405,2330484052059912,,23,1,
2165830,3048406,2330484062059912,,23,1,
2165830,3048407,2330484072059912,,23,1,
2165830,3048408,2330484082059912,,23,1,
2165830,3048409,2330484092059912,,23,1,
2165830,3048410,2330484102059912,,23,1,
2165830,3023276,2430232762059912,,24,1,
2165830,3023278,2430232782059912,,24,1,
2165830,3023280,2430232802059912,,24,1,
2165830,3048403,2430484032059912,,24,1,
2165830,3048404,2430484042059912,,24,1,
2165830,3048405,2430484052059912,,24,1,
2165830,3048406,2430484062059912,,24,1,
2165830,3048407,2430484072059912,,24,1,
2165830,3048408,2430484082059912,,24,1,
2165830,3048409,2430484092059912,,24,1,
2165830,3048410,2430484102059912,,24,1,
2165830,3023276,2530232762059912,,25,1,
2165830,3023278,2530232782059912,,25,1,
2165830,3023280,2530232802059912,,25,1,
2165830,3048403,2530484032059912,,25,1,
2165830,3048404,2530484042059912,,25,1,
2165830,3048405,2530484052059912,,25,1,
2165830,3048406,2530484062059912,,25,1,
2165830,3048407,2530484072059912,,25,1,
2165830,3048408,2530484082059912,,25,1,
2165830,3048409,2530484092059912,,25,1,
2165830,3048410,2530484102059912,,25,1,
2165830,3023276,2630232762059912,,26,1,
2165830,3023278,2630232782059912,,26,1,
2165830,3023280,2630232802059912,,26,1,
2165830,3048403,2630484032059912,,26,1,
2165830,3048404,2630484042059912,,26,1,
2165830,3048405,2630484052059912,,26,1,
2165830,3048406,2630484062059912,,26,1,
2165830,3048407,2630484072059912,,26,1,
2165830,3048408,2630484082059912,,26,1,
2165830,3048409,2630484092059912,,26,1,
2165830,3048410,2630484102059912,,26,1,
2165830,3023276,2730232762059912,,27,1,
2165830,3023278,2730232782059912,,27,1,
2165830,3023280,2730232802059912,,27,1,
2165830,3048403,2730484032059912,,27,1,
2165830,3048404,2730484042059912,,27,1,
2165830,3048405,2730484052059912,,27,1,
2165830,3048406,2730484062059912,,27,1,
2165830,3048407,2730484072059912,,27,1,
2165830,3048408,2730484082059912,,27,1,
2165830,3048409,2730484092059912,,27,1,
2165830,3048410,2730484102059912,,27,1,
2165830,3023276,2830232762059912,,28,1,
2165830,3023278,2830232782059912,,28,1,
2165830,3023280,2830232802059912,,28,1,
2165830,3048403,2830484032059912,,28,1,
2165830,3048404,2830484042059912,,28,1,
2165830,3048405,2830484052059912,,28,1,
2165830,3048406,2830484062059912,,28,1,
2165830,3048407,2830484072059912,,28,1,
2165830,3048408,2830484082059912,,28,1,
2165830,3048409,2830484092059912,,28,1,
2165830,3048410,2830484102059912,,28,1,
2165830,3023276,2930232762059912,,29,1,
2165830,3023278,2930232782059912,,29,1,
2165830,3023280,2930232802059912,,29,1,
2165830,3048403,2930484032059912,,29,1,
2165830,3048404,2930484042059912,,29,1,
2165830,3048405,2930484052059912,,29,1,
2165830,3048406,2930484062059912,,29,1,
2165830,3048407,2930484072059912,,29,1,
2165830,3048408,2930484082059912,,29,1,
2165830,3048409,2930484092059912,,29,1,
2165830,3048410,2930484102059912,,29,1,
2165830,3023276,3030232762059912,,30,1,
2165830,3023278,3030232782059912,,30,1,
2165830,3023280,3030232802059912,,30,1,
2165830,3048403,3030484032059912,,30,1,
2165830,3048404,3030484042059912,,30,1,
2165830,3048405,3030484052059912,,30,1,
2165830,3048406,3030484062059912,,30,1,
2165830,3048407,3030484072059912,,30,1,
2165830,3048408,3030484082059912,,30,1,
2165830,3048409,3030484092059912,,30,1,
2165830,3048410,3030484102059912,,30,1,
2165830,3023276,3130232762059912,,31,1,
2165830,3023278,3130232782059912,,31,1,
2165830,3023280,3130232802059912,,31,1,
2165830,3048403,3130484032059912,,31,1,
2165830,3048404,3130484042059912,,31,1,
2165830,3048405,3130484052059912,,31,1,
2165830,3048406,3130484062059912,,31,1,
2165830,3048407,3130484072059912,,31,1,
2165830,3048408,3130484082059912,,31,1,
2165830,3048409,3130484092059912,,31,1,
2165830,3048410,3130484102059912,,31,1,
2165830,3023276,3230232762059912,,32,1,
2165830,3023278,3230232782059912,,32,1,
2165830,3023280,3230232802059912,,32,1,
2165830,3048403,3230484032059912,,32,1,
2165830,3048404,3230484042059912,,32,1,
2165830,3048405,3230484052059912,,32,1,
2165830,3048406,3230484062059912,,32,1,
2165830,3048407,3230484072059912,,32,1,
2165830,3048408,3230484082059912,,32,1,
2165830,3048409,3230484092059912,,32,1,
2165830,3048410,3230484102059912,,32,1,
2165830,3023276,330232762059912,,3,1,
2165830,3023278,330232782059912,,3,1,
2165830,3023280,330232802059912,,3,1,
2165830,3048403,330484032059912,,3,1,
2165830,3048404,330484042059912,,3,1,
2165830,3048405,330484052059912,,3,1,
2165830,3048406,330484062059912,,3,1,
2165830,3048407,330484072059912,,3,1,
2165830,3048408,330484082059912,,3,1,
2165830,3048409,330484092059912,,3,1,
2165830,3048410,330484102059912,,3,1,
2165830,3023276,3330232762059912,,33,1,
2165830,3023278,3330232782059912,,33,1,
2165830,3023280,3330232802059912,,33,1,
2165830,3048403,3330484032059912,,33,1,
2165830,3048404,3330484042059912,,33,1,
2165830,3048405,3330484052059912,,33,1,
2165830,3048406,3330484062059912,,33,1,
2165830,3048407,3330484072059912,,33,1,
2165830,3048408,3330484082059912,,33,1,
2165830,3048409,3330484092059912,,33,1,
2165830,3048410,3330484102059912,,33,1,
2165830,3023276,3430232762059912,,34,1,
2165830,3023278,3430232782059912,,34,1,
2165830,3023280,3430232802059912,,34,1,
2165830,3048403,3430484032059912,,34,1,
2165830,3048404,3430484042059912,,34,1,
2165830,3048405,3430484052059912,,34,1,
2165830,3048406,3430484062059912,,34,1,
2165830,3048407,3430484072059912,,34,1,
2165830,3048408,3430484082059912,,34,1,
2165830,3048409,3430484092059912,,34,1,
2165830,3048410,3430484102059912,,34,1,
2165830,3023276,3530232762059912,,35,1,
2165830,3023278,3530232782059912,,35,1,
2165830,3023280,3530232802059912,,35,1,
2165830,3048403,3530484032059912,,35,1,
2165830,3048404,3530484042059912,,35,1,
2165830,3048405,3530484052059912,,35,1,
2165830,3048406,3530484062059912,,35,1,
2165830,3048407,3530484072059912,,35,1,
2165830,3048408,3530484082059912,,35,1,
2165830,3048409,3530484092059912,,35,1,
2165830,3048410,3530484102059912,,35,1,
2165830,3023276,3630232762059912,,36,1,
2165830,3023278,3630232782059912,,36,1,
2165830,3023280,3630232802059912,,36,1,
2165830,3048403,3630484032059912,,36,1,
2165830,3048404,3630484042059912,,36,1,
2165830,3048405,3630484052059912,,36,1,
2165830,3048406,3630484062059912,,36,1,
2165830,3048407,3630484072059912,,36,1,
2165830,3048408,3630484082059912,,36,1,
2165830,3048409,3630484092059912,,36,1,
2165830,3048410,3630484102059912,,36,1,
2165830,3023276,3730232762059912,,37,1,
2165830,3023278,3730232782059912,,37,1,
2165830,3023280,3730232802059912,,37,1,
2165830,3048403,3730484032059912,,37,1,
2165830,3048404,3730484042059912,,37,1,
2165830,3048405,3730484052059912,,37,1,
2165830,3048406,3730484062059912,,37,1,
2165830,3048407,3730484072059912,,37,1,
2165830,3048408,3730484082059912,,37,1,
2165830,3048409,3730484092059912,,37,1,
2165830,3048410,3730484102059912,,37,1,
2165830,3023276,3830232762059912,,38,1,
2165830,3023278,3830232782059912,,38,1,
2165830,3023280,3830232802059912,,38,1,
2165830,3048403,3830484032059912,,38,1,
2165830,3048404,3830484042059912,,38,1,
2165830,3048405,3830484052059912,,38,1,
2165830,3048406,3830484062059912,,38,1,
2165830,3048407,3830484072059912,,38,1,
2165830,3048408,3830484082059912,,38,1,
2165830,3048409,3830484092059912,,38,1,
2165830,3048410,3830484102059912,,38,1,
2165830,3023276,3930232762059912,,39,1,
2165830,3023278,3930232782059912,,39,1,
2165830,3023280,3930232802059912,,39,1,
2165830,3048403,3930484032059912,,39,1,
2165830,3048404,3930484042059912,,39,1,
2165830,3048405,3930484052059912,,39,1,
2165830,3048406,3930484062059912,,39,1,
2165830,3048407,3930484072059912,,39,1,
2165830,3048408,3930484082059912,,39,1,
2165830,3048409,3930484092059912,,39,1,
2165830,3048410,3930484102059912,,39,1,
2165830,3023276,4030232762059912,,40,1,
2165830,3023278,4030232782059912,,40,1,
2165830,3023280,4030232802059912,,40,1,
2165830,3048403,4030484032059912,,40,1,
2165830,3048404,4030484042059912,,40,1,
2165830,3048405,4030484052059912,,40,1,
2165830,3048406,4030484062059912,,40,1,
2165830,3048407,4030484072059912,,40,1,
2165830,3048408,4030484082059912,,40,1,
2165830,3048409,4030484092059912,,40,1,
2165830,3048410,4030484102059912,,40,1,
2165830,3023276,4130232762059912,,41,1,
2165830,3023278,4130232782059912,,41,1,
2165830,3023280,4130232802059912,,41,1,
2165830,3048403,4130484032059912,,41,1,
2165830,3048404,4130484042059912,,41,1,
2165830,3048405,4130484052059912,,41,1,
2165830,3048406,4130484062059912,,41,1,
2165830,3048407,4130484072059912,,41,1,
2165830,3048408,4130484082059912,,41,1,
2165830,3048409,4130484092059912,,41,1,
2165830,3048410,4130484102059912,,41,1,
2165830,3023276,4230232762059912,,42,1,
2165830,3023278,4230232782059912,,42,1,
2165830,3023280,4230232802059912,,42,1,
2165830,3048403,4230484032059912,,42,1,
2165830,3048404,4230484042059912,,42,1,
2165830,3048405,4230484052059912,,42,1,
2165830,3048406,4230484062059912,,42,1,
2165830,3048407,4230484072059912,,42,1,
2165830,3048408,4230484082059912,,42,1,
2165830,3048409,4230484092059912,,42,1,
2165830,3048410,4230484102059912,,42,1,
2165830,3023276,430232762059912,,4,1,
2165830,3023278,430232782059912,,4,1,
2165830,3023280,430232802059912,,4,1,
2165830,3048403,430484032059912,,4,1,
2165830,3048404,430484042059912,,4,1,
2165830,3048405,430484052059912,,4,1,
2165830,3048406,430484062059912,,4,1,
2165830,3048407,430484072059912,,4,1,
2165830,3048408,430484082059912,,4,1,
2165830,3048409,430484092059912,,4,1,
2165830,3048410,430484102059912,,4,1,
2165830,3023276,4330232762059912,,43,1,
2165830,3023278,4330232782059912,,43,1,
2165830,3023280,4330232802059912,,43,1,
2165830,3048403,4330484032059912,,43,1,
2165830,3048404,4330484042059912,,43,1,
2165830,3048405,4330484052059912,,43,1,
2165830,3048406,4330484062059912,,43,1,
2165830,3048407,4330484072059912,,43,1,
2165830,3048408,4330484082059912,,43,1,
2165830,3048409,4330484092059912,,43,1,
2165830,3048410,4330484102059912,,43,1,
2165830,3023276,4430232762059912,,44,1,
2165830,3023278,4430232782059912,,44,1,
2165830,3023280,4430232802059912,,44,1,
2165830,3048403,4430484032059912,,44,1,
2165830,3048404,4430484042059912,,44,1,
2165830,3048405,4430484052059912,,44,1,
2165830,3048406,4430484062059912,,44,1,
2165830,3048407,4430484072059912,,44,1,
2165830,3048408,4430484082059912,,44,1,
2165830,3048409,4430484092059912,,44,1,
2165830,3048410,4430484102059912,,44,1,
2165830,3023276,4530232762059912,,45,1,
2165830,3023278,4530232782059912,,45,1,
2165830,3023280,4530232802059912,,45,1,
2165830,3048403,4530484032059912,,45,1,
2165830,3048404,4530484042059912,,45,1,
2165830,3048405,4530484052059912,,45,1,
2165830,3048406,4530484062059912,,45,1,
2165830,3048407,4530484072059912,,45,1,
2165830,3048408,4530484082059912,,45,1,
2165830,3048409,4530484092059912,,45,1,
2165830,3048410,4530484102059912,,45,1,
2165830,3023276,4630232762059912,,46,1,
2165830,3023278,4630232782059912,,46,1,
2165830,3023280,4630232802059912,,46,1,
2165830,3048403,4630484032059912,,46,1,
2165830,3048404,4630484042059912,,46,1,
2165830,3048405,4630484052059912,,46,1,
2165830,3048406,4630484062059912,,46,1,
2165830,3048407,4630484072059912,,46,1,
2165830,3048408,4630484082059912,,46,1,
2165830,3048409,4630484092059912,,46,1,
2165830,3048410,4630484102059912,,46,1,
2165830,3023276,4730232762059912,,47,1,
2165830,3023278,4730232782059912,,47,1,
2165830,3023280,4730232802059912,,47,1,
2165830,3048403,4730484032059912,,47,1,
2165830,3048404,4730484042059912,,47,1,
2165830,3048405,4730484052059912,,47,1,
2165830,3048406,4730484062059912,,47,1,
2165830,3048407,4730484072059912,,47,1,
2165830,3048408,4730484082059912,,47,1,
2165830,3048409,4730484092059912,,47,1,
2165830,3048410,4730484102059912,,47,1,
2165830,3023276,4830232762059912,,48,1,
2165830,3023278,4830232782059912,,48,1,
2165830,3023280,4830232802059912,,48,1,
2165830,3048403,4830484032059912,,48,1,
2165830,3048404,4830484042059912,,48,1,
2165830,3048405,4830484052059912,,48,1,
2165830,3048406,4830484062059912,,48,1,
2165830,3048407,4830484072059912,,48,1,
2165830,3048408,4830484082059912,,48,1,
2165830,3048409,4830484092059912,,48,1,
2165830,3048410,4830484102059912,,48,1,
2165830,3023276,4930232762059912,,49,1,
2165830,3023278,4930232782059912,,49,1,
2165830,3023280,4930232802059912,,49,1,
2165830,3048403,4930484032059912,,49,1,
2165830,3048404,4930484042059912,,49,1,
2165830,3048405,4930484052059912,,49,1,
2165830,3048406,4930484062059912,,49,1,
2165830,3048407,4930484072059912,,49,1,
2165830,3048408,4930484082059912,,49,1,
2165830,3048409,4930484092059912,,49,1,
2165830,3048410,4930484102059912,,49,1,
2165830,3023276,5030232762059912,,50,1,
2165830,3023278,5030232782059912,,50,1,
2165830,3023280,5030232802059912,,50,1,
2165830,3048403,5030484032059912,,50,1,
2165830,3048404,5030484042059912,,50,1,
2165830,3048405,5030484052059912,,50,1,
2165830,3048406,5030484062059912,,50,1,
2165830,3048407,5030484072059912,,50,1,
2165830,3048408,5030484082059912,,50,1,
2165830,3048409,5030484092059912,,50,1,
2165830,3048410,5030484102059912,,50,1,
2165830,3023276,5130232762059912,,51,1,
2165830,3023278,5130232782059912,,51,1,
2165830,3023280,5130232802059912,,51,1,
2165830,3048403,5130484032059912,,51,1,
2165830,3048404,5130484042059912,,51,1,
2165830,3048405,5130484052059912,,51,1,
2165830,3048406,5130484062059912,,51,1,
2165830,3048407,5130484072059912,,51,1,
2165830,3048408,5130484082059912,,51,1,
2165830,3048409,5130484092059912,,51,1,
2165830,3048410,5130484102059912,,51,1,
2165830,3023276,5230232762059912,,52,1,
2165830,3023278,5230232782059912,,52,1,
2165830,3023280,5230232802059912,,52,1,
2165830,3048403,5230484032059912,,52,1,
2165830,3048404,5230484042059912,,52,1,
2165830,3048405,5230484052059912,,52,1,
2165830,3048406,5230484062059912,,52,1,
2165830,3048407,5230484072059912,,52,1,
2165830,3048408,5230484082059912,,52,1,
2165830,3048409,5230484092059912,,52,1,
2165830,3048410,5230484102059912,,52,1,
2165830,3023276,530232762059912,,5,1,
2165830,3023278,530232782059912,,5,1,
2165830,3023280,530232802059912,,5,1,
2165830,3048403,530484032059912,,5,1,
2165830,3048404,530484042059912,,5,1,
2165830,3048405,530484052059912,,5,1,
2165830,3048406,530484062059912,,5,1,
2165830,3048407,530484072059912,,5,1,
2165830,3048408,530484082059912,,5,1,
2165830,3048409,530484092059912,,5,1,
2165830,3048410,530484102059912,,5,1,
2165830,3023276,5330232762059912,,53,1,
2165830,3023278,5330232782059912,,53,1,
2165830,3023280,5330232802059912,,53,1,
2165830,3048403,5330484032059912,,53,1,
2165830,3048404,5330484042059912,,53,1,
2165830,3048405,5330484052059912,,53,1,
2165830,3048406,5330484062059912,,53,1,
2165830,3048407,5330484072059912,,53,1,
2165830,3048408,5330484082059912,,53,1,
2165830,3048409,5330484092059912,,53,1,
2165830,3048410,5330484102059912,,53,1,
2165830,3023276,5430232762059912,,54,1,
2165830,3023278,5430232782059912,,54,1,
2165830,3023280,5430232802059912,,54,1,
2165830,3048403,5430484032059912,,54,1,
2165830,3048404,5430484042059912,,54,1,
2165830,3048405,5430484052059912,,54,1,
2165830,3048406,5430484062059912,,54,1,
2165830,3048407,5430484072059912,,54,1,
2165830,3048408,5430484082059912,,54,1,
2165830,3048409,5430484092059912,,54,1,
2165830,3048410,5430484102059912,,54,1,
2165830,3023276,5530232762059912,,55,1,
2165830,3023278,5530232782059912,,55,1,
2165830,3023280,5530232802059912,,55,1,
2165830,3048403,5530484032059912,,55,1,
2165830,3048404,5530484042059912,,55,1,
2165830,3048405,5530484052059912,,55,1,
2165830,3048406,5530484062059912,,55,1,
2165830,3048407,5530484072059912,,55,1,
2165830,3048408,5530484082059912,,55,1,
2165830,3048409,5530484092059912,,55,1,
2165830,3048410,5530484102059912,,55,1,
2165830,3023276,5630232762059912,,56,1,
2165830,3023278,5630232782059912,,56,1,
2165830,3023280,5630232802059912,,56,1,
2165830,3048403,5630484032059912,,56,1,
2165830,3048404,5630484042059912,,56,1,
2165830,3048405,5630484052059912,,56,1,
2165830,3048406,5630484062059912,,56,1,
2165830,3048407,5630484072059912,,56,1,
2165830,3048408,5630484082059912,,56,1,
2165830,3048409,5630484092059912,,56,1,
2165830,3048410,5630484102059912,,56,1,
2165830,3023276,5730232762059912,,57,1,
2165830,3023278,5730232782059912,,57,1,
2165830,3023280,5730232802059912,,57,1,
2165830,3048403,5730484032059912,,57,1,
2165830,3048404,5730484042059912,,57,1,
2165830,3048405,5730484052059912,,57,1,
2165830,3048406,5730484062059912,,57,1,
2165830,3048407,5730484072059912,,57,1,
2165830,3048408,5730484082059912,,57,1,
2165830,3048409,5730484092059912,,57,1,
2165830,3048410,5730484102059912,,57,1,
2165830,3023276,5830232762059912,,58,1,
2165830,3023278,5830232782059912,,58,1,
2165830,3023280,5830232802059912,,58,1,
2165830,3048403,5830484032059912,,58,1,
2165830,3048404,5830484042059912,,58,1,
2165830,3048405,5830484052059912,,58,1,
2165830,3048406,5830484062059912,,58,1,
2165830,3048407,5830484072059912,,58,1,
2165830,3048408,5830484082059912,,58,1,
2165830,3048409,5830484092059912,,58,1,
2165830,3048410,5830484102059912,,58,1,
2165830,3023276,5930232762059912,,59,1,
2165830,3023278,5930232782059912,,59,1,
2165830,3023280,5930232802059912,,59,1,
2165830,3048403,5930484032059912,,59,1,
2165830,3048404,5930484042059912,,59,1,
2165830,3048405,5930484052059912,,59,1,
2165830,3048406,5930484062059912,,59,1,
2165830,3048407,5930484072059912,,59,1,
2165830,3048408,5930484082059912,,59,1,
2165830,3048409,5930484092059912,,59,1,
2165830,3048410,5930484102059912,,59,1,
2165830,3023276,6030232762059912,,60,1,
2165830,3023278,6030232782059912,,60,1,
2165830,3023280,6030232802059912,,60,1,
2165830,3048403,6030484032059912,,60,1,
2165830,3048404,6030484042059912,,60,1,
2165830,3048405,6030484052059912,,60,1,
2165830,3048406,6030484062059912,,60,1,
2165830,3048407,6030484072059912,,60,1,
2165830,3048408,6030484082059912,,60,1,
2165830,3048409,6030484092059912,,60,1,
2165830,3048410,6030484102059912,,60,1,
2165830,3023276,6130232762059912,,61,1,
2165830,3023278,6130232782059912,,61,1,
2165830,3023280,6130232802059912,,61,1,
2165830,3048403,6130484032059912,,61,1,
2165830,3048404,6130484042059912,,61,1,
2165830,3048405,6130484052059912,,61,1,
2165830,3048406,6130484062059912,,61,1,
2165830,3048407,6130484072059912,,61,1,
2165830,3048408,6130484082059912,,61,1,
2165830,3048409,6130484092059912,,61,1,
2165830,3048410,6130484102059912,,61,1,
2165830,3023276,6230232762059912,,62,1,
2165830,3023278,6230232782059912,,62,1,
2165830,3023280,6230232802059912,,62,1,
2165830,3048403,6230484032059912,,62,1,
2165830,13048404,6230484042059912,,62,1,
2165830,3048405,6230484052059912,,62,1,
2165830,3048406,6230484062059912,,62,1,
2165830,3048407,6230484072059912,,62,1,
2165830,3048408,6230484082059912,,62,1,
2165830,3048409,6230484092059912,,62,1,
2165830,3048410,6230484102059912,,62,1,
2165830,3023276,630232762059912,,6,1,
2165830,3023278,630232782059912,,6,1,
2165830,3023280,630232802059912,,6,1,
2165830,3048403,630484032059912,,6,1,
2165830,3048404,630484042059912,,6,1,
2165830,3048405,630484052059912,,6,1,
2165830,3048406,630484062059912,,6,1,
2165830,3048407,630484072059912,,6,1,
2165830,3048408,630484082059912,,6,1,
2165830,3048409,630484092059912,,6,1,
2165830,3048410,630484102059912,,6,1,
2165830,3023276,6330232762059912,,63,1,
2165830,3023278,6330232782059912,,63,1,
2165830,3023280,6330232802059912,,63,1,
2165830,3048403,6330484032059912,,63,1,
2165830,13048404,6330484042059912,,63,1,
2165830,3048405,6330484052059912,,63,1,
2165830,3048406,6330484062059912,,63,1,
2165830,3048407,6330484072059912,,63,1,
2165830,3048408,6330484082059912,,63,1,
2165830,3048409,6330484092059912,,63,1,
2165830,3048410,6330484102059912,,63,1,
2165830,3023276,6430232762059912,,64,1,
2165830,3023278,6430232782059912,,64,1,
2165830,3023280,6430232802059912,,64,1,
2165830,13048403,6430484032059912,,64,1,
2165830,3048405,6430484052059912,,64,1,
2165830,3048406,6430484062059912,,64,1,
2165830,3048407,6430484072059912,,64,1,
2165830,3048408,6430484082059912,,64,1,
2165830,3048409,6430484092059912,,64,1,
2165830,3048410,6430484102059912,,64,1,
2165830,3023276,6530232762059912,,65,1,
2165830,3023278,6530232782059912,,65,1,
2165830,3023280,6530232802059912,,65,1,
2165830,13048403,6530484032059912,,65,1,
2165830,3048405,6530484052059912,,65,1,
2165830,3048406,6530484062059912,,65,1,
2165830,3048407,6530484072059912,,65,1,
2165830,3048408,6530484082059912,,65,1,
2165830,3048409,6530484092059912,,65,1,
2165830,3048410,6530484102059912,,65,1,
2165830,3023276,6630232762059912,,66,1,
2165830,3023278,6630232782059912,,66,1,
2165830,3023280,6630232802059912,,66,1,
2165830,3048405,6630484052059912,,66,1,
2165830,3048406,6630484062059912,,66,1,
2165830,3048407,6630484072059912,,66,1,
2165830,3048408,6630484082059912,,66,1,
2165830,3048409,6630484092059912,,66,1,
2165830,3048410,6630484102059912,,66,1,
2165830,3023276,6730232762059912,,67,1,
2165830,3023278,6730232782059912,,67,1,
2165830,3023280,6730232802059912,,67,1,
2165830,3048405,6730484052059912,,67,1,
2165830,3048406,6730484062059912,,67,1,
2165830,3048407,6730484072059912,,67,1,
2165830,3048408,6730484082059912,,67,1,
2165830,3048409,6730484092059912,,67,1,
2165830,3048410,6730484102059912,,67,1,
2165830,3023276,6830232762059912,,68,1,
2165830,3023278,6830232782059912,,68,1,
2165830,3023280,6830232802059912,,68,1,
2165830,3048405,6830484052059912,,68,1,
2165830,3048406,6830484062059912,,68,1,
2165830,3048407,6830484072059912,,68,1,
2165830,3048408,6830484082059912,,68,1,
2165830,3048409,6830484092059912,,68,1,
2165830,3048410,6830484102059912,,68,1,
2165830,3023276,6930232762059912,,69,1,
2165830,3023278,6930232782059912,,69,1,
2165830,3023280,6930232802059912,,69,1,
2165830,3048405,6930484052059912,,69,1,
2165830,3048406,6930484062059912,,69,1,
2165830,3048407,6930484072059912,,69,1,
2165830,3048408,6930484082059912,,69,1,
2165830,3048409,6930484092059912,,69,1,
2165830,3048410,6930484102059912,,69,1,
2165830,3023276,7030232762059912,,70,1,
2165830,3023278,7030232782059912,,70,1,
2165830,3023280,7030232802059912,,70,1,
2165830,3048405,7030484052059912,,70,1,
2165830,3048406,7030484062059912,,70,1,
2165830,3048407,7030484072059912,,70,1,
2165830,3048408,7030484082059912,,70,1,
2165830,3048409,7030484092059912,,70,1,
2165830,3048410,7030484102059912,,70,1,
2165830,3023276,7130232762059912,,71,1,
2165830,3023278,7130232782059912,,71,1,
2165830,3023280,7130232802059912,,71,1,
2165830,3048405,7130484052059912,,71,1,
2165830,3048406,7130484062059912,,71,1,
2165830,3048407,7130484072059912,,71,1,
2165830,3048408,7130484082059912,,71,1,
2165830,3048409,7130484092059912,,71,1,
2165830,3048410,7130484102059912,,71,1,
2165830,3023276,7230232762059912,,72,1,
2165830,3023278,7230232782059912,,72,1,
2165830,3023280,7230232802059912,,72,1,
2165830,3048405,7230484052059912,,72,1,
2165830,3048406,7230484062059912,,72,1,
2165830,3048407,7230484072059912,,72,1,
2165830,3048408,7230484082059912,,72,1,
2165830,3048409,7230484092059912,,72,1,
2165830,3048410,7230484102059912,,72,1,
2165830,3023276,730232762059912,,7,1,
2165830,3023278,730232782059912,,7,1,
2165830,3023280,730232802059912,,7,1,
2165830,3048403,730484032059912,,7,1,
2165830,3048404,730484042059912,,7,1,
2165830,3048405,730484052059912,,7,1,
2165830,3048406,730484062059912,,7,1,
2165830,3048407,730484072059912,,7,1,
2165830,3048408,730484082059912,,7,1,
2165830,3048409,730484092059912,,7,1,
2165830,3048410,730484102059912,,7,1,
2165830,3023276,7330232762059912,,73,1,
2165830,3023278,7330232782059912,,73,1,
2165830,3023280,7330232802059912,,73,1,
2165830,3048405,7330484052059912,,73,1,
2165830,3048406,7330484062059912,,73,1,
2165830,3048407,7330484072059912,,73,1,
2165830,3048408,7330484082059912,,73,1,
2165830,3048409,7330484092059912,,73,1,
2165830,3048410,7330484102059912,,73,1,
2165830,3023276,7430232762059912,,74,1,
2165830,3023278,7430232782059912,,74,1,
2165830,3023280,7430232802059912,,74,1,
2165830,3048405,7430484052059912,,74,1,
2165830,3048406,7430484062059912,,74,1,
2165830,3048407,7430484072059912,,74,1,
2165830,3048408,7430484082059912,,74,1,
2165830,3048409,7430484092059912,,74,1,
2165830,3048410,7430484102059912,,74,1,
2165830,3023276,7530232762059912,,75,1,
2165830,3023278,7530232782059912,,75,1,
2165830,3023280,7530232802059912,,75,1,
2165830,3048405,7530484052059912,,75,1,
2165830,3048406,7530484062059912,,75,1,
2165830,3048407,7530484072059912,,75,1,
2165830,3048408,7530484082059912,,75,1,
2165830,3048409,7530484092059912,,75,1,
2165830,3048410,7530484102059912,,75,1,
2165830,3023276,7630232762059912,,76,1,
2165830,3023278,7630232782059912,,76,1,
2165830,3023280,7630232802059912,,76,1,
2165830,3048405,7630484052059912,,76,1,
2165830,3048406,7630484062059912,,76,1,
2165830,3048407,7630484072059912,,76,1,
2165830,3048408,7630484082059912,,76,1,
2165830,3048409,7630484092059912,,76,1,
2165830,3048410,7630484102059912,,76,1,
2165830,3023276,7730232762059912,,77,1,
2165830,3023278,7730232782059912,,77,1,
2165830,3023280,7730232802059912,,77,1,
2165830,3048405,7730484052059912,,77,1,
2165830,3048406,7730484062059912,,77,1,
2165830,3048407,7730484072059912,,77,1,
2165830,3048408,7730484082059912,,77,1,
2165830,3048409,7730484092059912,,77,1,
2165830,3048410,7730484102059912,,77,1,
2165830,3023276,7830232762059912,,78,1,
2165830,3023278,7830232782059912,,78,1,
2165830,3023280,7830232802059912,,78,1,
2165830,3048405,7830484052059912,,78,1,
2165830,3048406,7830484062059912,,78,1,
2165830,3048407,7830484072059912,,78,1,
2165830,3048408,7830484082059912,,78,1,
2165830,3048409,7830484092059912,,78,1,
2165830,3048410,7830484102059912,,78,1,
2165830,3023276,7930232762059912,,79,1,
2165830,3023278,7930232782059912,,79,1,
2165830,3023280,7930232802059912,,79,1,
2165830,3048405,7930484052059912,,79,1,
2165830,3048406,7930484062059912,,79,1,
2165830,3048407,7930484072059912,,79,1,
2165830,3048408,7930484082059912,,79,1,
2165830,3048409,7930484092059912,,79,1,
2165830,3048410,7930484102059912,,79,1,
2165830,3023276,8030232762059912,,80,1,
2165830,3023278,8030232782059912,,80,1,
2165830,3023280,8030232802059912,,80,1,
2165830,3048405,8030484052059912,,80,1,
2165830,3048406,8030484062059912,,80,1,
2165830,3048407,8030484072059912,,80,1,
2165830,3048408,8030484082059912,,80,1,
2165830,3048409,8030484092059912,,80,1,
2165830,3048410,8030484102059912,,80,1,
2165830,3023276,8130232762059912,,81,1,
2165830,3023278,8130232782059912,,81,1,
2165830,3023280,8130232802059912,,81,1,
2165830,3048405,8130484052059912,,81,1,
2165830,3048406,8130484062059912,,81,1,
2165830,3048407,8130484072059912,,81,1,
2165830,3048408,8130484082059912,,81,1,
2165830,3048409,8130484092059912,,81,1,
2165830,3048410,8130484102059912,,81,1,
2165830,3023276,8230232762059912,,82,1,
2165830,3023278,8230232782059912,,82,1,
2165830,3023280,8230232802059912,,82,1,
2165830,3048405,8230484052059912,,82,1,
2165830,3048406,8230484062059912,,82,1,
2165830,3048407,8230484072059912,,82,1,
2165830,3048408,8230484082059912,,82,1,
2165830,3048409,8230484092059912,,82,1,
2165830,3048410,8230484102059912,,82,1,
2165830,3023276,830232762059912,,8,1,
2165830,3023278,830232782059912,,8,1,
2165830,3023280,830232802059912,,8,1,
2165830,3048403,830484032059912,,8,1,
2165830,3048404,830484042059912,,8,1,
2165830,3048405,830484052059912,,8,1,
2165830,3048406,830484062059912,,8,1,
2165830,3048407,830484072059912,,8,1,
2165830,3048408,830484082059912,,8,1,
2165830,3048409,830484092059912,,8,1,
2165830,3048410,830484102059912,,8,1,
2165830,3023276,8330232762059912,,83,1,
2165830,3023278,8330232782059912,,83,1,
2165830,3023280,8330232802059912,,83,1,
2165830,3048405,8330484052059912,,83,1,
2165830,3048406,8330484062059912,,83,1,
2165830,3048407,8330484072059912,,83,1,
2165830,3048408,8330484082059912,,83,1,
2165830,3048409,8330484092059912,,83,1,
2165830,3048410,8330484102059912,,83,1,
2165830,3023276,8430232762059912,,84,1,
2165830,3023278,8430232782059912,,84,1,
2165830,3023280,8430232802059912,,84,1,
2165830,3048405,8430484052059912,,84,1,
2165830,3048406,8430484062059912,,84,1,
2165830,3048407,8430484072059912,,84,1,
2165830,3048408,8430484082059912,,84,1,
2165830,3048409,8430484092059912,,84,1,
2165830,3048410,8430484102059912,,84,1,
2165830,3023276,8530232762059912,,85,1,
2165830,3023278,8530232782059912,,85,1,
2165830,3023280,8530232802059912,,85,1,
2165830,3048405,8530484052059912,,85,1,
2165830,3048406,8530484062059912,,85,1,
2165830,3048407,8530484072059912,,85,1,
2165830,3048408,8530484082059912,,85,1,
2165830,3048409,8530484092059912,,85,1,
2165830,13048410,8530484102059912,,85,1,
2165830,3023276,8630232762059912,,86,1,
2165830,3023278,8630232782059912,,86,1,
2165830,3023280,8630232802059912,,86,1,
2165830,3048405,8630484052059912,,86,1,
2165830,3048406,8630484062059912,,86,1,
2165830,3048407,8630484072059912,,86,1,
2165830,3048408,8630484082059912,,86,1,
2165830,3048409,8630484092059912,,86,1,
2165830,13048410,8630484102059912,,86,1,
2165830,3023276,8730232762059912,,87,1,
2165830,3023278,8730232782059912,,87,1,
2165830,3023280,8730232802059912,,87,1,
2165830,3048405,8730484052059912,,87,1,
2165830,3048406,8730484062059912,,87,1,
2165830,3048407,8730484072059912,,87,1,
2165830,3048408,8730484082059912,,87,1,
2165830,3048409,8730484092059912,,87,1,
2165830,3023276,8830232762059912,,88,1,
2165830,3023278,8830232782059912,,88,1,
2165830,3023280,8830232802059912,,88,1,
2165830,3048405,8830484052059912,,88,1,
2165830,3048406,8830484062059912,,88,1,
2165830,3048407,8830484072059912,,88,1,
2165830,3048408,8830484082059912,,88,1,
2165830,3048409,8830484092059912,,88,1,
2165830,3023276,8930232762059912,,89,1,
2165830,3023278,8930232782059912,,89,1,
2165830,3023280,8930232802059912,,89,1,
2165830,3048405,8930484052059912,,89,1,
2165830,3048406,8930484062059912,,89,1,
2165830,3048407,8930484072059912,,89,1,
2165830,3048408,8930484082059912,,89,1,
2165830,3048409,8930484092059912,,89,1,
2165830,3023276,9030232762059912,,90,1,
2165830,3023278,9030232782059912,,90,1,
2165830,3023280,9030232802059912,,90,1,
2165830,3048405,9030484052059912,,90,1,
2165830,3048406,9030484062059912,,90,1,
2165830,3048407,9030484072059912,,90,1,
2165830,3048408,9030484082059912,,90,1,
2165830,3048409,9030484092059912,,90,1,
2165830,3023276,9130232762059912,,91,1,
2165830,3023278,9130232782059912,,91,1,
2165830,3023280,9130232802059912,,91,1,
2165830,3048405,9130484052059912,,91,1,
2165830,3048406,9130484062059912,,91,1,
2165830,3048407,9130484072059912,,91,1,
2165830,3048408,9130484082059912,,91,1,
2165830,3048409,9130484092059912,,91,1,
2165830,3023276,9230232762059912,,92,1,
2165830,3023278,9230232782059912,,92,1,
2165830,13023280,9230232802059912,,92,1,
2165830,3048405,9230484052059912,,92,1,
2165830,3048406,9230484062059912,,92,1,
2165830,3048407,9230484072059912,,92,1,
2165830,13048408,9230484082059912,,92,1,
2165830,3048409,9230484092059912,,92,1,
2165830,3023276,930232762059912,,9,1,
2165830,3023278,930232782059912,,9,1,
2165830,3023280,930232802059912,,9,1,
2165830,3048403,930484032059912,,9,1,
2165830,3048404,930484042059912,,9,1,
2165830,3048405,930484052059912,,9,1,
2165830,3048406,930484062059912,,9,1,
2165830,3048407,930484072059912,,9,1,
2165830,3048408,930484082059912,,9,1,
2165830,3048409,930484092059912,,9,1,
2165830,3048410,930484102059912,,9,1,
2165830,3023276,9330232762059912,,93,1,
2165830,3023278,9330232782059912,,93,1,
2165830,13023280,9330232802059912,,93,1,
2165830,3048405,9330484052059912,,93,1,
2165830,13048406,9330484062059912,,93,1,
2165830,3048407,9330484072059912,,93,1,
2165830,13048408,9330484082059912,,93,1,
2165830,3048409,9330484092059912,,93,1,
2165830,3023276,9430232762059912,,94,1,
2165830,3023278,9430232782059912,,94,1,
2165830,3048405,9430484052059912,,94,1,
2165830,13048406,9430484062059912,,94,1,
2165830,3048407,9430484072059912,,94,1,
2165830,13048409,9430484092059912,,94,1,
2165830,3023276,9530232762059912,,95,1,
2165830,3023278,9530232782059912,,95,1,
2165830,3048405,9530484052059912,,95,1,
2165830,3048407,9530484072059912,,95,1,
2165830,13048409,9530484092059912,,95,1,
2165830,13023276,9630232762059912,,96,1,
2165830,13023278,9630232782059912,,96,1,
2165830,3048405,9630484052059912,,96,1,
2165830,3048407,9630484072059912,,96,1,
2165830,13023276,9730232762059912,,97,1,
2165830,13023278,9730232782059912,,97,1,
2165830,3048405,9730484052059912,,97,1,
2165830,3048407,9730484072059912,,97,1,
2165830,3048405,9830484052059912,,98,1,
2165830,13048407,9830484072059912,,98,1,
2165830,3048405,9930484052059912,,99,1,
2165830,13048407,9930484072059912,,99,1,
2165830,3048405,1030484052059915,,10,1,
2165830,3023276,130232762059915,,1,1,
2165830,3023278,130232782059915,,1,1,
2165830,3023280,130232802059915,,1,1,
2165830,3048403,130484032059915,,1,1,
2165830,3048404,130484042059915,,1,1,
2165830,3048405,130484052059915,,1,1,
2165830,3048406,130484062059915,,1,1,
2165830,3048407,130484072059915,,1,1,
2165830,3048408,130484082059915,,1,1,
2165830,3048409,130484092059915,,1,1,
2165830,3048410,130484102059915,,1,1,
2165830,3023276,230232762059915,,2,1,
2165830,3023278,230232782059915,,2,1,
2165830,3023280,230232802059915,,2,1,
2165830,3048403,230484032059915,,2,1,
2165830,3048404,230484042059915,,2,1,
2165830,3048405,230484052059915,,2,1,
2165830,3048406,230484062059915,,2,1,
2165830,3048407,230484072059915,,2,1,
2165830,3048408,230484082059915,,2,1,
2165830,3048409,230484092059915,,2,1,
2165830,3048410,230484102059915,,2,1,
2165830,3023276,330232762059915,,3,1,
2165830,3023278,330232782059915,,3,1,
2165830,3023280,330232802059915,,3,1,
2165830,3048403,330484032059915,,3,1,
2165830,3048404,330484042059915,,3,1,
2165830,3048405,330484052059915,,3,1,
2165830,3048406,330484062059915,,3,1,
2165830,3048407,330484072059915,,3,1,
2165830,3048408,330484082059915,,3,1,
2165830,3048409,330484092059915,,3,1,
2165830,3048410,330484102059915,,3,1,
2165830,3023276,430232762059915,,4,1,
2165830,3023278,430232782059915,,4,1,
2165830,3023280,430232802059915,,4,1,
2165830,3048403,430484032059915,,4,1,
2165830,3048404,430484042059915,,4,1,
2165830,3048405,430484052059915,,4,1,
2165830,3048406,430484062059915,,4,1,
2165830,3048407,430484072059915,,4,1,
2165830,3048408,430484082059915,,4,1,
2165830,3048409,430484092059915,,4,1,
2165830,3048410,430484102059915,,4,1,
2165830,3023276,530232762059915,,5,1,
2165830,3023278,530232782059915,,5,1,
2165830,3023280,530232802059915,,5,1,
2165830,3048403,530484032059915,,5,1,
2165830,3048404,530484042059915,,5,1,
2165830,3048405,530484052059915,,5,1,
2165830,3048406,530484062059915,,5,1,
2165830,3048407,530484072059915,,5,1,
2165830,3048408,530484082059915,,5,1,
2165830,3048409,530484092059915,,5,1,
2165830,3048410,530484102059915,,5,1,
2165830,3023276,630232762059915,,6,1,
2165830,3023278,630232782059915,,6,1,
2165830,3023280,630232802059915,,6,1,
2165830,3048403,630484032059915,,6,1,
2165830,3048404,630484042059915,,6,1,
2165830,3048405,630484052059915,,6,1,
2165830,3048406,630484062059915,,6,1,
2165830,3048407,630484072059915,,6,1,
2165830,3048408,630484082059915,,6,1,
2165830,3048410,630484102059915,,6,1,
2165830,3023276,730232762059915,,7,1,
2165830,3023278,730232782059915,,7,1,
2165830,3023280,730232802059915,,7,1,
2165830,3048403,730484032059915,,7,1,
2165830,3048405,730484052059915,,7,1,
2165830,3048406,730484062059915,,7,1,
2165830,3048407,730484072059915,,7,1,
2165830,3048408,730484082059915,,7,1,
2165830,3048410,730484102059915,,7,1,
2165830,3023276,830232762059915,,8,1,
2165830,3023278,830232782059915,,8,1,
2165830,3023280,830232802059915,,8,1,
2165830,3048405,830484052059915,,8,1,
2165830,3048407,830484072059915,,8,1,
2165830,3048405,930484052059915,,9,1,
2165830,3023278,130232781463796,,1,1,
2165830,3023280,130232801463796,,1,1,
2165830,3048403,130484031463796,,1,1,
2165830,3048404,130484041463796,,1,1,
2165830,3048405,130484051463796,,1,1,
2165830,3048407,130484071463796,,1,1,
2165830,3048410,130484101463796,,1,1,
2165830,3023278,230232781463796,,2,1,
2165830,3048405,230484051463796,,2,1,
2165830,3048407,230484071463796,,2,1,
2165830,3048405,330484051463796,,3,1,
2165830,3048407,330484071463796,,3,1,
2165830,3048405,430484051463796,,4,1,
2165830,3048407,430484071463796,,4,1,
2165830,3048407,530484071463796,,5,1,
2165830,3048407,630484071463796,,6,1,
