route_id,service_id,trip_id,trip_headsign,trip_short_name,direction_id,shape_id
1576313,2975437,1029754371574264,,10,1,
1576313,2975438,1029754381574264,,10,1,
1576313,2975439,1029754391574264,,10,1,
1576313,2975440,1029754401574264,,10,1,
1576313,2975437,1129754371574264,,11,1,
1576313,2975438,1129754381574264,,11,1,
1576313,2975439,1129754391574264,,11,1,
1576313,2975440,1129754401574264,,11,1,
1576313,2975437,1229754371574264,,12,1,
1576313,2975438,1229754381574264,,12,1,
1576313,2975439,1229754391574264,,12,1,
1576313,2975440,1229754401574264,,12,1,
1576313,2975437,129754371574264,,1,1,
1576313,2975438,129754381574264,,1,1,
1576313,2975439,129754391574264,,1,1,
1576313,2975440,129754401574264,,1,1,
1576313,2975437,1329754371574264,,13,1,
1576313,2975438,1329754381574264,,13,1,
1576313,2975439,1329754391574264,,13,1,
1576313,2975440,1329754401574264,,13,1,
1576313,2975437,1429754371574264,,14,1,
1576313,2975438,1429754381574264,,14,1,
1576313,2975439,1429754391574264,,14,1,
1576313,2975440,1429754401574264,,14,1,
1576313,2975437,1529754371574264,,15,1,
1576313,2975438,1529754381574264,,15,1,
1576313,2975439,1529754391574264,,15,1,
1576313,2975440,1529754401574264,,15,1,
1576313,2975437,1629754371574264,,16,1,
1576313,2975438,1629754381574264,,16,1,
1576313,2975439,1629754391574264,,16,1,
1576313,2975440,1629754401574264,,16,1,
1576313,2975437,1729754371574264,,17,1,
1576313,2975438,1729754381574264,,17,1,
1576313,2975439,1729754391574264,,17,1,
1576313,2975440,1729754401574264,,17,1,
1576313,2975437,1829754371574264,,18,1,
1576313,2975438,1829754381574264,,18,1,
1576313,2975439,1829754391574264,,18,1,
1576313,2975440,1829754401574264,,18,1,
1576313,2975437,1929754371574264,,19,1,
1576313,2975439,1929754391574264,,19,1,
1576313,2975440,1929754401574264,,19,1,
1576313,2975437,2029754371574264,,20,1,
1576313,2975439,2029754391574264,,20,1,
1576313,2975440,2029754401574264,,20,1,
1576313,2975439,2129754391574264,,21,1,
1576313,2975440,2129754401574264,,21,1,
1576313,2975439,2229754391574264,,22,1,
1576313,2975440,2229754401574264,,22,1,
1576313,2975437,229754371574264,,2,1,
1576313,2975438,229754381574264,,2,1,
1576313,2975439,229754391574264,,2,1,
1576313,2975440,229754401574264,,2,1,
1576313,2975439,2329754391574264,,23,1,
1576313,2975440,2329754401574264,,23,1,
1576313,2975439,2429754391574264,,24,1,
1576313,2975440,2429754401574264,,24,1,
1576313,2975439,2529754391574264,,25,1,
1576313,2975440,2529754401574264,,25,1,
1576313,2975439,2629754391574264,,26,1,
1576313,2975437,329754371574264,,3,1,
1576313,2975438,329754381574264,,3,1,
1576313,2975439,329754391574264,,3,1,
1576313,2975440,329754401574264,,3,1,
1576313,2975437,429754371574264,,4,1,
1576313,2975438,429754381574264,,4,1,
1576313,2975439,429754391574264,,4,1,
1576313,2975440,429754401574264,,4,1,
1576313,2975437,529754371574264,,5,1,
1576313,2975438,529754381574264,,5,1,
1576313,2975439,529754391574264,,5,1,
1576313,2975440,529754401574264,,5,1,
1576313,2975437,629754371574264,,6,1,
1576313,2975438,629754381574264,,6,1,
1576313,2975439,629754391574264,,6,1,
1576313,2975440,629754401574264,,6,1,
1576313,2975437,729754371574264,,7,1,
1576313,2975438,729754381574264,,7,1,
1576313,2975439,729754391574264,,7,1,
1576313,2975440,729754401574264,,7,1,
1576313,2975437,829754371574264,,8,1,
1576313,2975438,829754381574264,,8,1,
1576313,2975439,829754391574264,,8,1,
1576313,2975440,829754401574264,,8,1,
1576313,2975437,929754371574264,,9,1,
1576313,2975438,929754381574264,,9,1,
1576313,2975439,929754391574264,,9,1,
1576313,2975440,929754401574264,,9,1,
1576313,2975439,129754391574265,,1,1,
1576313,2975440,129754401574265,,1,1,
1576313,2975439,229754391574265,,2,1,
1576313,2975440,229754401574265,,2,1,
1576313,2975439,329754391574265,,3,1,
1576313,2975440,329754401574265,,3,1,
1576313,2975439,429754391574265,,4,1,
1576313,2975440,429754401574265,,4,1,
1576313,2975439,529754391574265,,5,1,
1576313,2975439,629754391574265,,6,1,
1576313,2975439,129754391755118,,1,1,
1576313,2975440,129754401755118,,1,1,
1576314,2975441,129754411574266,,1,1,
1576314,2975442,129754421574266,,1,1,
1576314,2975443,129754431574266,,1,1,
1576314,2975444,129754441574266,,1,1,
1576314,2975445,129754451574266,,1,1,
1576314,2975446,129754461574266,,1,1,
1576314,2975447,129754471574266,,1,1,
1576314,2975442,229754421574266,,2,1,
1576314,2975447,229754471574266,,2,1,
1576314,2975447,329754471574266,,3,1,
1576314,2975441,129754411574267,,1,1,
1576314,2975442,129754421574267,,1,1,
1576314,2975444,129754441574267,,1,1,
1576314,2975446,129754461574267,,1,1,
1576314,2975441,229754411574267,,2,1,
1576314,2975442,229754421574267,,2,1,
1576314,2975442,329754421574267,,3,1,
2166149,2975430,1029754301574258,,10,0,
2166149,2975431,1029754311574258,,10,0,
2166149,2975432,1029754321574258,,10,0,
2166149,2975433,1029754331574258,,10,0,
2166149,2975434,1029754341574258,,10,0,
2166149,2975435,1029754351574258,,10,0,
2166149,2975436,1029754361574258,,10,0,
2166149,2975430,1129754301574258,,11,0,
2166149,2975431,1129754311574258,,11,0,
2166149,2975432,1129754321574258,,11,0,
2166149,2975433,1129754331574258,,11,0,
2166149,2975434,1129754341574258,,11,0,
2166149,2975435,1129754351574258,,11,0,
2166149,2975436,1129754361574258,,11,0,
2166149,2975430,1229754301574258,,12,0,
2166149,2975431,1229754311574258,,12,0,
2166149,2975432,1229754321574258,,12,0,
2166149,2975433,1229754331574258,,12,0,
2166149,2975434,1229754341574258,,12,0,
2166149,2975435,1229754351574258,,12,0,
2166149,2975436,1229754361574258,,12,0,
2166149,2975430,129754301574258,,1,0,
2166149,2975431,129754311574258,,1,0,
2166149,2975432,129754321574258,,1,0,
2166149,2975433,129754331574258,,1,0,
2166149,2975434,129754341574258,,1,0,
2166149,2975435,129754351574258,,1,0,
2166149,2975436,129754361574258,,1,0,
2166149,2975430,1329754301574258,,13,0,
2166149,2975431,1329754311574258,,13,0,
2166149,2975432,1329754321574258,,13,0,
2166149,2975433,1329754331574258,,13,0,
2166149,2975434,1329754341574258,,13,0,
2166149,2975435,1329754351574258,,13,0,
2166149,2975436,1329754361574258,,13,0,
2166149,2975430,1429754301574258,,14,0,
2166149,2975431,1429754311574258,,14,0,
2166149,2975432,1429754321574258,,14,0,
2166149,2975433,1429754331574258,,14,0,
2166149,2975434,1429754341574258,,14,0,
2166149,2975435,1429754351574258,,14,0,
2166149,2975436,1429754361574258,,14,0,
2166149,2975430,1529754301574258,,15,0,
2166149,2975431,1529754311574258,,15,0,
2166149,2975432,1529754321574258,,15,0,
2166149,2975433,1529754331574258,,15,0,
2166149,2975434,1529754341574258,,15,0,
2166149,2975435,1529754351574258,,15,0,
2166149,2975436,1529754361574258,,15,0,
2166149,2975430,1629754301574258,,16,0,
2166149,2975431,1629754311574258,,16,0,
2166149,2975432,1629754321574258,,16,0,
2166149,2975433,1629754331574258,,16,0,
2166149,2975434,1629754341574258,,16,0,
2166149,2975435,1629754351574258,,16,0,
2166149,2975436,1629754361574258,,16,0,
2166149,2975430,1729754301574258,,17,0,
2166149,2975431,1729754311574258,,17,0,
2166149,2975432,1729754321574258,,17,0,
2166149,2975433,1729754331574258,,17,0,
2166149,2975434,1729754341574258,,17,0,
2166149,2975435,1729754351574258,,17,0,
2166149,2975436,1729754361574258,,17,0,
2166149,2975430,1829754301574258,,18,0,
2166149,2975431,1829754311574258,,18,0,
2166149,2975432,1829754321574258,,18,0,
2166149,2975433,1829754331574258,,18,0,
2166149,2975434,1829754341574258,,18,0,
2166149,2975435,1829754351574258,,18,0,
2166149,2975436,1829754361574258,,18,0,
2166149,2975430,1929754301574258,,19,0,
2166149,2975431,1929754311574258,,19,0,
2166149,2975432,1929754321574258,,19,0,
2166149,2975433,1929754331574258,,19,0,
2166149,2975434,1929754341574258,,19,0,
2166149,2975435,1929754351574258,,19,0,
2166149,2975436,1929754361574258,,19,0,
2166149,2975430,2029754301574258,,20,0,
2166149,2975431,2029754311574258,,20,0,
2166149,2975432,2029754321574258,,20,0,
2166149,2975433,2029754331574258,,20,0,
2166149,2975434,2029754341574258,,20,0,
2166149,2975435,2029754351574258,,20,0,
2166149,2975436,2029754361574258,,20,0,
2166149,2975430,2129754301574258,,21,0,
2166149,2975431,2129754311574258,,21,0,
2166149,2975432,2129754321574258,,21,0,
2166149,2975433,2129754331574258,,21,0,
2166149,2975434,2129754341574258,,21,0,
2166149,2975435,2129754351574258,,21,0,
2166149,2975436,2129754361574258,,21,0,
2166149,2975430,2229754301574258,,22,0,
2166149,2975431,2229754311574258,,22,0,
2166149,2975432,2229754321574258,,22,0,
2166149,2975433,2229754331574258,,22,0,
2166149,2975434,2229754341574258,,22,0,
2166149,2975435,2229754351574258,,22,0,
2166149,2975436,2229754361574258,,22,0,
2166149,2975430,229754301574258,,2,0,
2166149,2975431,229754311574258,,2,0,
2166149,2975432,229754321574258,,2,0,
2166149,2975433,229754331574258,,2,0,
2166149,2975434,229754341574258,,2,0,
2166149,2975435,229754351574258,,2,0,
2166149,2975436,229754361574258,,2,0,
2166149,2975430,2329754301574258,,23,0,
2166149,2975431,2329754311574258,,23,0,
2166149,2975432,2329754321574258,,23,0,
2166149,2975433,2329754331574258,,23,0,
2166149,2975434,2329754341574258,,23,0,
2166149,2975435,2329754351574258,,23,0,
2166149,2975436,2329754361574258,,23,0,
2166149,2975430,2429754301574258,,24,0,
2166149,2975431,2429754311574258,,24,0,
2166149,2975432,2429754321574258,,24,0,
2166149,2975433,2429754331574258,,24,0,
2166149,2975434,2429754341574258,,24,0,
2166149,2975435,2429754351574258,,24,0,
2166149,2975436,2429754361574258,,24,0,
2166149,2975430,2529754301574258,,25,0,
2166149,2975431,2529754311574258,,25,0,
2166149,2975432,2529754321574258,,25,0,
2166149,2975433,2529754331574258,,25,0,
2166149,2975434,2529754341574258,,25,0,
2166149,2975435,2529754351574258,,25,0,
2166149,2975436,2529754361574258,,25,0,
2166149,2975430,2629754301574258,,26,0,
2166149,2975431,2629754311574258,,26,0,
2166149,2975432,2629754321574258,,26,0,
2166149,2975433,2629754331574258,,26,0,
2166149,2975434,2629754341574258,,26,0,
2166149,2975435,2629754351574258,,26,0,
2166149,2975436,2629754361574258,,26,0,
2166149,2975430,2729754301574258,,27,0,
2166149,2975431,2729754311574258,,27,0,
2166149,2975432,2729754321574258,,27,0,
2166149,2975433,2729754331574258,,27,0,
2166149,2975434,2729754341574258,,27,0,
2166149,2975435,2729754351574258,,27,0,
2166149,2975436,2729754361574258,,27,0,
2166149,2975430,2829754301574258,,28,0,
2166149,2975431,2829754311574258,,28,0,
2166149,2975432,2829754321574258,,28,0,
2166149,2975433,2829754331574258,,28,0,
2166149,2975434,2829754341574258,,28,0,
2166149,2975435,2829754351574258,,28,0,
2166149,2975436,2829754361574258,,28,0,
2166149,2975430,2929754301574258,,29,0,
2166149,2975431,2929754311574258,,29,0,
2166149,2975432,2929754321574258,,29,0,
2166149,2975433,2929754331574258,,29,0,
2166149,2975434,2929754341574258,,29,0,
2166149,2975435,2929754351574258,,29,0,
2166149,2975436,2929754361574258,,29,0,
2166149,2975430,3029754301574258,,30,0,
2166149,2975431,3029754311574258,,30,0,
2166149,2975432,3029754321574258,,30,0,
2166149,2975433,3029754331574258,,30,0,
2166149,2975434,3029754341574258,,30,0,
2166149,2975435,3029754351574258,,30,0,
2166149,2975436,3029754361574258,,30,0,
2166149,2975431,3129754311574258,,31,0,
2166149,2975432,3129754321574258,,31,0,
2166149,2975433,3129754331574258,,31,0,
2166149,2975434,3129754341574258,,31,0,
2166149,2975435,3129754351574258,,31,0,
2166149,2975436,3129754361574258,,31,0,
2166149,2975431,3229754311574258,,32,0,
2166149,2975432,3229754321574258,,32,0,
2166149,2975433,3229754331574258,,32,0,
2166149,2975434,3229754341574258,,32,0,
2166149,2975435,3229754351574258,,32,0,
2166149,2975436,3229754361574258,,32,0,
2166149,2975430,329754301574258,,3,0,
2166149,2975431,329754311574258,,3,0,
2166149,2975432,329754321574258,,3,0,
2166149,2975433,329754331574258,,3,0,
2166149,2975434,329754341574258,,3,0,
2166149,2975435,329754351574258,,3,0,
2166149,2975436,329754361574258,,3,0,
2166149,2975431,3329754311574258,,33,0,
2166149,2975432,3329754321574258,,33,0,
2166149,2975433,3329754331574258,,33,0,
2166149,2975434,3329754341574258,,33,0,
2166149,2975435,3329754351574258,,33,0,
2166149,2975436,3329754361574258,,33,0,
2166149,2975431,3429754311574258,,34,0,
2166149,2975432,3429754321574258,,34,0,
2166149,2975433,3429754331574258,,34,0,
2166149,2975434,3429754341574258,,34,0,
2166149,2975435,3429754351574258,,34,0,
2166149,2975436,3429754361574258,,34,0,
2166149,2975432,3529754321574258,,35,0,
2166149,2975433,3529754331574258,,35,0,
2166149,2975434,3529754341574258,,35,0,
2166149,2975435,3529754351574258,,35,0,
2166149,2975436,3529754361574258,,35,0,
2166149,2975432,3629754321574258,,36,0,
2166149,2975433,3629754331574258,,36,0,
2166149,2975434,3629754341574258,,36,0,
2166149,2975435,3629754351574258,,36,0,
2166149,2975436,3629754361574258,,36,0,
2166149,2975432,3729754321574258,,37,0,
2166149,2975433,3729754331574258,,37,0,
2166149,2975434,3729754341574258,,37,0,
2166149,2975435,3729754351574258,,37,0,
2166149,2975436,3729754361574258,,37,0,
2166149,2975432,3829754321574258,,38,0,
2166149,2975433,3829754331574258,,38,0,
2166149,2975434,3829754341574258,,38,0,
2166149,2975435,3829754351574258,,38,0,
2166149,2975436,3829754361574258,,38,0,
2166149,2975432,3929754321574258,,39,0,
2166149,2975433,3929754331574258,,39,0,
2166149,2975434,3929754341574258,,39,0,
2166149,2975435,3929754351574258,,39,0,
2166149,2975436,3929754361574258,,39,0,
2166149,2975432,4029754321574258,,40,0,
2166149,2975434,4029754341574258,,40,0,
2166149,2975436,4029754361574258,,40,0,
2166149,2975430,429754301574258,,4,0,
2166149,2975431,429754311574258,,4,0,
2166149,2975432,429754321574258,,4,0,
2166149,2975433,429754331574258,,4,0,
2166149,2975434,429754341574258,,4,0,
2166149,2975435,429754351574258,,4,0,
2166149,2975436,429754361574258,,4,0,
2166149,2975430,529754301574258,,5,0,
2166149,2975431,529754311574258,,5,0,
2166149,2975432,529754321574258,,5,0,
2166149,2975433,529754331574258,,5,0,
2166149,2975434,529754341574258,,5,0,
2166149,2975435,529754351574258,,5,0,
2166149,2975436,529754361574258,,5,0,
2166149,2975430,629754301574258,,6,0,
2166149,2975431,629754311574258,,6,0,
2166149,2975432,629754321574258,,6,0,
2166149,2975433,629754331574258,,6,0,
2166149,2975434,629754341574258,,6,0,
2166149,2975435,629754351574258,,6,0,
2166149,2975436,629754361574258,,6,0,
2166149,2975430,729754301574258,,7,0,
2166149,2975431,729754311574258,,7,0,
2166149,2975432,729754321574258,,7,0,
2166149,2975433,729754331574258,,7,0,
2166149,2975434,729754341574258,,7,0,
2166149,2975435,729754351574258,,7,0,
2166149,2975436,729754361574258,,7,0,
2166149,2975430,829754301574258,,8,0,
2166149,2975431,829754311574258,,8,0,
2166149,2975432,829754321574258,,8,0,
2166149,2975433,829754331574258,,8,0,
2166149,2975434,829754341574258,,8,0,
2166149,2975435,829754351574258,,8,0,
2166149,2975436,829754361574258,,8,0,
2166149,2975430,929754301574258,,9,0,
2166149,2975431,929754311574258,,9,0,
2166149,2975432,929754321574258,,9,0,
2166149,2975433,929754331574258,,9,0,
2166149,2975434,929754341574258,,9,0,
2166149,2975435,929754351574258,,9,0,
2166149,2975436,929754361574258,,9,0,
2166149,2975432,1029754321574259,,10,0,
2166149,2975433,1029754331574259,,10,0,
2166149,2975434,1029754341574259,,10,0,
2166149,2975435,1029754351574259,,10,0,
2166149,2975432,1129754321574259,,11,0,
2166149,2975434,1129754341574259,,11,0,
2166149,2975432,1229754321574259,,12,0,
2166149,2975434,1229754341574259,,12,0,
2166149,2975430,129754301574259,,1,0,
2166149,2975431,129754311574259,,1,0,
2166149,2975432,129754321574259,,1,0,
2166149,2975433,129754331574259,,1,0,
2166149,2975434,129754341574259,,1,0,
2166149,2975435,129754351574259,,1,0,
2166149,2975430,229754301574259,,2,0,
2166149,2975431,229754311574259,,2,0,
2166149,2975432,229754321574259,,2,0,
2166149,2975433,229754331574259,,2,0,
2166149,2975434,229754341574259,,2,0,
2166149,2975435,229754351574259,,2,0,
2166149,2975431,329754311574259,,3,0,
2166149,2975432,329754321574259,,3,0,
2166149,2975433,329754331574259,,3,0,
2166149,2975434,329754341574259,,3,0,
2166149,2975435,329754351574259,,3,0,
2166149,2975432,429754321574259,,4,0,
2166149,2975433,429754331574259,,4,0,
2166149,2975434,429754341574259,,4,0,
2166149,2975435,429754351574259,,4,0,
2166149,2975432,529754321574259,,5,0,
2166149,2975433,529754331574259,,5,0,
2166149,2975434,529754341574259,,5,0,
2166149,2975435,529754351574259,,5,0,
2166149,2975432,629754321574259,,6,0,
2166149,2975433,629754331574259,,6,0,
2166149,2975434,629754341574259,,6,0,
2166149,2975435,629754351574259,,6,0,
2166149,2975432,729754321574259,,7,0,
2166149,2975433,729754331574259,,7,0,
2166149,2975434,729754341574259,,7,0,
2166149,2975435,729754351574259,,7,0,
2166149,2975432,829754321574259,,8,0,
2166149,2975433,829754331574259,,8,0,
2166149,2975434,829754341574259,,8,0,
2166149,2975435,829754351574259,,8,0,
2166149,2975432,929754321574259,,9,0,
2166149,2975433,929754331574259,,9,0,
2166149,2975434,929754341574259,,9,0,
2166149,2975435,929754351574259,,9,0,
2166149,2975430,129754301574254,,1,0,
2166149,2975431,129754311574254,,1,0,
2166149,2975432,129754321574254,,1,0,
2166149,2975433,129754331574254,,1,0,
2166149,2975434,129754341574254,,1,0,
2166149,2975435,129754351574254,,1,0,
2166149,2975430,229754301574254,,2,0,
2166149,2975431,229754311574254,,2,0,
2166149,2975430,329754301574254,,3,0,
2166149,2975431,329754311574254,,3,0,
2166149,2975430,129754301574255,,1,0,
2166149,2975431,129754311574255,,1,0,
2166149,2975432,129754321574255,,1,0,
2166149,2975433,129754331574255,,1,0,
2166149,2975434,129754341574255,,1,0,
2166149,2975435,129754351574255,,1,0,
2166149,2975436,129754361574255,,1,0,
2166149,2975431,229754311574255,,2,0,
2166149,2975432,229754321574255,,2,0,
2166149,2975433,229754331574255,,2,0,
2166149,2975434,229754341574255,,2,0,
2166149,2975435,229754351574255,,2,0,
2166149,2975436,229754361574255,,2,0,
2166149,2975432,329754321574255,,3,0,
2166149,2975433,329754331574255,,3,0,
2166149,2975434,329754341574255,,3,0,
2166149,2975435,329754351574255,,3,0,
2166149,2975436,329754361574255,,3,0,
2166149,2975432,129754321574262,,1,0,
2166149,2975433,129754331574262,,1,0,
2166149,2975434,129754341574262,,1,0,
2166149,2975435,129754351574262,,1,0,
2166149,2975436,129754361574262,,1,0,
2166149,2975432,229754321574262,,2,0,
2166149,2975433,229754331574262,,2,0,
2166149,2975434,229754341574262,,2,0,
2166149,2975435,229754351574262,,2,0,
2166149,2975436,229754361574262,,2,0,
2166149,2975432,129754321574263,,1,0,
2166149,2975433,129754331574263,,1,0,
2166149,2975434,129754341574263,,1,0,
2166149,2975435,129754351574263,,1,0,
2166149,2975436,129754361574263,,1,0,
2166150,2975430,1029754301574256,,10,1,
2166150,2975431,1029754311574256,,10,1,
2166150,2975432,1029754321574256,,10,1,
2166150,2975433,1029754331574256,,10,1,
2166150,2975434,1029754341574256,,10,1,
2166150,2975435,1029754351574256,,10,1,
2166150,2975436,1029754361574256,,10,1,
2166150,2975430,1129754301574256,,11,1,
2166150,2975431,1129754311574256,,11,1,
2166150,2975432,1129754321574256,,11,1,
2166150,2975433,1129754331574256,,11,1,
2166150,2975434,1129754341574256,,11,1,
2166150,2975435,1129754351574256,,11,1,
2166150,2975436,1129754361574256,,11,1,
2166150,2975431,1229754311574256,,12,1,
2166150,2975432,1229754321574256,,12,1,
2166150,2975433,1229754331574256,,12,1,
2166150,2975434,1229754341574256,,12,1,
2166150,2975435,1229754351574256,,12,1,
2166150,2975436,1229754361574256,,12,1,
2166150,2975430,129754301574256,,1,1,
2166150,2975431,129754311574256,,1,1,
2166150,2975432,129754321574256,,1,1,
2166150,2975433,129754331574256,,1,1,
2166150,2975434,129754341574256,,1,1,
2166150,2975435,129754351574256,,1,1,
2166150,2975436,129754361574256,,1,1,
2166150,2975431,1329754311574256,,13,1,
2166150,2975432,1329754321574256,,13,1,
2166150,2975433,1329754331574256,,13,1,
2166150,2975434,1329754341574256,,13,1,
2166150,2975435,1329754351574256,,13,1,
2166150,2975436,1329754361574256,,13,1,
2166150,2975431,1429754311574256,,14,1,
2166150,2975432,1429754321574256,,14,1,
2166150,2975433,1429754331574256,,14,1,
2166150,2975434,1429754341574256,,14,1,
2166150,2975435,1429754351574256,,14,1,
2166150,2975436,1429754361574256,,14,1,
2166150,2975431,1529754311574256,,15,1,
2166150,2975434,1529754341574256,,15,1,
2166150,2975435,1529754351574256,,15,1,
2166150,2975436,1529754361574256,,15,1,
2166150,2975431,1629754311574256,,16,1,
2166150,2975434,1629754341574256,,16,1,
2166150,2975435,1629754351574256,,16,1,
2166150,2975436,1629754361574256,,16,1,
2166150,2975431,1729754311574256,,17,1,
2166150,2975434,1729754341574256,,17,1,
2166150,2975435,1729754351574256,,17,1,
2166150,2975436,1729754361574256,,17,1,
2166150,2975434,1829754341574256,,18,1,
2166150,2975435,1829754351574256,,18,1,
2166150,2975436,1829754361574256,,18,1,
2166150,2975434,1929754341574256,,19,1,
2166150,2975435,1929754351574256,,19,1,
2166150,2975436,1929754361574256,,19,1,
2166150,2975434,2029754341574256,,20,1,
2166150,2975435,2029754351574256,,20,1,
2166150,2975436,2029754361574256,,20,1,
2166150,2975434,2129754341574256,,21,1,
2166150,2975435,2129754351574256,,21,1,
2166150,2975436,2129754361574256,,21,1,
2166150,2975434,2229754341574256,,22,1,
2166150,2975435,2229754351574256,,22,1,
2166150,2975436,2229754361574256,,22,1,
2166150,2975430,229754301574256,,2,1,
2166150,2975431,229754311574256,,2,1,
2166150,2975432,229754321574256,,2,1,
2166150,2975433,229754331574256,,2,1,
2166150,2975434,229754341574256,,2,1,
2166150,2975435,229754351574256,,2,1,
2166150,2975436,229754361574256,,2,1,
2166150,2975434,2329754341574256,,23,1,
2166150,2975435,2329754351574256,,23,1,
2166150,2975436,2329754361574256,,23,1,
2166150,2975434,2429754341574256,,24,1,
2166150,2975435,2429754351574256,,24,1,
2166150,2975436,2429754361574256,,24,1,
2166150,2975434,2529754341574256,,25,1,
2166150,2975435,2529754351574256,,25,1,
2166150,2975436,2529754361574256,,25,1,
2166150,2975434,2629754341574256,,26,1,
2166150,2975435,2629754351574256,,26,1,
2166150,2975436,2629754361574256,,26,1,
2166150,2975434,2729754341574256,,27,1,
2166150,2975435,2729754351574256,,27,1,
2166150,2975436,2729754361574256,,27,1,
2166150,2975434,2829754341574256,,28,1,
2166150,2975435,2829754351574256,,28,1,
2166150,2975436,2829754361574256,,28,1,
2166150,2975434,2929754341574256,,29,1,
2166150,2975435,2929754351574256,,29,1,
2166150,2975436,2929754361574256,,29,1,
2166150,2975434,3029754341574256,,30,1,
2166150,2975435,3029754351574256,,30,1,
2166150,2975436,3029754361574256,,30,1,
2166150,2975434,3129754341574256,,31,1,
2166150,2975435,3129754351574256,,31,1,
2166150,2975436,3129754361574256,,31,1,
2166150,2975434,3229754341574256,,32,1,
2166150,2975435,3229754351574256,,32,1,
2166150,2975436,3229754361574256,,32,1,
2166150,2975430,329754301574256,,3,1,
2166150,2975431,329754311574256,,3,1,
2166150,2975432,329754321574256,,3,1,
2166150,2975433,329754331574256,,3,1,
2166150,2975434,329754341574256,,3,1,
2166150,2975435,329754351574256,,3,1,
2166150,2975436,329754361574256,,3,1,
2166150,2975434,3329754341574256,,33,1,
2166150,2975435,3329754351574256,,33,1,
2166150,2975436,3329754361574256,,33,1,
2166150,2975434,3429754341574256,,34,1,
2166150,2975435,3429754351574256,,34,1,
2166150,2975436,3429754361574256,,34,1,
2166150,2975434,3529754341574256,,35,1,
2166150,2975435,3529754351574256,,35,1,
2166150,2975436,3529754361574256,,35,1,
2166150,2975434,3629754341574256,,36,1,
2166150,2975435,3629754351574256,,36,1,
2166150,2975436,3629754361574256,,36,1,
2166150,2975434,3729754341574256,,37,1,
2166150,2975435,3729754351574256,,37,1,
2166150,2975436,3729754361574256,,37,1,
2166150,2975434,3829754341574256,,38,1,
2166150,2975435,3829754351574256,,38,1,
2166150,2975436,3829754361574256,,38,1,
2166150,2975434,3929754341574256,,39,1,
2166150,2975435,3929754351574256,,39,1,
2166150,2975436,3929754361574256,,39,1,
2166150,2975434,4029754341574256,,40,1,
2166150,2975430,429754301574256,,4,1,
2166150,2975431,429754311574256,,4,1,
2166150,2975432,429754321574256,,4,1,
2166150,2975433,429754331574256,,4,1,
2166150,2975434,429754341574256,,4,1,
2166150,2975435,429754351574256,,4,1,
2166150,2975436,429754361574256,,4,1,
2166150,2975430,529754301574256,,5,1,
2166150,2975431,529754311574256,,5,1,
2166150,2975432,529754321574256,,5,1,
2166150,2975433,529754331574256,,5,1,
2166150,2975434,529754341574256,,5,1,
2166150,2975435,529754351574256,,5,1,
2166150,2975436,529754361574256,,5,1,
2166150,2975430,629754301574256,,6,1,
2166150,2975431,629754311574256,,6,1,
2166150,2975432,629754321574256,,6,1,
2166150,2975433,629754331574256,,6,1,
2166150,2975434,629754341574256,,6,1,
2166150,2975435,629754351574256,,6,1,
2166150,2975436,629754361574256,,6,1,
2166150,2975430,729754301574256,,7,1,
2166150,2975431,729754311574256,,7,1,
2166150,2975432,729754321574256,,7,1,
2166150,2975433,729754331574256,,7,1,
2166150,2975434,729754341574256,,7,1,
2166150,2975435,729754351574256,,7,1,
2166150,2975436,729754361574256,,7,1,
2166150,2975430,829754301574256,,8,1,
2166150,2975431,829754311574256,,8,1,
2166150,2975432,829754321574256,,8,1,
2166150,2975433,829754331574256,,8,1,
2166150,2975434,829754341574256,,8,1,
2166150,2975435,829754351574256,,8,1,
2166150,2975436,829754361574256,,8,1,
2166150,2975430,929754301574256,,9,1,
2166150,2975431,929754311574256,,9,1,
2166150,2975432,929754321574256,,9,1,
2166150,2975433,929754331574256,,9,1,
2166150,2975434,929754341574256,,9,1,
2166150,2975435,929754351574256,,9,1,
2166150,2975436,929754361574256,,9,1,
2166150,2975434,1029754341574261,,10,1,
2166150,2975435,1029754351574261,,10,1,
2166150,2975434,1129754341574261,,11,1,
2166150,2975435,1129754351574261,,11,1,
2166150,2975434,1229754341574261,,12,1,
2166150,2975435,1229754351574261,,12,1,
2166150,2975432,129754321574261,,1,1,
2166150,2975433,129754331574261,,1,1,
2166150,2975434,129754341574261,,1,1,
2166150,2975435,129754351574261,,1,1,
2166150,2975436,129754361574261,,1,1,
2166150,2975434,1329754341574261,,13,1,
2166150,2975434,1429754341574261,,14,1,
2166150,2975434,1529754341574261,,15,1,
2166150,2975432,229754321574261,,2,1,
2166150,2975433,229754331574261,,2,1,
2166150,2975434,229754341574261,,2,1,
2166150,2975435,229754351574261,,2,1,
2166150,2975432,329754321574261,,3,1,
2166150,2975433,329754331574261,,3,1,
2166150,2975434,329754341574261,,3,1,
2166150,2975435,329754351574261,,3,1,
2166150,2975432,429754321574261,,4,1,
2166150,2975433,429754331574261,,4,1,
2166150,2975434,429754341574261,,4,1,
2166150,2975435,429754351574261,,4,1,
2166150,2975432,529754321574261,,5,1,
2166150,2975433,529754331574261,,5,1,
2166150,2975434,529754341574261,,5,1,
2166150,2975435,529754351574261,,5,1,
2166150,2975432,629754321574261,,6,1,
2166150,2975433,629754331574261,,6,1,
2166150,2975434,629754341574261,,6,1,
2166150,2975435,629754351574261,,6,1,
2166150,2975432,729754321574261,,7,1,
2166150,2975433,729754331574261,,7,1,
2166150,2975434,729754341574261,,7,1,
2166150,2975435,729754351574261,,7,1,
2166150,2975432,829754321574261,,8,1,
2166150,2975433,829754331574261,,8,1,
2166150,2975434,829754341574261,,8,1,
2166150,2975435,829754351574261,,8,1,
2166150,2975432,929754321574261,,9,1,
2166150,2975434,929754341574261,,9,1,
2166150,2975435,929754351574261,,9,1,
2166150,2975430,129754301574252,,1,1,
2166150,2975432,129754321574252,,1,1,
2166150,2975434,129754341574252,,1,1,
2166150,2975435,129754351574252,,1,1,
2166150,2975434,229754341574252,,2,1,
2166150,2975430,129754301574253,,1,1,
2166150,2975431,129754311574253,,1,1,
2166150,2975432,129754321574253,,1,1,
2166150,2975433,129754331574253,,1,1,
2166150,2975434,129754341574253,,1,1,
2166150,2975435,129754351574253,,1,1,
2166150,2975436,129754361574253,,1,1,
2166150,2975431,229754311574253,,2,1,
2166150,2975433,229754331574253,,2,1,
2166150,2975435,229754351574253,,2,1,
2166150,2975430,129754301574257,,1,1,
2166150,2975431,129754311574257,,1,1,
2166150,2975432,129754321574257,,1,1,
2166150,2975433,129754331574257,,1,1,
2166150,2975434,129754341574257,,1,1,
2166150,2975435,129754351574257,,1,1,
2166150,2975436,129754361574257,,1,1,
2166150,2975430,229754301574257,,2,1,
2166150,2975431,229754311574257,,2,1,
2166150,2975432,229754321574257,,2,1,
2166150,2975433,229754331574257,,2,1,
2166150,2975434,229754341574257,,2,1,
2166150,2975435,229754351574257,,2,1,
2166150,2975436,229754361574257,,2,1,
2166150,2975431,329754311574257,,3,1,
2166150,2975432,329754321574257,,3,1,
2166150,2975433,329754331574257,,3,1,
2166150,2975434,329754341574257,,3,1,
2166150,2975435,329754351574257,,3,1,
2166150,2975432,429754321574257,,4,1,
2166150,2975433,429754331574257,,4,1,
2166150,2975434,429754341574257,,4,1,
2166150,2975435,429754351574257,,4,1,
2166150,2975432,529754321574257,,5,1,
2166150,2975434,529754341574257,,5,1,
2166150,2975432,129754321574260,,1,1,
2166150,2975433,129754331574260,,1,1,
2166150,2975434,129754341574260,,1,1,
2166150,2975435,129754351574260,,1,1,
