route_id,service_id,trip_id,trip_headsign,trip_short_name,direction_id,shape_id
2165699,3033574,1030335740820912,,10,0,
2165699,3080296,1030802960820912,,10,0,
2165699,3080297,1030802970820912,,10,0,
2165699,3080298,1030802980820912,,10,0,
2165699,3033574,1130335740820912,,11,0,
2165699,3080296,1130802960820912,,11,0,
2165699,3080297,1130802970820912,,11,0,
2165699,3080298,1130802980820912,,11,0,
2165699,3033574,1230335740820912,,12,0,
2165699,3080296,1230802960820912,,12,0,
2165699,3080297,1230802970820912,,12,0,
2165699,3080298,1230802980820912,,12,0,
2165699,3033574,130335740820912,,1,0,
2165699,3080296,130802960820912,,1,0,
2165699,3080297,130802970820912,,1,0,
2165699,3080298,130802980820912,,1,0,
2165699,3033574,1330335740820912,,13,0,
2165699,3080296,1330802960820912,,13,0,
2165699,3080297,1330802970820912,,13,0,
2165699,3080298,1330802980820912,,13,0,
2165699,3033574,1430335740820912,,14,0,
2165699,3080296,1430802960820912,,14,0,
2165699,3080297,1430802970820912,,14,0,
2165699,3080298,1430802980820912,,14,0,
2165699,3033574,1530335740820912,,15,0,
2165699,3080296,1530802960820912,,15,0,
2165699,3080297,1530802970820912,,15,0,
2165699,3080298,1530802980820912,,15,0,
2165699,3033574,1630335740820912,,16,0,
2165699,3080296,1630802960820912,,16,0,
2165699,3080297,1630802970820912,,16,0,
2165699,3080298,1630802980820912,,16,0,
2165699,3033574,1730335740820912,,17,0,
2165699,3080296,1730802960820912,,17,0,
2165699,3080297,1730802970820912,,17,0,
2165699,3080298,1730802980820912,,17,0,
2165699,3033574,1830335740820912,,18,0,
2165699,3080296,1830802960820912,,18,0,
2165699,3080297,1830802970820912,,18,0,
2165699,3080298,1830802980820912,,18,0,
2165699,3033574,1930335740820912,,19,0,
2165699,3080296,1930802960820912,,19,0,
2165699,3080297,1930802970820912,,19,0,
2165699,3080298,1930802980820912,,19,0,
2165699,3033574,2030335740820912,,20,0,
2165699,3080296,2030802960820912,,20,0,
2165699,3080297,2030802970820912,,20,0,
2165699,3080298,2030802980820912,,20,0,
2165699,3033574,2130335740820912,,21,0,
2165699,3080296,2130802960820912,,21,0,
2165699,3080297,2130802970820912,,21,0,
2165699,3080298,2130802980820912,,21,0,
2165699,3033574,2230335740820912,,22,0,
2165699,3080296,2230802960820912,,22,0,
2165699,3080297,2230802970820912,,22,0,
2165699,3080298,2230802980820912,,22,0,
2165699,3033574,230335740820912,,2,0,
2165699,3080296,230802960820912,,2,0,
2165699,3080297,230802970820912,,2,0,
2165699,3080298,230802980820912,,2,0,
2165699,3033574,2330335740820912,,23,0,
2165699,3080296,2330802960820912,,23,0,
2165699,3080297,2330802970820912,,23,0,
2165699,3080298,2330802980820912,,23,0,
2165699,3033574,2430335740820912,,24,0,
2165699,3080296,2430802960820912,,24,0,
2165699,3080297,2430802970820912,,24,0,
2165699,3080298,2430802980820912,,24,0,
2165699,3033574,2530335740820912,,25,0,
2165699,3080296,2530802960820912,,25,0,
2165699,3080297,2530802970820912,,25,0,
2165699,3080298,2530802980820912,,25,0,
2165699,3033574,2630335740820912,,26,0,
2165699,3080296,2630802960820912,,26,0,
2165699,3080297,2630802970820912,,26,0,
2165699,3080298,2630802980820912,,26,0,
2165699,3033574,2730335740820912,,27,0,
2165699,3080296,2730802960820912,,27,0,
2165699,3080297,2730802970820912,,27,0,
2165699,3080298,2730802980820912,,27,0,
2165699,3033574,2830335740820912,,28,0,
2165699,3080296,2830802960820912,,28,0,
2165699,3080297,2830802970820912,,28,0,
2165699,3080298,2830802980820912,,28,0,
2165699,3033574,2930335740820912,,29,0,
2165699,3080296,2930802960820912,,29,0,
2165699,3080297,2930802970820912,,29,0,
2165699,3080298,2930802980820912,,29,0,
2165699,3033574,3030335740820912,,30,0,
2165699,3080296,3030802960820912,,30,0,
2165699,3080297,3030802970820912,,30,0,
2165699,3080298,3030802980820912,,30,0,
2165699,3033574,3130335740820912,,31,0,
2165699,3080296,3130802960820912,,31,0,
2165699,3080297,3130802970820912,,31,0,
2165699,3080298,3130802980820912,,31,0,
2165699,3033574,3230335740820912,,32,0,
2165699,3080296,3230802960820912,,32,0,
2165699,3080297,3230802970820912,,32,0,
2165699,3080298,3230802980820912,,32,0,
2165699,3033574,330335740820912,,3,0,
2165699,3080296,330802960820912,,3,0,
2165699,3080297,330802970820912,,3,0,
2165699,3080298,330802980820912,,3,0,
2165699,3033574,3330335740820912,,33,0,
2165699,3080296,3330802960820912,,33,0,
2165699,3080297,3330802970820912,,33,0,
2165699,3080298,3330802980820912,,33,0,
2165699,3033574,3430335740820912,,34,0,
2165699,3080296,3430802960820912,,34,0,
2165699,3080297,3430802970820912,,34,0,
2165699,3080298,3430802980820912,,34,0,
2165699,3033574,3530335740820912,,35,0,
2165699,3080296,3530802960820912,,35,0,
2165699,3080297,3530802970820912,,35,0,
2165699,3080298,3530802980820912,,35,0,
2165699,3033574,3630335740820912,,36,0,
2165699,3080296,3630802960820912,,36,0,
2165699,3080297,3630802970820912,,36,0,
2165699,3080298,3630802980820912,,36,0,
2165699,3033574,3730335740820912,,37,0,
2165699,3080296,3730802960820912,,37,0,
2165699,3080297,3730802970820912,,37,0,
2165699,3080298,3730802980820912,,37,0,
2165699,3033574,3830335740820912,,38,0,
2165699,3080296,3830802960820912,,38,0,
2165699,3080297,3830802970820912,,38,0,
2165699,3080298,3830802980820912,,38,0,
2165699,3033574,3930335740820912,,39,0,
2165699,3080296,3930802960820912,,39,0,
2165699,3080297,3930802970820912,,39,0,
2165699,3080298,3930802980820912,,39,0,
2165699,3033574,4030335740820912,,40,0,
2165699,3080296,4030802960820912,,40,0,
2165699,3080297,4030802970820912,,40,0,
2165699,3080298,4030802980820912,,40,0,
2165699,3033574,4130335740820912,,41,0,
2165699,3080296,4130802960820912,,41,0,
2165699,3080297,4130802970820912,,41,0,
2165699,3080298,4130802980820912,,41,0,
2165699,3033574,4230335740820912,,42,0,
2165699,3080296,4230802960820912,,42,0,
2165699,3080297,4230802970820912,,42,0,
2165699,3080298,4230802980820912,,42,0,
2165699,3033574,430335740820912,,4,0,
2165699,3080296,430802960820912,,4,0,
2165699,3080297,430802970820912,,4,0,
2165699,3080298,430802980820912,,4,0,
2165699,3033574,4330335740820912,,43,0,
2165699,3080296,4330802960820912,,43,0,
2165699,3080297,4330802970820912,,43,0,
2165699,3080298,4330802980820912,,43,0,
2165699,3033574,4430335740820912,,44,0,
2165699,3080296,4430802960820912,,44,0,
2165699,3080297,4430802970820912,,44,0,
2165699,3080298,4430802980820912,,44,0,
2165699,3033574,4530335740820912,,45,0,
2165699,3080296,4530802960820912,,45,0,
2165699,3080297,4530802970820912,,45,0,
2165699,3080298,4530802980820912,,45,0,
2165699,3033574,4630335740820912,,46,0,
2165699,3080296,4630802960820912,,46,0,
2165699,3080297,4630802970820912,,46,0,
2165699,3080298,4630802980820912,,46,0,
2165699,3033574,4730335740820912,,47,0,
2165699,3080296,4730802960820912,,47,0,
2165699,3080297,4730802970820912,,47,0,
2165699,3080298,4730802980820912,,47,0,
2165699,3033574,4830335740820912,,48,0,
2165699,13080296,4830802960820912,,48,0,
2165699,3080297,4830802970820912,,48,0,
2165699,3080298,4830802980820912,,48,0,
2165699,3033574,4930335740820912,,49,0,
2165699,13080296,4930802960820912,,49,0,
2165699,3080297,4930802970820912,,49,0,
2165699,3080298,4930802980820912,,49,0,
2165699,3033574,5030335740820912,,50,0,
2165699,3080297,5030802970820912,,50,0,
2165699,3080298,5030802980820912,,50,0,
2165699,3033574,5130335740820912,,51,0,
2165699,3080297,5130802970820912,,51,0,
2165699,3080298,5130802980820912,,51,0,
2165699,3033574,5230335740820912,,52,0,
2165699,3080297,5230802970820912,,52,0,
2165699,3080298,5230802980820912,,52,0,
2165699,3033574,530335740820912,,5,0,
2165699,3080296,530802960820912,,5,0,
2165699,3080297,530802970820912,,5,0,
2165699,3080298,530802980820912,,5,0,
2165699,3033574,5330335740820912,,53,0,
2165699,3080297,5330802970820912,,53,0,
2165699,13080298,5330802980820912,,53,0,
2165699,3033574,5430335740820912,,54,0,
2165699,3080297,5430802970820912,,54,0,
2165699,13080298,5430802980820912,,54,0,
2165699,3033574,5530335740820912,,55,0,
2165699,3080297,5530802970820912,,55,0,
2165699,3033574,5630335740820912,,56,0,
2165699,3080297,5630802970820912,,56,0,
2165699,3033574,5730335740820912,,57,0,
2165699,3080297,5730802970820912,,57,0,
2165699,3033574,5830335740820912,,58,0,
2165699,3080297,5830802970820912,,58,0,
2165699,3033574,5930335740820912,,59,0,
2165699,3080297,5930802970820912,,59,0,
2165699,3033574,6030335740820912,,60,0,
2165699,3080297,6030802970820912,,60,0,
2165699,3033574,6130335740820912,,61,0,
2165699,3080297,6130802970820912,,61,0,
2165699,3033574,6230335740820912,,62,0,
2165699,3080297,6230802970820912,,62,0,
2165699,3033574,630335740820912,,6,0,
2165699,3080296,630802960820912,,6,0,
2165699,3080297,630802970820912,,6,0,
2165699,3080298,630802980820912,,6,0,
2165699,3033574,6330335740820912,,63,0,
2165699,3080297,6330802970820912,,63,0,
2165699,3033574,6430335740820912,,64,0,
2165699,3080297,6430802970820912,,64,0,
2165699,3033574,6530335740820912,,65,0,
2165699,3080297,6530802970820912,,65,0,
2165699,3033574,6630335740820912,,66,0,
2165699,3080297,6630802970820912,,66,0,
2165699,3033574,6730335740820912,,67,0,
2165699,3080297,6730802970820912,,67,0,
2165699,3033574,6830335740820912,,68,0,
2165699,3080297,6830802970820912,,68,0,
2165699,3033574,6930335740820912,,69,0,
2165699,3080297,6930802970820912,,69,0,
2165699,3033574,7030335740820912,,70,0,
2165699,3080297,7030802970820912,,70,0,
2165699,3033574,7130335740820912,,71,0,
2165699,3080297,7130802970820912,,71,0,
2165699,3033574,7230335740820912,,72,0,
2165699,3080297,7230802970820912,,72,0,
2165699,3033574,730335740820912,,7,0,
2165699,3080296,730802960820912,,7,0,
2165699,3080297,730802970820912,,7,0,
2165699,3080298,730802980820912,,7,0,
2165699,13033574,7330335740820912,,73,0,
2165699,3080297,7330802970820912,,73,0,
2165699,13033574,7430335740820912,,74,0,
2165699,3080297,7430802970820912,,74,0,
2165699,3080297,7530802970820912,,75,0,
2165699,3080297,7630802970820912,,76,0,
2165699,3080297,7730802970820912,,77,0,
2165699,3080297,7830802970820912,,78,0,
2165699,3080297,7930802970820912,,79,0,
2165699,3080297,8030802970820912,,80,0,
2165699,3080297,8130802970820912,,81,0,
2165699,3080297,8230802970820912,,82,0,
2165699,3033574,830335740820912,,8,0,
2165699,3080296,830802960820912,,8,0,
2165699,3080297,830802970820912,,8,0,
2165699,3080298,830802980820912,,8,0,
2165699,3080297,8330802970820912,,83,0,
2165699,13080297,8430802970820912,,84,0,
2165699,13080297,8530802970820912,,85,0,
2165699,3033574,930335740820912,,9,0,
2165699,3080296,930802960820912,,9,0,
2165699,3080297,930802970820912,,9,0,
2165699,3080298,930802980820912,,9,0,
2165700,3033574,1030335741795277,,10,1,
2165700,3080296,1030802961795277,,10,1,
2165700,3080297,1030802971795277,,10,1,
2165700,3080298,1030802981795277,,10,1,
2165700,3033574,1130335741795277,,11,1,
2165700,3080296,1130802961795277,,11,1,
2165700,3080297,1130802971795277,,11,1,
2165700,3080298,1130802981795277,,11,1,
2165700,3033574,1230335741795277,,12,1,
2165700,3080296,1230802961795277,,12,1,
2165700,3080297,1230802971795277,,12,1,
2165700,3080298,1230802981795277,,12,1,
2165700,3033574,130335741795277,,1,1,
2165700,3080296,130802961795277,,1,1,
2165700,3080297,130802971795277,,1,1,
2165700,3080298,130802981795277,,1,1,
2165700,3033574,1330335741795277,,13,1,
2165700,3080296,1330802961795277,,13,1,
2165700,3080297,1330802971795277,,13,1,
2165700,3080298,1330802981795277,,13,1,
2165700,3033574,1430335741795277,,14,1,
2165700,3080296,1430802961795277,,14,1,
2165700,3080297,1430802971795277,,14,1,
2165700,3080298,1430802981795277,,14,1,
2165700,3033574,1530335741795277,,15,1,
2165700,3080296,1530802961795277,,15,1,
2165700,3080297,1530802971795277,,15,1,
2165700,3080298,1530802981795277,,15,1,
2165700,3033574,1630335741795277,,16,1,
2165700,3080296,1630802961795277,,16,1,
2165700,3080297,1630802971795277,,16,1,
2165700,3080298,1630802981795277,,16,1,
2165700,3033574,1730335741795277,,17,1,
2165700,3080296,1730802961795277,,17,1,
2165700,3080297,1730802971795277,,17,1,
2165700,3080298,1730802981795277,,17,1,
2165700,3033574,1830335741795277,,18,1,
2165700,3080296,1830802961795277,,18,1,
2165700,3080297,1830802971795277,,18,1,
2165700,3080298,1830802981795277,,18,1,
2165700,3033574,1930335741795277,,19,1,
2165700,3080296,1930802961795277,,19,1,
2165700,3080297,1930802971795277,,19,1,
2165700,3080298,1930802981795277,,19,1,
2165700,3033574,2030335741795277,,20,1,
2165700,3080296,2030802961795277,,20,1,
2165700,3080297,2030802971795277,,20,1,
2165700,3080298,2030802981795277,,20,1,
2165700,3033574,2130335741795277,,21,1,
2165700,3080296,2130802961795277,,21,1,
2165700,3080297,2130802971795277,,21,1,
2165700,3080298,2130802981795277,,21,1,
2165700,3033574,2230335741795277,,22,1,
2165700,3080296,2230802961795277,,22,1,
2165700,3080297,2230802971795277,,22,1,
2165700,3080298,2230802981795277,,22,1,
2165700,3033574,230335741795277,,2,1,
2165700,3080296,230802961795277,,2,1,
2165700,3080297,230802971795277,,2,1,
2165700,3080298,230802981795277,,2,1,
2165700,3033574,2330335741795277,,23,1,
2165700,3080296,2330802961795277,,23,1,
2165700,3080297,2330802971795277,,23,1,
2165700,3080298,2330802981795277,,23,1,
2165700,3033574,2430335741795277,,24,1,
2165700,3080296,2430802961795277,,24,1,
2165700,3080297,2430802971795277,,24,1,
2165700,3080298,2430802981795277,,24,1,
2165700,3033574,2530335741795277,,25,1,
2165700,3080296,2530802961795277,,25,1,
2165700,3080297,2530802971795277,,25,1,
2165700,3080298,2530802981795277,,25,1,
2165700,3033574,2630335741795277,,26,1,
2165700,3080296,2630802961795277,,26,1,
2165700,3080297,2630802971795277,,26,1,
2165700,3080298,2630802981795277,,26,1,
2165700,3033574,2730335741795277,,27,1,
2165700,3080296,2730802961795277,,27,1,
2165700,3080297,2730802971795277,,27,1,
2165700,3080298,2730802981795277,,27,1,
2165700,3033574,2830335741795277,,28,1,
2165700,3080296,2830802961795277,,28,1,
2165700,3080297,2830802971795277,,28,1,
2165700,3080298,2830802981795277,,28,1,
2165700,3033574,2930335741795277,,29,1,
2165700,3080296,2930802961795277,,29,1,
2165700,3080297,2930802971795277,,29,1,
2165700,3080298,2930802981795277,,29,1,
2165700,3033574,3030335741795277,,30,1,
2165700,3080296,3030802961795277,,30,1,
2165700,3080297,3030802971795277,,30,1,
2165700,3080298,3030802981795277,,30,1,
2165700,3033574,3130335741795277,,31,1,
2165700,3080296,3130802961795277,,31,1,
2165700,3080297,3130802971795277,,31,1,
2165700,3080298,3130802981795277,,31,1,
2165700,3033574,3230335741795277,,32,1,
2165700,3080296,3230802961795277,,32,1,
2165700,3080297,3230802971795277,,32,1,
2165700,3080298,3230802981795277,,32,1,
2165700,3033574,330335741795277,,3,1,
2165700,3080296,330802961795277,,3,1,
2165700,3080297,330802971795277,,3,1,
2165700,3080298,330802981795277,,3,1,
2165700,3033574,3330335741795277,,33,1,
2165700,3080296,3330802961795277,,33,1,
2165700,3080297,3330802971795277,,33,1,
2165700,3080298,3330802981795277,,33,1,
2165700,3033574,3430335741795277,,34,1,
2165700,3080296,3430802961795277,,34,1,
2165700,3080297,3430802971795277,,34,1,
2165700,3080298,3430802981795277,,34,1,
2165700,3033574,3530335741795277,,35,1,
2165700,3080296,3530802961795277,,35,1,
2165700,3080297,3530802971795277,,35,1,
2165700,3080298,3530802981795277,,35,1,
2165700,3033574,3630335741795277,,36,1,
2165700,3080296,3630802961795277,,36,1,
2165700,3080297,3630802971795277,,36,1,
2165700,3080298,3630802981795277,,36,1,
2165700,3033574,3730335741795277,,37,1,
2165700,3080296,3730802961795277,,37,1,
2165700,3080297,3730802971795277,,37,1,
2165700,3080298,3730802981795277,,37,1,
2165700,3033574,3830335741795277,,38,1,
2165700,3080296,3830802961795277,,38,1,
2165700,3080297,3830802971795277,,38,1,
2165700,3080298,3830802981795277,,38,1,
2165700,3033574,3930335741795277,,39,1,
2165700,3080296,3930802961795277,,39,1,
2165700,3080297,3930802971795277,,39,1,
2165700,3080298,3930802981795277,,39,1,
2165700,3033574,4030335741795277,,40,1,
2165700,3080296,4030802961795277,,40,1,
2165700,3080297,4030802971795277,,40,1,
2165700,3080298,4030802981795277,,40,1,
2165700,3033574,4130335741795277,,41,1,
2165700,3080296,4130802961795277,,41,1,
2165700,3080297,4130802971795277,,41,1,
2165700,3080298,4130802981795277,,41,1,
2165700,3033574,4230335741795277,,42,1,
2165700,3080296,4230802961795277,,42,1,
2165700,3080297,4230802971795277,,42,1,
2165700,3080298,4230802981795277,,42,1,
2165700,3033574,430335741795277,,4,1,
2165700,3080296,430802961795277,,4,1,
2165700,3080297,430802971795277,,4,1,
2165700,3080298,430802981795277,,4,1,
2165700,3033574,4330335741795277,,43,1,
2165700,3080296,4330802961795277,,43,1,
2165700,3080297,4330802971795277,,43,1,
2165700,3080298,4330802981795277,,43,1,
2165700,3033574,4430335741795277,,44,1,
2165700,3080296,4430802961795277,,44,1,
2165700,3080297,4430802971795277,,44,1,
2165700,3080298,4430802981795277,,44,1,
2165700,3033574,4530335741795277,,45,1,
2165700,3080296,4530802961795277,,45,1,
2165700,3080297,4530802971795277,,45,1,
2165700,3080298,4530802981795277,,45,1,
2165700,3033574,4630335741795277,,46,1,
2165700,3080296,4630802961795277,,46,1,
2165700,3080297,4630802971795277,,46,1,
2165700,3080298,4630802981795277,,46,1,
2165700,3033574,4730335741795277,,47,1,
2165700,3080296,4730802961795277,,47,1,
2165700,3080297,4730802971795277,,47,1,
2165700,3080298,4730802981795277,,47,1,
2165700,3033574,4830335741795277,,48,1,
2165700,3080296,4830802961795277,,48,1,
2165700,3080297,4830802971795277,,48,1,
2165700,3080298,4830802981795277,,48,1,
2165700,3033574,4930335741795277,,49,1,
2165700,3080296,4930802961795277,,49,1,
2165700,3080297,4930802971795277,,49,1,
2165700,3080298,4930802981795277,,49,1,
2165700,3033574,5030335741795277,,50,1,
2165700,3080296,5030802961795277,,50,1,
2165700,3080297,5030802971795277,,50,1,
2165700,3080298,5030802981795277,,50,1,
2165700,3033574,5130335741795277,,51,1,
2165700,13080296,5130802961795277,,51,1,
2165700,3080297,5130802971795277,,51,1,
2165700,3080298,5130802981795277,,51,1,
2165700,3033574,5230335741795277,,52,1,
2165700,13080296,5230802961795277,,52,1,
2165700,3080297,5230802971795277,,52,1,
2165700,3080298,5230802981795277,,52,1,
2165700,3033574,530335741795277,,5,1,
2165700,3080296,530802961795277,,5,1,
2165700,3080297,530802971795277,,5,1,
2165700,3080298,530802981795277,,5,1,
2165700,3033574,5330335741795277,,53,1,
2165700,3080297,5330802971795277,,53,1,
2165700,13080298,5330802981795277,,53,1,
2165700,3033574,5430335741795277,,54,1,
2165700,3080297,5430802971795277,,54,1,
2165700,13080298,5430802981795277,,54,1,
2165700,3033574,5530335741795277,,55,1,
2165700,3080297,5530802971795277,,55,1,
2165700,3033574,5630335741795277,,56,1,
2165700,3080297,5630802971795277,,56,1,
2165700,3033574,5730335741795277,,57,1,
2165700,3080297,5730802971795277,,57,1,
2165700,3033574,5830335741795277,,58,1,
2165700,3080297,5830802971795277,,58,1,
2165700,3033574,5930335741795277,,59,1,
2165700,3080297,5930802971795277,,59,1,
2165700,3033574,6030335741795277,,60,1,
2165700,3080297,6030802971795277,,60,1,
2165700,3033574,6130335741795277,,61,1,
2165700,3080297,6130802971795277,,61,1,
2165700,3033574,6230335741795277,,62,1,
2165700,3080297,6230802971795277,,62,1,
2165700,3033574,630335741795277,,6,1,
2165700,3080296,630802961795277,,6,1,
2165700,3080297,630802971795277,,6,1,
2165700,3080298,630802981795277,,6,1,
2165700,3033574,6330335741795277,,63,1,
2165700,3080297,6330802971795277,,63,1,
2165700,3033574,6430335741795277,,64,1,
2165700,3080297,6430802971795277,,64,1,
2165700,3033574,6530335741795277,,65,1,
2165700,3080297,6530802971795277,,65,1,
2165700,3033574,6630335741795277,,66,1,
2165700,3080297,6630802971795277,,66,1,
2165700,3033574,6730335741795277,,67,1,
2165700,3080297,6730802971795277,,67,1,
2165700,3033574,6830335741795277,,68,1,
2165700,3080297,6830802971795277,,68,1,
2165700,3033574,6930335741795277,,69,1,
2165700,3080297,6930802971795277,,69,1,
2165700,3033574,7030335741795277,,70,1,
2165700,3080297,7030802971795277,,70,1,
2165700,3033574,7130335741795277,,71,1,
2165700,3080297,7130802971795277,,71,1,
2165700,3033574,7230335741795277,,72,1,
2165700,3080297,7230802971795277,,72,1,
2165700,3033574,730335741795277,,7,1,
2165700,3080296,730802961795277,,7,1,
2165700,3080297,730802971795277,,7,1,
2165700,3080298,730802981795277,,7,1,
2165700,13033574,7330335741795277,,73,1,
2165700,3080297,7330802971795277,,73,1,
2165700,13033574,7430335741795277,,74,1,
2165700,3080297,7430802971795277,,74,1,
2165700,3080297,7530802971795277,,75,1,
2165700,3080297,7630802971795277,,76,1,
2165700,3080297,7730802971795277,,77,1,
2165700,3080297,7830802971795277,,78,1,
2165700,3080297,7930802971795277,,79,1,
2165700,3080297,8030802971795277,,80,1,
2165700,3080297,8130802971795277,,81,1,
2165700,3080297,8230802971795277,,82,1,
2165700,3033574,830335741795277,,8,1,
2165700,3080296,830802961795277,,8,1,
2165700,3080297,830802971795277,,8,1,
2165700,3080298,830802981795277,,8,1,
2165700,3080297,8330802971795277,,83,1,
2165700,3080297,8430802971795277,,84,1,
2165700,13080297,8530802971795277,,85,1,
2165700,13080297,8630802971795277,,86,1,
2165700,3033574,930335741795277,,9,1,
2165700,3080296,930802961795277,,9,1,
2165700,3080297,930802971795277,,9,1,
2165700,3080298,930802981795277,,9,1,
