route_id,service_id,trip_id,trip_headsign,trip_short_name,direction_id,shape_id
2166117,3015118,1030151181459460,,10,0,
2166117,3015119,1030151191459460,,10,0,
2166117,3015120,1030151201459460,,10,0,
2166117,3015121,1030151211459460,,10,0,
2166117,3015122,1030151221459460,,10,0,
2166117,3015118,1130151181459460,,11,0,
2166117,3015119,1130151191459460,,11,0,
2166117,3015120,1130151201459460,,11,0,
2166117,3015121,1130151211459460,,11,0,
2166117,3015122,1130151221459460,,11,0,
2166117,3015118,1230151181459460,,12,0,
2166117,3015119,1230151191459460,,12,0,
2166117,3015120,1230151201459460,,12,0,
2166117,3015121,1230151211459460,,12,0,
2166117,3015122,1230151221459460,,12,0,
2166117,3015118,130151181459460,,1,0,
2166117,3015119,130151191459460,,1,0,
2166117,3015120,130151201459460,,1,0,
2166117,3015121,130151211459460,,1,0,
2166117,3015122,130151221459460,,1,0,
2166117,3015118,1330151181459460,,13,0,
2166117,3015119,1330151191459460,,13,0,
2166117,3015120,1330151201459460,,13,0,
2166117,3015121,1330151211459460,,13,0,
2166117,3015122,1330151221459460,,13,0,
2166117,3015118,1430151181459460,,14,0,
2166117,3015119,1430151191459460,,14,0,
2166117,3015120,1430151201459460,,14,0,
2166117,3015121,1430151211459460,,14,0,
2166117,3015122,1430151221459460,,14,0,
2166117,3015118,1530151181459460,,15,0,
2166117,3015119,1530151191459460,,15,0,
2166117,3015120,1530151201459460,,15,0,
2166117,3015121,1530151211459460,,15,0,
2166117,3015122,1530151221459460,,15,0,
2166117,3015118,1630151181459460,,16,0,
2166117,3015119,1630151191459460,,16,0,
2166117,3015120,1630151201459460,,16,0,
2166117,3015121,1630151211459460,,16,0,
2166117,3015122,1630151221459460,,16,0,
2166117,3015118,1730151181459460,,17,0,
2166117,3015119,1730151191459460,,17,0,
2166117,3015120,1730151201459460,,17,0,
2166117,3015121,1730151211459460,,17,0,
2166117,3015122,1730151221459460,,17,0,
2166117,3015118,1830151181459460,,18,0,
2166117,3015119,1830151191459460,,18,0,
2166117,3015120,1830151201459460,,18,0,
2166117,3015121,1830151211459460,,18,0,
2166117,3015122,1830151221459460,,18,0,
2166117,3015118,1930151181459460,,19,0,
2166117,3015119,1930151191459460,,19,0,
2166117,3015120,1930151201459460,,19,0,
2166117,3015121,1930151211459460,,19,0,
2166117,3015122,1930151221459460,,19,0,
2166117,3015118,2030151181459460,,20,0,
2166117,3015119,2030151191459460,,20,0,
2166117,3015120,2030151201459460,,20,0,
2166117,3015121,2030151211459460,,20,0,
2166117,3015122,2030151221459460,,20,0,
2166117,3015118,2130151181459460,,21,0,
2166117,3015119,2130151191459460,,21,0,
2166117,3015120,2130151201459460,,21,0,
2166117,3015121,2130151211459460,,21,0,
2166117,3015122,2130151221459460,,21,0,
2166117,3015118,2230151181459460,,22,0,
2166117,3015119,2230151191459460,,22,0,
2166117,3015120,2230151201459460,,22,0,
2166117,3015121,2230151211459460,,22,0,
2166117,3015122,2230151221459460,,22,0,
2166117,3015118,230151181459460,,2,0,
2166117,3015119,230151191459460,,2,0,
2166117,3015120,230151201459460,,2,0,
2166117,3015121,230151211459460,,2,0,
2166117,3015122,230151221459460,,2,0,
2166117,3015118,2330151181459460,,23,0,
2166117,3015119,2330151191459460,,23,0,
2166117,3015120,2330151201459460,,23,0,
2166117,3015121,2330151211459460,,23,0,
2166117,3015122,2330151221459460,,23,0,
2166117,3015118,2430151181459460,,24,0,
2166117,3015119,2430151191459460,,24,0,
2166117,3015120,2430151201459460,,24,0,
2166117,3015121,2430151211459460,,24,0,
2166117,3015122,2430151221459460,,24,0,
2166117,3015118,2530151181459460,,25,0,
2166117,3015119,2530151191459460,,25,0,
2166117,3015120,2530151201459460,,25,0,
2166117,3015121,2530151211459460,,25,0,
2166117,3015122,2530151221459460,,25,0,
2166117,3015118,2630151181459460,,26,0,
2166117,3015119,2630151191459460,,26,0,
2166117,3015120,2630151201459460,,26,0,
2166117,3015121,2630151211459460,,26,0,
2166117,3015122,2630151221459460,,26,0,
2166117,3015118,2730151181459460,,27,0,
2166117,3015119,2730151191459460,,27,0,
2166117,3015120,2730151201459460,,27,0,
2166117,3015121,2730151211459460,,27,0,
2166117,3015122,2730151221459460,,27,0,
2166117,3015118,2830151181459460,,28,0,
2166117,3015119,2830151191459460,,28,0,
2166117,3015120,2830151201459460,,28,0,
2166117,3015121,2830151211459460,,28,0,
2166117,3015122,2830151221459460,,28,0,
2166117,3015118,2930151181459460,,29,0,
2166117,3015119,2930151191459460,,29,0,
2166117,3015120,2930151201459460,,29,0,
2166117,3015121,2930151211459460,,29,0,
2166117,3015122,2930151221459460,,29,0,
2166117,3015118,3030151181459460,,30,0,
2166117,3015119,3030151191459460,,30,0,
2166117,3015120,3030151201459460,,30,0,
2166117,3015121,3030151211459460,,30,0,
2166117,3015122,3030151221459460,,30,0,
2166117,3015118,3130151181459460,,31,0,
2166117,3015119,3130151191459460,,31,0,
2166117,3015120,3130151201459460,,31,0,
2166117,3015121,3130151211459460,,31,0,
2166117,3015122,3130151221459460,,31,0,
2166117,3015118,3230151181459460,,32,0,
2166117,3015119,3230151191459460,,32,0,
2166117,3015120,3230151201459460,,32,0,
2166117,3015121,3230151211459460,,32,0,
2166117,3015122,3230151221459460,,32,0,
2166117,3015118,330151181459460,,3,0,
2166117,3015119,330151191459460,,3,0,
2166117,3015120,330151201459460,,3,0,
2166117,3015121,330151211459460,,3,0,
2166117,3015122,330151221459460,,3,0,
2166117,3015118,3330151181459460,,33,0,
2166117,3015119,3330151191459460,,33,0,
2166117,3015120,3330151201459460,,33,0,
2166117,3015121,3330151211459460,,33,0,
2166117,3015122,3330151221459460,,33,0,
2166117,3015118,3430151181459460,,34,0,
2166117,3015119,3430151191459460,,34,0,
2166117,3015120,3430151201459460,,34,0,
2166117,3015121,3430151211459460,,34,0,
2166117,3015122,3430151221459460,,34,0,
2166117,3015118,3530151181459460,,35,0,
2166117,3015119,3530151191459460,,35,0,
2166117,3015120,3530151201459460,,35,0,
2166117,3015121,3530151211459460,,35,0,
2166117,3015122,3530151221459460,,35,0,
2166117,3015118,3630151181459460,,36,0,
2166117,3015119,3630151191459460,,36,0,
2166117,3015120,3630151201459460,,36,0,
2166117,3015121,3630151211459460,,36,0,
2166117,3015122,3630151221459460,,36,0,
2166117,3015118,3730151181459460,,37,0,
2166117,3015119,3730151191459460,,37,0,
2166117,3015120,3730151201459460,,37,0,
2166117,3015121,3730151211459460,,37,0,
2166117,3015122,3730151221459460,,37,0,
2166117,3015118,3830151181459460,,38,0,
2166117,3015119,3830151191459460,,38,0,
2166117,3015120,3830151201459460,,38,0,
2166117,3015121,3830151211459460,,38,0,
2166117,3015122,3830151221459460,,38,0,
2166117,3015118,3930151181459460,,39,0,
2166117,3015119,3930151191459460,,39,0,
2166117,3015120,3930151201459460,,39,0,
2166117,3015121,3930151211459460,,39,0,
2166117,3015122,3930151221459460,,39,0,
2166117,3015118,4030151181459460,,40,0,
2166117,3015119,4030151191459460,,40,0,
2166117,3015120,4030151201459460,,40,0,
2166117,3015121,4030151211459460,,40,0,
2166117,3015122,4030151221459460,,40,0,
2166117,3015118,4130151181459460,,41,0,
2166117,3015119,4130151191459460,,41,0,
2166117,3015120,4130151201459460,,41,0,
2166117,3015121,4130151211459460,,41,0,
2166117,3015122,4130151221459460,,41,0,
2166117,3015118,4230151181459460,,42,0,
2166117,3015119,4230151191459460,,42,0,
2166117,3015120,4230151201459460,,42,0,
2166117,3015121,4230151211459460,,42,0,
2166117,3015122,4230151221459460,,42,0,
2166117,3015118,430151181459460,,4,0,
2166117,3015119,430151191459460,,4,0,
2166117,3015120,430151201459460,,4,0,
2166117,3015121,430151211459460,,4,0,
2166117,3015122,430151221459460,,4,0,
2166117,3015118,4330151181459460,,43,0,
2166117,3015119,4330151191459460,,43,0,
2166117,3015120,4330151201459460,,43,0,
2166117,3015121,4330151211459460,,43,0,
2166117,3015122,4330151221459460,,43,0,
2166117,3015118,4430151181459460,,44,0,
2166117,3015119,4430151191459460,,44,0,
2166117,3015120,4430151201459460,,44,0,
2166117,3015121,4430151211459460,,44,0,
2166117,3015122,4430151221459460,,44,0,
2166117,3015118,4530151181459460,,45,0,
2166117,3015119,4530151191459460,,45,0,
2166117,3015120,4530151201459460,,45,0,
2166117,3015121,4530151211459460,,45,0,
2166117,3015122,4530151221459460,,45,0,
2166117,3015118,4630151181459460,,46,0,
2166117,3015119,4630151191459460,,46,0,
2166117,3015120,4630151201459460,,46,0,
2166117,13015121,4630151211459460,,46,0,
2166117,3015122,4630151221459460,,46,0,
2166117,3015118,4730151181459460,,47,0,
2166117,3015119,4730151191459460,,47,0,
2166117,3015120,4730151201459460,,47,0,
2166117,13015121,4730151211459460,,47,0,
2166117,3015122,4730151221459460,,47,0,
2166117,3015118,4830151181459460,,48,0,
2166117,3015119,4830151191459460,,48,0,
2166117,3015120,4830151201459460,,48,0,
2166117,3015122,4830151221459460,,48,0,
2166117,3015118,4930151181459460,,49,0,
2166117,3015119,4930151191459460,,49,0,
2166117,3015120,4930151201459460,,49,0,
2166117,13015122,4930151221459460,,49,0,
2166117,3015118,5030151181459460,,50,0,
2166117,3015119,5030151191459460,,50,0,
2166117,3015120,5030151201459460,,50,0,
2166117,13015122,5030151221459460,,50,0,
2166117,13015118,5130151181459460,,51,0,
2166117,3015119,5130151191459460,,51,0,
2166117,3015120,5130151201459460,,51,0,
2166117,3015119,5230151191459460,,52,0,
2166117,3015120,5230151201459460,,52,0,
2166117,3015118,530151181459460,,5,0,
2166117,3015119,530151191459460,,5,0,
2166117,3015120,530151201459460,,5,0,
2166117,3015121,530151211459460,,5,0,
2166117,3015122,530151221459460,,5,0,
2166117,3015119,5330151191459460,,53,0,
2166117,3015120,5330151201459460,,53,0,
2166117,3015119,5430151191459460,,54,0,
2166117,3015120,5430151201459460,,54,0,
2166117,3015119,5530151191459460,,55,0,
2166117,13015120,5530151201459460,,55,0,
2166117,13015119,5630151191459460,,56,0,
2166117,13015120,5630151201459460,,56,0,
2166117,3015118,630151181459460,,6,0,
2166117,3015119,630151191459460,,6,0,
2166117,3015120,630151201459460,,6,0,
2166117,3015121,630151211459460,,6,0,
2166117,3015122,630151221459460,,6,0,
2166117,3015118,730151181459460,,7,0,
2166117,3015119,730151191459460,,7,0,
2166117,3015120,730151201459460,,7,0,
2166117,3015121,730151211459460,,7,0,
2166117,3015122,730151221459460,,7,0,
2166117,3015118,830151181459460,,8,0,
2166117,3015119,830151191459460,,8,0,
2166117,3015120,830151201459460,,8,0,
2166117,3015121,830151211459460,,8,0,
2166117,3015122,830151221459460,,8,0,
2166117,3015118,930151181459460,,9,0,
2166117,3015119,930151191459460,,9,0,
2166117,3015120,930151201459460,,9,0,
2166117,3015121,930151211459460,,9,0,
2166117,3015122,930151221459460,,9,0,
2166117,3015120,1030151201459462,,10,0,
2166117,3015121,1030151211459462,,10,0,
2166117,3015122,1030151221459462,,10,0,
2166117,3015120,1130151201459462,,11,0,
2166117,3015121,1130151211459462,,11,0,
2166117,3015122,1130151221459462,,11,0,
2166117,3015120,1230151201459462,,12,0,
2166117,3015121,1230151211459462,,12,0,
2166117,3015122,1230151221459462,,12,0,
2166117,3015120,130151201459462,,1,0,
2166117,3015121,130151211459462,,1,0,
2166117,3015122,130151221459462,,1,0,
2166117,3015120,1330151201459462,,13,0,
2166117,3015121,1330151211459462,,13,0,
2166117,3015122,1330151221459462,,13,0,
2166117,3015120,1430151201459462,,14,0,
2166117,3015121,1430151211459462,,14,0,
2166117,3015122,1430151221459462,,14,0,
2166117,3015120,1530151201459462,,15,0,
2166117,3015121,1530151211459462,,15,0,
2166117,3015122,1530151221459462,,15,0,
2166117,3015120,1630151201459462,,16,0,
2166117,3015121,1630151211459462,,16,0,
2166117,3015122,1630151221459462,,16,0,
2166117,3015120,1730151201459462,,17,0,
2166117,3015121,1730151211459462,,17,0,
2166117,3015122,1730151221459462,,17,0,
2166117,3015120,1830151201459462,,18,0,
2166117,3015121,1830151211459462,,18,0,
2166117,3015122,1830151221459462,,18,0,
2166117,3015120,1930151201459462,,19,0,
2166117,3015121,1930151211459462,,19,0,
2166117,3015122,1930151221459462,,19,0,
2166117,3015120,2030151201459462,,20,0,
2166117,3015121,2030151211459462,,20,0,
2166117,3015122,2030151221459462,,20,0,
2166117,3015120,2130151201459462,,21,0,
2166117,3015121,2130151211459462,,21,0,
2166117,3015122,2130151221459462,,21,0,
2166117,3015120,2230151201459462,,22,0,
2166117,3015121,2230151211459462,,22,0,
2166117,3015122,2230151221459462,,22,0,
2166117,3015120,230151201459462,,2,0,
2166117,3015121,230151211459462,,2,0,
2166117,3015122,230151221459462,,2,0,
2166117,3015120,2330151201459462,,23,0,
2166117,3015121,2330151211459462,,23,0,
2166117,3015122,2330151221459462,,23,0,
2166117,3015120,2430151201459462,,24,0,
2166117,3015121,2430151211459462,,24,0,
2166117,3015122,2430151221459462,,24,0,
2166117,3015120,2530151201459462,,25,0,
2166117,3015121,2530151211459462,,25,0,
2166117,3015120,2630151201459462,,26,0,
2166117,3015121,2630151211459462,,26,0,
2166117,3015120,2730151201459462,,27,0,
2166117,3015121,2730151211459462,,27,0,
2166117,3015120,2830151201459462,,28,0,
2166117,3015121,2830151211459462,,28,0,
2166117,3015120,2930151201459462,,29,0,
2166117,3015121,2930151211459462,,29,0,
2166117,3015120,3030151201459462,,30,0,
2166117,3015121,3030151211459462,,30,0,
2166117,3015120,3130151201459462,,31,0,
2166117,3015121,3130151211459462,,31,0,
2166117,3015120,3230151201459462,,32,0,
2166117,3015120,330151201459462,,3,0,
2166117,3015121,330151211459462,,3,0,
2166117,3015122,330151221459462,,3,0,
2166117,3015120,3330151201459462,,33,0,
2166117,3015120,3430151201459462,,34,0,
2166117,3015120,3530151201459462,,35,0,
2166117,3015120,3630151201459462,,36,0,
2166117,3015120,430151201459462,,4,0,
2166117,3015121,430151211459462,,4,0,
2166117,3015122,430151221459462,,4,0,
2166117,3015120,530151201459462,,5,0,
2166117,3015121,530151211459462,,5,0,
2166117,3015122,530151221459462,,5,0,
2166117,3015120,630151201459462,,6,0,
2166117,3015121,630151211459462,,6,0,
2166117,3015122,630151221459462,,6,0,
2166117,3015120,730151201459462,,7,0,
2166117,3015121,730151211459462,,7,0,
2166117,3015122,730151221459462,,7,0,
2166117,3015120,830151201459462,,8,0,
2166117,3015121,830151211459462,,8,0,
2166117,3015122,830151221459462,,8,0,
2166117,3015120,930151201459462,,9,0,
2166117,3015121,930151211459462,,9,0,
2166117,3015122,930151221459462,,9,0,
2166117,13015118,130151181459458,,1,0,
2166117,13015119,130151191459458,,1,0,
2166117,3015121,130151211459465,,1,0,
2166117,3015122,130151221459465,,1,0,
2166117,3015122,230151221459465,,2,0,
2166117,3015122,330151221459465,,3,0,
2166117,3015122,430151221459465,,4,0,
2166118,3015118,1030151181459461,,10,1,
2166118,3015119,1030151191459461,,10,1,
2166118,3015120,1030151201459461,,10,1,
2166118,3015121,1030151211459461,,10,1,
2166118,3015122,1030151221459461,,10,1,
2166118,3015118,1130151181459461,,11,1,
2166118,3015119,1130151191459461,,11,1,
2166118,3015120,1130151201459461,,11,1,
2166118,3015121,1130151211459461,,11,1,
2166118,3015122,1130151221459461,,11,1,
2166118,3015118,1230151181459461,,12,1,
2166118,3015119,1230151191459461,,12,1,
2166118,3015120,1230151201459461,,12,1,
2166118,3015121,1230151211459461,,12,1,
2166118,3015122,1230151221459461,,12,1,
2166118,3015118,130151181459461,,1,1,
2166118,3015119,130151191459461,,1,1,
2166118,3015120,130151201459461,,1,1,
2166118,3015121,130151211459461,,1,1,
2166118,3015122,130151221459461,,1,1,
2166118,3015118,1330151181459461,,13,1,
2166118,3015119,1330151191459461,,13,1,
2166118,3015120,1330151201459461,,13,1,
2166118,3015121,1330151211459461,,13,1,
2166118,3015122,1330151221459461,,13,1,
2166118,3015118,1430151181459461,,14,1,
2166118,3015119,1430151191459461,,14,1,
2166118,3015120,1430151201459461,,14,1,
2166118,3015121,1430151211459461,,14,1,
2166118,3015122,1430151221459461,,14,1,
2166118,3015118,1530151181459461,,15,1,
2166118,3015119,1530151191459461,,15,1,
2166118,3015120,1530151201459461,,15,1,
2166118,3015121,1530151211459461,,15,1,
2166118,3015122,1530151221459461,,15,1,
2166118,3015118,1630151181459461,,16,1,
2166118,3015119,1630151191459461,,16,1,
2166118,3015120,1630151201459461,,16,1,
2166118,3015121,1630151211459461,,16,1,
2166118,3015122,1630151221459461,,16,1,
2166118,3015118,1730151181459461,,17,1,
2166118,3015119,1730151191459461,,17,1,
2166118,3015120,1730151201459461,,17,1,
2166118,3015121,1730151211459461,,17,1,
2166118,3015122,1730151221459461,,17,1,
2166118,3015118,1830151181459461,,18,1,
2166118,3015119,1830151191459461,,18,1,
2166118,3015120,1830151201459461,,18,1,
2166118,3015121,1830151211459461,,18,1,
2166118,3015122,1830151221459461,,18,1,
2166118,3015118,1930151181459461,,19,1,
2166118,3015119,1930151191459461,,19,1,
2166118,3015120,1930151201459461,,19,1,
2166118,3015121,1930151211459461,,19,1,
2166118,3015122,1930151221459461,,19,1,
2166118,3015118,2030151181459461,,20,1,
2166118,3015119,2030151191459461,,20,1,
2166118,3015120,2030151201459461,,20,1,
2166118,3015121,2030151211459461,,20,1,
2166118,3015122,2030151221459461,,20,1,
2166118,3015118,2130151181459461,,21,1,
2166118,3015119,2130151191459461,,21,1,
2166118,3015120,2130151201459461,,21,1,
2166118,3015121,2130151211459461,,21,1,
2166118,3015122,2130151221459461,,21,1,
2166118,3015118,2230151181459461,,22,1,
2166118,3015119,2230151191459461,,22,1,
2166118,3015120,2230151201459461,,22,1,
2166118,3015121,2230151211459461,,22,1,
2166118,3015122,2230151221459461,,22,1,
2166118,3015118,230151181459461,,2,1,
2166118,3015119,230151191459461,,2,1,
2166118,3015120,230151201459461,,2,1,
2166118,3015121,230151211459461,,2,1,
2166118,3015122,230151221459461,,2,1,
2166118,3015118,2330151181459461,,23,1,
2166118,3015119,2330151191459461,,23,1,
2166118,3015120,2330151201459461,,23,1,
2166118,3015121,2330151211459461,,23,1,
2166118,3015122,2330151221459461,,23,1,
2166118,3015118,2430151181459461,,24,1,
2166118,3015119,2430151191459461,,24,1,
2166118,3015120,2430151201459461,,24,1,
2166118,3015121,2430151211459461,,24,1,
2166118,3015122,2430151221459461,,24,1,
2166118,3015118,2530151181459461,,25,1,
2166118,3015119,2530151191459461,,25,1,
2166118,3015120,2530151201459461,,25,1,
2166118,3015121,2530151211459461,,25,1,
2166118,3015122,2530151221459461,,25,1,
2166118,3015118,2630151181459461,,26,1,
2166118,3015119,2630151191459461,,26,1,
2166118,3015120,2630151201459461,,26,1,
2166118,3015121,2630151211459461,,26,1,
2166118,3015122,2630151221459461,,26,1,
2166118,3015118,2730151181459461,,27,1,
2166118,3015119,2730151191459461,,27,1,
2166118,3015120,2730151201459461,,27,1,
2166118,3015121,2730151211459461,,27,1,
2166118,3015122,2730151221459461,,27,1,
2166118,3015118,2830151181459461,,28,1,
2166118,3015119,2830151191459461,,28,1,
2166118,3015120,2830151201459461,,28,1,
2166118,3015121,2830151211459461,,28,1,
2166118,3015122,2830151221459461,,28,1,
2166118,3015118,2930151181459461,,29,1,
2166118,3015119,2930151191459461,,29,1,
2166118,3015120,2930151201459461,,29,1,
2166118,3015121,2930151211459461,,29,1,
2166118,3015122,2930151221459461,,29,1,
2166118,3015118,3030151181459461,,30,1,
2166118,3015119,3030151191459461,,30,1,
2166118,3015120,3030151201459461,,30,1,
2166118,3015121,3030151211459461,,30,1,
2166118,3015122,3030151221459461,,30,1,
2166118,3015118,3130151181459461,,31,1,
2166118,3015119,3130151191459461,,31,1,
2166118,3015120,3130151201459461,,31,1,
2166118,3015121,3130151211459461,,31,1,
2166118,3015122,3130151221459461,,31,1,
2166118,3015118,3230151181459461,,32,1,
2166118,3015119,3230151191459461,,32,1,
2166118,3015120,3230151201459461,,32,1,
2166118,3015121,3230151211459461,,32,1,
2166118,3015122,3230151221459461,,32,1,
2166118,3015118,330151181459461,,3,1,
2166118,3015119,330151191459461,,3,1,
2166118,3015120,330151201459461,,3,1,
2166118,3015121,330151211459461,,3,1,
2166118,3015122,330151221459461,,3,1,
2166118,3015118,3330151181459461,,33,1,
2166118,3015119,3330151191459461,,33,1,
2166118,3015120,3330151201459461,,33,1,
2166118,3015121,3330151211459461,,33,1,
2166118,3015122,3330151221459461,,33,1,
2166118,3015118,3430151181459461,,34,1,
2166118,3015119,3430151191459461,,34,1,
2166118,3015120,3430151201459461,,34,1,
2166118,3015121,3430151211459461,,34,1,
2166118,3015122,3430151221459461,,34,1,
2166118,3015118,3530151181459461,,35,1,
2166118,3015119,3530151191459461,,35,1,
2166118,3015120,3530151201459461,,35,1,
2166118,3015121,3530151211459461,,35,1,
2166118,3015122,3530151221459461,,35,1,
2166118,3015118,3630151181459461,,36,1,
2166118,3015119,3630151191459461,,36,1,
2166118,3015120,3630151201459461,,36,1,
2166118,3015121,3630151211459461,,36,1,
2166118,3015122,3630151221459461,,36,1,
2166118,3015118,3730151181459461,,37,1,
2166118,3015119,3730151191459461,,37,1,
2166118,3015120,3730151201459461,,37,1,
2166118,3015121,3730151211459461,,37,1,
2166118,3015122,3730151221459461,,37,1,
2166118,3015118,3830151181459461,,38,1,
2166118,3015119,3830151191459461,,38,1,
2166118,3015120,3830151201459461,,38,1,
2166118,3015121,3830151211459461,,38,1,
2166118,3015122,3830151221459461,,38,1,
2166118,3015118,3930151181459461,,39,1,
2166118,3015119,3930151191459461,,39,1,
2166118,3015120,3930151201459461,,39,1,
2166118,3015121,3930151211459461,,39,1,
2166118,3015122,3930151221459461,,39,1,
2166118,3015118,4030151181459461,,40,1,
2166118,3015119,4030151191459461,,40,1,
2166118,3015120,4030151201459461,,40,1,
2166118,3015121,4030151211459461,,40,1,
2166118,3015122,4030151221459461,,40,1,
2166118,3015118,4130151181459461,,41,1,
2166118,3015119,4130151191459461,,41,1,
2166118,3015120,4130151201459461,,41,1,
2166118,3015121,4130151211459461,,41,1,
2166118,3015122,4130151221459461,,41,1,
2166118,3015118,4230151181459461,,42,1,
2166118,3015119,4230151191459461,,42,1,
2166118,3015120,4230151201459461,,42,1,
2166118,3015121,4230151211459461,,42,1,
2166118,3015122,4230151221459461,,42,1,
2166118,3015118,430151181459461,,4,1,
2166118,3015119,430151191459461,,4,1,
2166118,3015120,430151201459461,,4,1,
2166118,3015121,430151211459461,,4,1,
2166118,3015122,430151221459461,,4,1,
2166118,3015118,4330151181459461,,43,1,
2166118,3015119,4330151191459461,,43,1,
2166118,3015120,4330151201459461,,43,1,
2166118,3015121,4330151211459461,,43,1,
2166118,3015122,4330151221459461,,43,1,
2166118,3015118,4430151181459461,,44,1,
2166118,3015119,4430151191459461,,44,1,
2166118,3015120,4430151201459461,,44,1,
2166118,3015121,4430151211459461,,44,1,
2166118,3015122,4430151221459461,,44,1,
2166118,3015118,4530151181459461,,45,1,
2166118,3015119,4530151191459461,,45,1,
2166118,3015120,4530151201459461,,45,1,
2166118,3015121,4530151211459461,,45,1,
2166118,3015122,4530151221459461,,45,1,
2166118,3015118,4630151181459461,,46,1,
2166118,3015119,4630151191459461,,46,1,
2166118,3015120,4630151201459461,,46,1,
2166118,3015121,4630151211459461,,46,1,
2166118,3015122,4630151221459461,,46,1,
2166118,3015118,4730151181459461,,47,1,
2166118,3015119,4730151191459461,,47,1,
2166118,3015120,4730151201459461,,47,1,
2166118,3015121,4730151211459461,,47,1,
2166118,3015122,4730151221459461,,47,1,
2166118,3015118,4830151181459461,,48,1,
2166118,3015119,4830151191459461,,48,1,
2166118,3015120,4830151201459461,,48,1,
2166118,3015121,4830151211459461,,48,1,
2166118,13015122,4830151221459461,,48,1,
2166118,3015118,4930151181459461,,49,1,
2166118,3015119,4930151191459461,,49,1,
2166118,3015120,4930151201459461,,49,1,
2166118,3015121,4930151211459461,,49,1,
2166118,13015122,4930151221459461,,49,1,
2166118,13015118,5030151181459461,,50,1,
2166118,3015119,5030151191459461,,50,1,
2166118,3015120,5030151201459461,,50,1,
2166118,3015121,5030151211459461,,50,1,
2166118,13015118,5130151181459461,,51,1,
2166118,3015119,5130151191459461,,51,1,
2166118,3015120,5130151201459461,,51,1,
2166118,13015121,5130151211459461,,51,1,
2166118,3015119,5230151191459461,,52,1,
2166118,3015120,5230151201459461,,52,1,
2166118,13015121,5230151211459461,,52,1,
2166118,3015118,530151181459461,,5,1,
2166118,3015119,530151191459461,,5,1,
2166118,3015120,530151201459461,,5,1,
2166118,3015121,530151211459461,,5,1,
2166118,3015122,530151221459461,,5,1,
2166118,3015119,5330151191459461,,53,1,
2166118,3015120,5330151201459461,,53,1,
2166118,3015119,5430151191459461,,54,1,
2166118,3015120,5430151201459461,,54,1,
2166118,3015119,5530151191459461,,55,1,
2166118,13015120,5530151201459461,,55,1,
2166118,3015119,5630151191459461,,56,1,
2166118,13015120,5630151201459461,,56,1,
2166118,13015119,5730151191459461,,57,1,
2166118,13015119,5830151191459461,,58,1,
2166118,3015118,630151181459461,,6,1,
2166118,3015119,630151191459461,,6,1,
2166118,3015120,630151201459461,,6,1,
2166118,3015121,630151211459461,,6,1,
2166118,3015122,630151221459461,,6,1,
2166118,3015118,730151181459461,,7,1,
2166118,3015119,730151191459461,,7,1,
2166118,3015120,730151201459461,,7,1,
2166118,3015121,730151211459461,,7,1,
2166118,3015122,730151221459461,,7,1,
2166118,3015118,830151181459461,,8,1,
2166118,3015119,830151191459461,,8,1,
2166118,3015120,830151201459461,,8,1,
2166118,3015121,830151211459461,,8,1,
2166118,3015122,830151221459461,,8,1,
2166118,3015118,930151181459461,,9,1,
2166118,3015119,930151191459461,,9,1,
2166118,3015120,930151201459461,,9,1,
2166118,3015121,930151211459461,,9,1,
2166118,3015122,930151221459461,,9,1,
2166118,3015120,1030151201459464,,10,1,
2166118,3015121,1030151211459464,,10,1,
2166118,3015122,1030151221459464,,10,1,
2166118,3015120,1130151201459464,,11,1,
2166118,3015121,1130151211459464,,11,1,
2166118,3015122,1130151221459464,,11,1,
2166118,3015120,1230151201459464,,12,1,
2166118,3015121,1230151211459464,,12,1,
2166118,3015122,1230151221459464,,12,1,
2166118,3015120,130151201459464,,1,1,
2166118,3015121,130151211459464,,1,1,
2166118,3015122,130151221459464,,1,1,
2166118,3015120,1330151201459464,,13,1,
2166118,3015121,1330151211459464,,13,1,
2166118,3015122,1330151221459464,,13,1,
2166118,3015120,1430151201459464,,14,1,
2166118,3015121,1430151211459464,,14,1,
2166118,3015122,1430151221459464,,14,1,
2166118,3015120,1530151201459464,,15,1,
2166118,3015121,1530151211459464,,15,1,
2166118,3015122,1530151221459464,,15,1,
2166118,3015120,1630151201459464,,16,1,
2166118,3015121,1630151211459464,,16,1,
2166118,3015122,1630151221459464,,16,1,
2166118,3015120,1730151201459464,,17,1,
2166118,3015121,1730151211459464,,17,1,
2166118,3015122,1730151221459464,,17,1,
2166118,3015120,1830151201459464,,18,1,
2166118,3015121,1830151211459464,,18,1,
2166118,3015122,1830151221459464,,18,1,
2166118,3015120,1930151201459464,,19,1,
2166118,3015121,1930151211459464,,19,1,
2166118,3015122,1930151221459464,,19,1,
2166118,3015120,2030151201459464,,20,1,
2166118,3015121,2030151211459464,,20,1,
2166118,3015122,2030151221459464,,20,1,
2166118,3015120,2130151201459464,,21,1,
2166118,3015121,2130151211459464,,21,1,
2166118,3015122,2130151221459464,,21,1,
2166118,3015120,2230151201459464,,22,1,
2166118,3015121,2230151211459464,,22,1,
2166118,3015122,2230151221459464,,22,1,
2166118,3015120,230151201459464,,2,1,
2166118,3015121,230151211459464,,2,1,
2166118,3015122,230151221459464,,2,1,
2166118,3015120,2330151201459464,,23,1,
2166118,3015121,2330151211459464,,23,1,
2166118,3015122,2330151221459464,,23,1,
2166118,3015120,2430151201459464,,24,1,
2166118,3015121,2430151211459464,,24,1,
2166118,3015122,2430151221459464,,24,1,
2166118,3015120,2530151201459464,,25,1,
2166118,3015121,2530151211459464,,25,1,
2166118,3015122,2530151221459464,,25,1,
2166118,3015120,2630151201459464,,26,1,
2166118,3015121,2630151211459464,,26,1,
2166118,3015122,2630151221459464,,26,1,
2166118,3015120,2730151201459464,,27,1,
2166118,3015121,2730151211459464,,27,1,
2166118,3015120,2830151201459464,,28,1,
2166118,3015121,2830151211459464,,28,1,
2166118,3015120,2930151201459464,,29,1,
2166118,3015120,3030151201459464,,30,1,
2166118,3015120,3130151201459464,,31,1,
2166118,3015120,3230151201459464,,32,1,
2166118,3015120,330151201459464,,3,1,
2166118,3015121,330151211459464,,3,1,
2166118,3015122,330151221459464,,3,1,
2166118,3015120,3330151201459464,,33,1,
2166118,3015120,3430151201459464,,34,1,
2166118,3015120,430151201459464,,4,1,
2166118,3015121,430151211459464,,4,1,
2166118,3015122,430151221459464,,4,1,
2166118,3015120,530151201459464,,5,1,
2166118,3015121,530151211459464,,5,1,
2166118,3015122,530151221459464,,5,1,
2166118,3015120,630151201459464,,6,1,
2166118,3015121,630151211459464,,6,1,
2166118,3015122,630151221459464,,6,1,
2166118,3015120,730151201459464,,7,1,
2166118,3015121,730151211459464,,7,1,
2166118,3015122,730151221459464,,7,1,
2166118,3015120,830151201459464,,8,1,
2166118,3015121,830151211459464,,8,1,
2166118,3015122,830151221459464,,8,1,
2166118,3015120,930151201459464,,9,1,
2166118,3015121,930151211459464,,9,1,
2166118,3015122,930151221459464,,9,1,
2166118,3015118,130151181459459,,1,1,
2166118,3015119,130151191459459,,1,1,
2166118,3015118,230151181459459,,2,1,
2166118,3015119,230151191459459,,2,1,
2166118,13015118,330151181459459,,3,1,
2166118,13015119,330151191459459,,3,1,
2166118,3015120,130151201459463,,1,1,
2166118,3015121,130151211459463,,1,1,
2166118,3015122,130151221459463,,1,1,
2166118,3015120,230151201459463,,2,1,
2166118,3015121,230151211459463,,2,1,
2166118,3015122,230151221459463,,2,1,
2166118,3015120,330151201459463,,3,1,
2166118,3015121,330151211459463,,3,1,
2166118,3015122,330151221459463,,3,1,
2166118,3015120,430151201459463,,4,1,
2166118,3015121,430151211459463,,4,1,
2166118,3015122,430151221459463,,4,1,
2166118,3015121,530151211459463,,5,1,
